,PLAYER_ID,MIN,FG_PCT,FG3_PCT,FTM,FT_PCT,OREB,DREB,REB,AST,TOV,STL,BLK,PF,PTS,PLUS_MINUS,no_games_played
0,2.0,35.2027027027027,0.48947297297297304,0.38027272727272726,2.635135135135135,0.8729655172413794,0.972972972972973,3.108108108108108,4.081081081081081,3.1216216216216215,2.1216216216216215,1.5405405405405406,0.36486486486486486,2.445945945945946,19.56756756756757,,74.0
1,3.0,29.695121951219512,0.46452439024390246,0.0,3.707317073170732,0.7153513513513513,2.926829268292683,3.731707317073171,6.658536585365853,1.8170731707317074,2.451219512195122,1.4878048780487805,0.5853658536585366,4.109756097560975,11.902439024390244,,82.0
2,7.0,25.236842105263158,0.5125000000000001,0.35,4.368421052631579,0.8037042253521127,1.868421052631579,4.7105263157894735,6.578947368421052,1.381578947368421,2.1052631578947367,0.5526315789473685,1.0657894736842106,4.2105263157894735,12.75,,76.0
3,9.0,19.365079365079364,0.48387301587301584,0.4206190476190476,1.0,0.8078823529411764,0.49206349206349204,1.3650793650793651,1.8571428571428572,3.7777777777777777,1.2222222222222223,1.3174603174603174,0.06349206349206349,2.4603174603174605,8.634920634920634,,63.0
4,17.0,39.282051282051285,0.49670512820512813,0.2147547169811321,5.615384615384615,0.7753076923076924,3.7051282051282053,4.17948717948718,7.884615384615385,5.769230769230769,3.2051282051282053,2.730769230769231,0.6923076923076923,3.448717948717949,27.21794871794872,,78.0
5,22.0,24.890243902439025,0.5163048780487806,0.0,2.2439024390243905,0.7096212121212121,2.2560975609756095,3.841463414634146,6.097560975609756,0.8536585365853658,1.5853658536585367,0.45121951219512196,1.8414634146341464,3.7804878048780486,11.658536585365853,,82.0
6,23.0,26.914634146341463,0.5784634146341463,0.2391304347826087,1.1829268292682926,0.6110612244897959,3.9878048780487805,5.426829268292683,9.414634146341463,1.2073170731707317,1.5365853658536586,0.6707317073170732,0.926829268292683,3.5609756097560976,8.963414634146341,,82.0
7,38.0,15.766233766233766,0.4039473684210526,0.125,1.051948051948052,0.7693783783783783,1.0909090909090908,2.2337662337662336,3.324675324675325,0.8571428571428571,1.0,0.38961038961038963,0.7272727272727273,2.090909090909091,6.51948051948052,,77.0
8,47.0,30.810126582278482,0.507772151898734,0.0,4.012658227848101,0.7715263157894738,2.367088607594937,5.341772151898734,7.708860759493671,1.620253164556962,2.1772151898734178,0.6962025316455697,0.6582278481012658,3.607594936708861,17.481012658227847,,79.0
9,52.0,7.18,0.38521621621621616,0.09528571428571429,0.62,0.6491052631578947,0.18,0.36,0.54,1.4,0.84,0.26,0.06,0.88,2.54,,50.0
10,64.0,36.666666666666664,0.4739358974358974,0.16048148148148147,3.5128205128205128,0.8319726027397261,3.0128205128205128,5.8076923076923075,8.820512820512821,1.6282051282051282,1.8076923076923077,0.9743589743589743,1.1794871794871795,2.871794871794872,15.012820512820513,,78.0
11,70.0,6.038461538461538,0.45238888888888895,0.5700000000000001,0.23076923076923078,0.6,0.11538461538461539,0.5384615384615384,0.6538461538461539,0.9230769230769231,0.23076923076923078,0.2692307692307692,0.0,0.46153846153846156,2.076923076923077,,26.0
12,73.0,25.914634146341463,0.5047777777777778,0.25,2.8658536585365852,0.7406250000000001,2.1097560975609757,3.707317073170732,5.817073170731708,1.3170731707317074,1.2439024390243902,0.9390243902439024,1.6341463414634145,2.292682926829268,11.560975609756097,,82.0
13,78.0,30.644736842105264,0.4855526315789473,0.0,2.986842105263158,0.8086615384615384,2.9473684210526314,6.5,9.447368421052632,1.0657894736842106,2.3552631578947367,1.0394736842105263,1.236842105263158,3.75,13.93421052631579,,76.0
14,80.0,37.75,0.4928875,0.1770625,2.125,0.6267164179104476,3.0625,5.275,8.3375,3.45,2.575,1.325,0.825,2.7875,18.125,,80.0
15,81.0,18.181818181818183,0.35036363636363643,0.0,1.5454545454545454,0.8565,1.2727272727272727,1.9090909090909092,3.1818181818181817,2.0,1.7272727272727273,0.9090909090909091,0.09090909090909091,1.3636363636363635,7.363636363636363,,11.0
16,82.0,16.523076923076925,0.41568333333333324,0.125,0.9384615384615385,0.73175,1.2615384615384615,3.1384615384615384,4.4,0.7076923076923077,0.8307692307692308,0.24615384615384617,0.5384615384615384,3.246153846153846,4.615384615384615,,65.0
17,95.0,14.339285714285714,0.47578000000000004,,0.7142857142857143,0.5589285714285714,1.1607142857142858,2.0357142857142856,3.1964285714285716,0.5892857142857143,0.7321428571428571,0.35714285714285715,0.125,2.5714285714285716,5.0,,56.0
18,96.0,26.81159420289855,0.4641594202898551,0.2,3.9565217391304346,0.7596333333333333,1.826086956521739,3.898550724637681,5.72463768115942,2.5942028985507246,1.9275362318840579,0.7681159420289855,0.2753623188405797,3.1884057971014492,12.0,,69.0
19,97.0,7.458333333333333,0.3683541666666666,0.0,0.8194444444444444,0.717925925925926,0.6527777777777778,0.625,1.2777777777777777,0.5833333333333334,0.5,0.25,0.041666666666666664,0.9861111111111112,2.4583333333333335,,72.0
20,101.0,19.6375,0.4308552631578948,0.27,1.625,0.9243000000000001,0.2625,1.6,1.8625,4.875,2.2125,0.8,0.025,1.8875,6.825,,80.0
21,104.0,32.721518987341774,0.5441265822784808,0.0,4.012658227848101,0.7237199999999998,2.0759493670886076,6.734177215189874,8.810126582278482,1.9746835443037976,3.0,0.7215189873417721,2.7974683544303796,2.7974683544303796,16.443037974683545,,79.0
22,105.0,25.074074074074073,0.4323148148148148,0.303952380952381,1.4444444444444444,0.6102564102564104,1.1481481481481481,2.7222222222222223,3.8703703703703702,2.4074074074074074,0.8888888888888888,1.1666666666666667,0.25925925925925924,2.574074074074074,8.648148148148149,,54.0
23,107.0,38.90243902439025,0.5003536585365853,0.46378048780487807,4.597560975609756,0.8203552631578948,1.9024390243902438,2.268292682926829,4.170731707317073,2.0,2.658536585365854,1.3170731707317074,0.2682926829268293,2.402439024390244,27.475609756097562,,82.0
24,116.0,1.0,,,0.0,,0.0,0.0,0.0,0.0,0.0,0.0,0.0,0.0,0.0,,2.0
25,117.0,31.81578947368421,0.47067105263157877,0.029411764705882353,3.8947368421052633,0.8421176470588234,0.7236842105263158,1.631578947368421,2.3552631578947367,2.8815789473684212,2.1710526315789473,0.5131578947368421,0.18421052631578946,2.039473684210526,21.723684210526315,,76.0
26,121.0,36.2,0.5733499999999999,0.0,4.5125,0.7267848101265822,2.6625,6.5875,9.25,2.35,3.325,1.4625,3.5125,3.8875,22.6875,,80.0
27,122.0,17.619718309859156,0.4627971014492754,0.13891666666666666,1.4647887323943662,0.8187857142857143,0.9577464788732394,1.9859154929577465,2.943661971830986,0.9295774647887324,1.1267605633802817,0.5070422535211268,0.323943661971831,1.7746478873239437,5.873239436619718,,71.0
28,134.0,39.24691358024691,0.5062592592592593,0.0701578947368421,6.271604938271605,0.8865316455696203,0.5679012345679012,3.6296296296296298,4.197530864197531,12.234567901234568,3.9753086419753085,1.6666666666666667,0.2962962962962963,2.7901234567901234,20.37037037037037,,81.0
29,137.0,26.139240506329113,0.41672368421052625,0.2171774193548387,2.2911392405063293,0.7352068965517241,0.620253164556962,1.9367088607594938,2.5569620253164556,3.810126582278481,2.2531645569620253,1.0886075949367089,0.10126582278481013,1.7215189873417722,11.734177215189874,,79.0
30,149.0,36.1948051948052,0.42472727272727273,0.34931168831168835,4.181818181818182,0.8248055555555556,0.922077922077922,2.7532467532467533,3.675324675324675,6.363636363636363,2.3376623376623376,2.155844155844156,0.14285714285714285,1.9350649350649352,18.493506493506494,,77.0
31,156.0,19.076923076923077,0.4722820512820513,0.0,1.6666666666666667,0.8573999999999999,1.358974358974359,2.1538461538461537,3.5128205128205128,1.1666666666666667,1.0512820512820513,0.3974358974358974,0.7948717948717948,2.8333333333333335,7.461538461538462,,78.0
32,157.0,36.641975308641975,0.47260493827160494,0.30885333333333337,2.8271604938271606,0.7643380281690141,0.5679012345679012,2.246913580246914,2.814814814814815,7.037037037037037,2.5308641975308643,2.123456790123457,0.5061728395061729,2.7037037037037037,17.333333333333332,,81.0
33,165.0,36.8780487804878,0.509939024390244,0.0,5.536585365853658,0.699775,4.121951219512195,9.353658536585366,13.475609756097562,1.8170731707317074,3.3536585365853657,2.597560975609756,3.4390243902439024,4.012195121951219,24.804878048780488,,82.0
34,166.0,34.76829268292683,0.5116097560975609,0.20087719298245613,3.9390243902439024,0.7664935064935066,1.4878048780487805,3.5,4.987804878048781,5.2926829268292686,2.8048780487804876,2.2560975609756095,0.9024390243902439,2.731707317073171,18.609756097560975,,82.0
35,170.0,18.813333333333333,0.4294,0.0,1.7866666666666666,0.8683846153846153,1.6533333333333333,3.3866666666666667,5.04,0.8933333333333333,1.3866666666666667,0.44,0.30666666666666664,2.56,6.453333333333333,,75.0
36,174.0,20.390243902439025,0.44858536585365855,0.34615384615384615,2.3658536585365852,0.78846875,0.36585365853658536,1.3414634146341464,1.7073170731707317,2.402439024390244,1.2682926829268293,0.5121951219512195,0.10975609756097561,1.524390243902439,9.5,,82.0
37,175.0,22.024390243902438,0.5072317073170732,,1.4024390243902438,0.6510576923076924,2.524390243902439,4.121951219512195,6.646341463414634,0.6585365853658537,1.4268292682926829,0.34146341463414637,2.1951219512195124,3.7804878048780486,8.012195121951219,,82.0
38,177.0,22.21518987341772,0.42432051282051275,0.09090909090909091,0.8354430379746836,0.75,0.6708860759493671,1.4177215189873418,2.088607594936709,7.848101265822785,1.5696202531645569,1.4050632911392404,0.08860759493670886,1.7848101265822784,5.3544303797468356,,79.0
39,178.0,10.4375,0.4977142857142857,0.0,0.6375,0.605642857142857,1.225,1.35,2.575,0.2625,0.575,0.4625,0.375,2.05,2.9125,,80.0
40,181.0,38.82716049382716,0.455395061728395,0.3031746031746032,3.246913580246914,0.7415333333333333,0.6049382716049383,2.185185185185185,2.7901234567901234,7.666666666666667,3.074074074074074,1.2592592592592593,0.08641975308641975,2.1358024691358026,17.320987654320987,,81.0
41,187.0,35.3,0.46853749999999994,0.4166666666666667,4.525,0.7746103896103895,3.5125,4.6125,8.125,2.475,2.5125,1.325,0.9,3.3125,22.8625,,80.0
42,194.0,24.333333333333332,0.5156666666666667,0.2,0.5555555555555556,0.619,1.3888888888888888,1.7222222222222223,3.111111111111111,1.6111111111111112,1.2222222222222223,1.0,0.2222222222222222,2.388888888888889,8.61111111111111,,18.0
43,199.0,20.682539682539684,0.41050793650793654,0.20033333333333334,1.4603174603174602,0.7527058823529412,1.1111111111111112,1.7301587301587302,2.8412698412698414,1.6031746031746033,1.8095238095238095,1.2857142857142858,0.4603174603174603,2.888888888888889,10.19047619047619,,63.0
44,201.0,8.918032786885245,0.4305555555555556,0.0,0.639344262295082,0.41455882352941176,1.180327868852459,1.3934426229508197,2.5737704918032787,0.3442622950819672,0.7213114754098361,0.14754098360655737,0.3770491803278688,1.3442622950819672,3.0327868852459017,,61.0
45,202.0,27.098591549295776,0.41591549295774644,0.22805263157894737,1.676056338028169,0.7098444444444445,1.1267605633802817,2.2253521126760565,3.352112676056338,7.056338028169014,3.6338028169014085,2.028169014084507,0.1267605633802817,2.3943661971830985,11.915492957746478,,71.0
46,203.0,31.213333333333335,0.4025675675675675,0.1738913043478261,1.5866666666666667,0.6124285714285714,1.9066666666666667,3.2666666666666666,5.173333333333333,9.28,2.8133333333333335,2.08,0.56,3.1466666666666665,7.093333333333334,,75.0
47,204.0,31.884615384615383,0.48714102564102557,0.2796,1.8846153846153846,0.8305084745762712,0.9615384615384616,2.448717948717949,3.41025641025641,5.961538461538462,1.4230769230769231,1.6538461538461537,0.10256410256410256,2.41025641025641,13.512820512820513,,78.0
48,209.0,16.9375,0.4721458333333333,0.33752941176470586,0.8333333333333334,0.8623478260869565,0.5416666666666666,1.625,2.1666666666666665,1.0416666666666667,0.9166666666666666,0.875,0.08333333333333333,1.4166666666666667,11.895833333333334,,48.0
49,216.0,28.182926829268293,0.41474390243902437,0.0,1.329268292682927,0.8581489361702127,1.451219512195122,3.1341463414634148,4.585365853658536,5.7560975609756095,2.292682926829268,0.9512195121951219,0.32926829268292684,2.573170731707317,8.573170731707316,,82.0
50,219.0,19.45,0.4489875,0.2604375,1.0625,0.8613947368421053,0.6,1.5375,2.1375,2.575,0.9625,0.8125,0.175,2.0,7.1125,,80.0
51,229.0,16.5,0.46864383561643835,0.0,1.75,0.6695614035087719,0.8947368421052632,2.1447368421052633,3.039473684210526,0.6447368421052632,0.9473684210526315,0.14473684210526316,0.40789473684210525,2.973684210526316,7.302631578947368,,76.0
52,236.0,29.734177215189874,0.40901265822784816,0.20668,1.8227848101265822,0.726111111111111,1.0759493670886076,2.240506329113924,3.3164556962025316,4.417721518987341,3.1139240506329116,1.759493670886076,0.34177215189873417,1.9493670886075949,13.848101265822784,,79.0
53,246.0,29.28048780487805,0.5035365853658536,0.0,2.524390243902439,0.5214266666666667,3.1097560975609757,5.134146341463414,8.24390243902439,0.7439024390243902,2.1951219512195124,1.2439024390243902,1.2560975609756098,2.6951219512195124,13.74390243902439,,82.0
54,247.0,34.91304347826087,0.49130434782608706,0.4193157894736842,3.7681159420289854,0.8348620689655172,0.8260869565217391,1.6666666666666667,2.4927536231884058,5.6521739130434785,2.579710144927536,0.9130434782608695,0.07246376811594203,1.4927536231884058,17.18840579710145,,69.0
55,252.0,39.075,0.524675,0.34615384615384615,8.7875,0.7596624999999999,3.2375,7.425,10.6625,2.7375,3.5625,1.8,0.875,3.575,29.075,,80.0
56,262.0,31.7,0.4943625,0.0,2.4625,0.7356417910447761,3.45,6.1125,9.5625,1.575,1.55,1.15,0.65,2.3,10.3125,,80.0
57,265.0,16.802816901408452,0.455623188405797,0.0,0.4788732394366197,0.6050869565217392,1.056338028169014,1.2394366197183098,2.295774647887324,1.1126760563380282,0.39436619718309857,0.49295774647887325,0.4084507042253521,2.0422535211267605,5.577464788732394,,71.0
58,270.0,35.55696202531646,0.517253164556962,0.0,1.7721518987341771,0.6919655172413793,3.037974683544304,5.582278481012659,8.620253164556962,2.1265822784810124,1.620253164556962,1.0886075949367089,0.7848101265822784,3.1772151898734178,12.025316455696203,,79.0
59,271.0,28.839506172839506,0.47358024691358025,0.33187500000000003,3.5308641975308643,0.8120945945945945,1.1481481481481481,1.3950617283950617,2.54320987654321,2.0,1.8888888888888888,1.3703703703703705,0.2839506172839506,3.197530864197531,15.962962962962964,,81.0
60,273.0,5.634146341463414,0.35624137931034483,,0.7317073170731707,0.6416999999999999,0.4634146341463415,0.5365853658536586,1.0,0.24390243902439024,0.2926829268292683,0.17073170731707318,0.14634146341463414,0.8048780487804879,2.4390243902439024,,41.0
61,279.0,21.77358490566038,0.4980652173913044,0.0,0.3018867924528302,0.6944444444444444,1.4528301886792452,3.3962264150943398,4.849056603773585,0.7924528301886793,0.7358490566037735,0.7358490566037735,1.4339622641509433,3.5283018867924527,2.5660377358490565,,53.0
62,287.0,10.386666666666667,0.5417833333333333,,1.0533333333333332,0.7171081081081081,0.64,2.013333333333333,2.6533333333333333,0.21333333333333335,0.8933333333333333,0.10666666666666667,0.29333333333333333,2.32,4.253333333333333,,75.0
63,288.0,28.64864864864865,0.49530136986301376,,3.2432432432432434,0.7333278688524589,2.22972972972973,5.081081081081081,7.3108108108108105,0.7027027027027027,1.8918918918918919,0.7297297297297297,0.36486486486486486,2.3783783783783785,15.891891891891891,,74.0
64,289.0,18.2375,0.42774999999999996,0.22221212121212122,3.4,0.7834657534246575,1.25,1.0,2.25,1.5375,1.6,0.5125,0.0625,1.95,11.4625,,80.0
65,291.0,25.15,0.5205875000000001,0.0,3.5,0.7969142857142858,2.075,3.5375,5.6125,1.475,1.4875,1.0375,0.825,2.525,11.475,,80.0
66,293.0,30.43661971830986,0.5012957746478875,0.0,4.014084507042254,0.730735294117647,2.436619718309859,4.112676056338028,6.549295774647887,1.4225352112676057,2.056338028169014,0.9577464788732394,1.2535211267605635,3.8450704225352115,16.267605633802816,,71.0
67,304.0,38.670731707317074,0.5357195121951219,0.2422325581395349,4.7560975609756095,0.8571898734177216,1.0121951219512195,2.0121951219512195,3.024390243902439,13.634146341463415,3.7560975609756095,3.207317073170732,0.17073170731707318,2.9390243902439024,17.073170731707318,,82.0
68,305.0,35.5,0.5817125,,3.675,0.7129189189189189,4.275,8.175,12.45,2.1875,2.5,0.9875,1.45,2.6125,18.575,,80.0
69,306.0,17.8125,0.4134459459459459,0.08333333333333333,1.5625,0.7611481481481482,0.775,1.5,2.275,2.8125,0.8,0.8625,0.175,1.975,6.675,,80.0
70,313.0,33.578947368421055,0.5183026315789474,0.125,3.1973684210526314,0.8080615384615384,1.118421052631579,2.960526315789474,4.078947368421052,6.5,2.526315789473684,1.013157894736842,0.15789473684210525,2.789473684210526,14.263157894736842,,76.0
71,317.0,8.777777777777779,0.40580000000000005,0.40235714285714286,0.9444444444444444,0.64,0.4166666666666667,0.7222222222222222,1.1388888888888888,0.75,1.0833333333333333,0.6388888888888888,0.08333333333333333,1.0,4.055555555555555,,36.0
72,328.0,24.930555555555557,0.4875774647887323,0.0,1.6111111111111112,0.7579019607843137,1.9583333333333333,4.902777777777778,6.861111111111111,0.8194444444444444,1.3472222222222223,0.5555555555555556,0.9166666666666666,2.861111111111111,7.25,,72.0
73,330.0,36.53846153846154,0.4940769230769231,0.2,3.0384615384615383,0.7640909090909092,2.6923076923076925,3.8846153846153846,6.576923076923077,3.1153846153846154,3.576923076923077,1.6923076923076923,0.9615384615384616,3.423076923076923,16.692307692307693,,26.0
74,333.0,8.522727272727273,0.39987096774193553,0.2,0.7954545454545454,0.5693125,0.25,0.7045454545454546,0.9545454545454546,0.7727272727272727,0.4318181818181818,0.3181818181818182,0.06818181818181818,0.9090909090909091,4.25,,44.0
75,335.0,33.80246913580247,0.4970493827160494,0.17647058823529413,2.765432098765432,0.7696000000000001,1.876543209876543,3.271604938271605,5.148148148148148,4.592592592592593,3.2222222222222223,1.8518518518518519,0.7654320987654321,3.6419753086419755,18.617283950617285,,81.0
76,341.0,21.96969696969697,0.41358730158730156,0.16666666666666666,0.6666666666666666,0.6724230769230769,1.2575757575757576,2.8484848484848486,4.106060606060606,1.7121212121212122,1.4242424242424243,0.48484848484848486,0.24242424242424243,2.303030303030303,5.848484848484849,,66.0
77,345.0,38.2962962962963,0.47965432098765437,0.36205405405405405,3.3580246913580245,0.8391666666666667,1.0493827160493827,3.4814814814814814,4.530864197530864,9.506172839506172,3.0617283950617282,1.8024691358024691,0.09876543209876543,2.308641975308642,17.666666666666668,,81.0
78,349.0,34.40277777777778,0.4755138888888889,0.3276857142857143,2.5,0.6773442622950819,1.4722222222222223,3.263888888888889,4.736111111111111,8.597222222222221,3.138888888888889,1.9305555555555556,0.09722222222222222,2.263888888888889,16.930555555555557,,72.0
79,356.0,27.57894736842105,0.4482631578947367,0.30755223880597016,2.3947368421052633,0.6936065573770492,2.473684210526316,2.75,5.223684210526316,1.5657894736842106,2.5,1.3421052631578947,0.7894736842105263,3.289473684210526,14.131578947368421,,76.0
80,364.0,29.586666666666666,0.4098266666666666,0.27606060606060606,2.066666666666667,0.8089999999999999,0.9866666666666667,1.5066666666666666,2.493333333333333,2.3466666666666667,1.5066666666666666,0.9333333333333333,0.3333333333333333,2.2266666666666666,16.893333333333334,,75.0
81,365.0,34.19512195121951,0.5000121951219512,0.34819642857142846,3.6707317073170733,0.7852435897435898,2.0365853658536586,3.6219512195121952,5.658536585365853,2.6707317073170733,2.292682926829268,1.2804878048780488,0.8536585365853658,3.2195121951219514,15.914634146341463,,82.0
82,378.0,22.76829268292683,0.4390609756097561,0.4037241379310345,0.8658536585365854,0.5946808510638297,1.2195121951219512,2.3780487804878048,3.597560975609756,3.2439024390243905,1.4146341463414633,1.3414634146341464,0.23170731707317074,1.9634146341463414,7.414634146341464,,82.0
83,393.0,16.765432098765434,0.45250617283950617,0.23750000000000002,2.123456790123457,0.759063492063492,0.6296296296296297,1.345679012345679,1.9753086419753085,3.9382716049382718,1.8271604938271604,1.2098765432098766,0.037037037037037035,1.7530864197530864,8.901234567901234,,81.0
84,397.0,34.270270270270274,0.46756944444444454,0.3927428571428571,3.8783783783783785,0.842421875,0.9864864864864865,2.9594594594594597,3.945945945945946,3.0675675675675675,1.9324324324324325,1.2567567567567568,0.3918918918918919,2.2972972972972974,15.95945945945946,,74.0
85,402.0,20.68918918918919,0.5243611111111112,0.0,0.8513513513513513,0.5624102564102564,1.9864864864864864,4.135135135135135,6.121621621621622,0.7567567567567568,0.8108108108108109,0.7297297297297297,1.3243243243243243,3.2162162162162162,4.662162162162162,,74.0
86,404.0,33.69620253164557,0.47025316455696203,0.0,4.10126582278481,0.7658243243243243,3.1139240506329116,4.924050632911392,8.037974683544304,0.759493670886076,2.5316455696202533,0.7088607594936709,0.620253164556962,3.7974683544303796,18.126582278481013,,79.0
87,418.0,16.670731707317074,0.4130375,0.37422580645161296,0.7439024390243902,0.8883928571428571,0.23170731707317074,0.9146341463414634,1.146341463414634,3.731707317073171,0.7926829268292683,0.8414634146341463,0.036585365853658534,1.4146341463414633,5.219512195121951,,82.0
88,422.0,6.767441860465116,0.3526451612903226,0.14285714285714285,0.20930232558139536,0.5,0.2558139534883721,0.3023255813953488,0.5581395348837209,1.697674418604651,0.4186046511627907,0.4883720930232558,0.06976744186046512,0.7906976744186046,1.5813953488372092,,43.0
89,433.0,33.054054054054056,0.5335945945945947,0.0,2.8783783783783785,0.6556935483870967,3.364864864864865,6.04054054054054,9.405405405405405,1.054054054054054,1.9189189189189189,0.8243243243243243,0.4864864864864865,3.0135135135135136,12.95945945945946,,74.0
90,456.0,37.65,0.48103749999999995,0.2654057971014493,3.0375,0.7743623188405797,1.8,4.65,6.45,3.6125,3.85,1.0375,0.225,3.5625,21.6,,80.0
91,457.0,8.483870967741936,0.45939130434782605,,0.6290322580645161,0.6703636363636364,0.8709677419354839,1.5,2.370967741935484,0.14516129032258066,0.45161290322580644,0.27419354838709675,0.7741935483870968,1.8064516129032258,2.564516129032258,,62.0
92,470.0,32.39473684210526,0.4572763157894737,0.34129230769230773,3.25,0.853234375,1.1710526315789473,2.5921052631578947,3.763157894736842,6.907894736842105,2.0789473684210527,2.3815789473684212,0.5263157894736842,3.460526315789474,13.578947368421053,,76.0
93,698.0,29.185714285714287,0.49572857142857146,0.38,3.1,0.8610491803278687,1.3,3.0714285714285716,4.371428571428571,2.3142857142857145,1.7428571428571429,0.6714285714285714,0.1,2.857142857142857,21.485714285714284,,70.0
94,705.0,7.880952380952381,0.4332564102564102,0.1111111111111111,0.47619047619047616,0.6136363636363636,0.5476190476190477,0.7857142857142857,1.3333333333333333,0.4523809523809524,0.5,0.2857142857142857,0.14285714285714285,1.2380952380952381,4.023809523809524,,42.0
95,738.0,8.314814814814815,0.36464102564102563,0.3333333333333333,0.5925925925925926,0.61875,0.6666666666666666,1.037037037037037,1.7037037037037037,0.2777777777777778,0.42592592592592593,0.14814814814814814,0.12962962962962962,1.6111111111111112,2.3518518518518516,,54.0
96,760.0,35.73684210526316,0.466407894736842,0.275,3.3947368421052633,0.6710555555555555,3.236842105263158,5.0394736842105265,8.276315789473685,3.1973684210526314,2.1973684210526314,1.8026315789473684,1.105263157894737,3.6447368421052633,17.5,,76.0
97,765.0,32.55696202531646,0.4376708860759494,0.4311857142857143,3.050632911392405,0.7927761194029851,0.6455696202531646,2.2025316455696204,2.848101265822785,3.0253164556962027,2.0,1.518987341772152,0.46835443037974683,2.329113924050633,15.139240506329115,,79.0
98,766.0,11.272727272727273,0.44576666666666664,0.3333333333333333,0.8181818181818182,0.7430833333333333,0.36363636363636365,0.7575757575757576,1.121212121212121,2.212121212121212,1.0606060606060606,0.2727272727272727,0.06060606060606061,1.303030303030303,4.151515151515151,,33.0
99,767.0,26.29113924050633,0.4603544303797469,0.2,1.9367088607594938,0.5573382352941176,2.911392405063291,4.329113924050633,7.2405063291139244,0.9493670886075949,1.518987341772152,0.5822784810126582,0.31645569620253167,3.1645569620253164,10.405063291139241,,79.0
100,770.0,24.621951219512194,0.6306666666666667,,1.3170731707317074,0.5172545454545454,2.0365853658536586,4.682926829268292,6.719512195121951,0.47560975609756095,1.2560975609756098,0.4268292682926829,2.2804878048780486,3.3292682926829267,7.2439024390243905,,82.0
101,781.0,6.333333333333333,0.4429230769230769,,0.26666666666666666,0.5625,0.6,0.9,1.5,0.36666666666666664,0.5,0.13333333333333333,0.2,1.2666666666666666,2.2,,30.0
102,782.0,34.392405063291136,0.4649873417721519,0.3184888888888889,5.189873417721519,0.7937466666666665,2.0,3.9240506329113924,5.924050632911392,4.227848101265823,3.4050632911392404,1.0379746835443038,0.16455696202531644,2.7848101265822787,22.037974683544302,,79.0
103,783.0,28.46875,0.502640625,0.0,3.140625,0.72185,2.3125,4.03125,6.34375,2.046875,2.578125,1.59375,0.546875,3.9375,13.671875,,64.0
104,786.0,29.80246913580247,0.43601234567901226,0.2692857142857143,2.2962962962962963,0.7608484848484849,1.1728395061728396,1.8395061728395061,3.0123456790123457,3.382716049382716,2.0864197530864197,1.4197530864197532,0.2716049382716049,2.049382716049383,14.333333333333334,,81.0
105,787.0,39.08860759493671,0.5855822784810126,0.17985714285714285,7.620253164556962,0.7540256410256411,5.10126582278481,7.379746835443038,12.481012658227849,4.113924050632911,3.2151898734177213,1.5949367088607596,0.8481012658227848,3.3037974683544302,25.78481012658228,,79.0
106,891.0,31.75609756097561,0.5043170731707318,0.17946153846153848,2.402439024390244,0.763765625,4.182926829268292,6.317073170731708,10.5,2.2804878048780486,3.024390243902439,1.2682926829268293,0.17073170731707318,3.292682926829268,12.939024390243903,,82.0
107,892.0,15.049382716049383,0.44700000000000006,0.01665,0.6419753086419753,0.8333214285714285,0.25925925925925924,1.2592592592592593,1.5185185185185186,3.506172839506173,1.0246913580246915,0.8641975308641975,0.07407407407407407,1.2839506172839505,3.9382716049382718,,81.0
108,893.0,40.18518518518518,0.539888888888889,0.226,8.320987654320987,0.8576875000000002,1.8395061728395061,6.209876543209877,8.049382716049383,8.024691358024691,3.580246913580247,2.888888888888889,0.8024691358024691,3.049382716049383,32.50617283950617,,81.0
109,894.0,27.706666666666667,0.5001333333333334,0.16665384615384615,3.4,0.8468524590163935,1.0933333333333333,1.5333333333333334,2.6266666666666665,2.08,1.4933333333333334,1.0266666666666666,0.25333333333333335,2.5733333333333333,17.56,,75.0
110,895.0,21.493506493506494,0.4951199999999999,0.0,1.8311688311688312,0.7584576271186441,2.2857142857142856,2.883116883116883,5.1688311688311686,1.5324675324675325,1.1948051948051948,1.0649350649350648,0.16883116883116883,2.883116883116883,8.194805194805195,,77.0
111,897.0,9.903225806451612,0.503377358490566,0.25,0.6451612903225806,0.6278260869565218,0.9838709677419355,1.1451612903225807,2.129032258064516,0.2903225806451613,0.5967741935483871,0.3064516129032258,0.5161290322580645,0.7580645161290323,4.145161290322581,,62.0
112,899.0,36.373333333333335,0.5247333333333334,0.3875,3.506666666666667,0.8858333333333334,0.64,2.3733333333333335,3.013333333333333,8.413333333333334,2.8266666666666667,1.5333333333333334,0.09333333333333334,1.3066666666666666,18.85333333333333,,75.0
113,901.0,38.23170731707317,0.5416585365853659,0.0,4.0,0.7003589743589743,3.317073170731707,6.280487804878049,9.597560975609756,2.4634146341463414,2.7439024390243905,1.0,0.45121951219512196,3.158536585365854,16.70731707317073,,82.0
114,904.0,37.71951219512195,0.506609756097561,0.17616071428571428,6.012195121951219,0.8886296296296297,1.853658536585366,4.036585365853658,5.890243902439025,5.060975609756097,3.6097560975609757,2.1463414634146343,0.47560975609756095,2.1707317073170733,26.536585365853657,,82.0
115,917.0,5.666666666666667,0.43626470588235294,,0.7058823529411765,0.7555333333333334,0.4117647058823529,0.9803921568627451,1.392156862745098,0.19607843137254902,0.5098039215686274,0.21568627450980393,0.0,1.0980392156862746,2.156862745098039,,51.0
116,920.0,30.609756097560975,0.526829268292683,0.21792307692307694,3.4390243902439024,0.7835857142857143,3.1463414634146343,5.865853658536586,9.012195121951219,1.2560975609756098,1.451219512195122,1.146341463414634,0.6707317073170732,2.097560975609756,13.268292682926829,,82.0
117,921.0,36.166666666666664,0.5403076923076923,0.3333333333333333,4.948717948717949,0.735961038961039,2.141025641025641,7.064102564102564,9.205128205128204,3.6538461538461537,2.948717948717949,0.8076923076923077,0.5128205128205128,2.2435897435897436,18.91025641025641,,78.0
118,926.0,35.184615384615384,0.4761230769230769,0.1389,2.8153846153846156,0.7347407407407408,2.4153846153846152,3.4923076923076923,5.907692307692308,6.046153846153846,3.5538461538461537,3.0307692307692307,0.5538461538461539,3.9846153846153847,17.26153846153846,,65.0
119,927.0,21.761194029850746,0.4860615384615385,0.0,2.014925373134328,0.71368,2.0,3.0,5.0,1.1194029850746268,1.492537313432836,0.5970149253731343,1.0746268656716418,2.9402985074626864,6.970149253731344,,67.0
120,930.0,4.5,0.0,,0.5,0.5,0.0,0.5,0.5,0.0,0.0,0.0,0.0,0.0,0.5,,2.0
121,937.0,33.054794520547944,0.4821780821917808,0.2189767441860465,2.7534246575342465,0.6672166666666667,1.8904109589041096,4.205479452054795,6.095890410958904,3.506849315068493,2.7260273972602738,1.904109589041096,0.8356164383561644,3.5753424657534247,14.356164383561644,,73.0
122,938.0,25.153846153846153,0.4268589743589744,0.25,2.3205128205128207,0.48814084507042244,2.6153846153846154,4.423076923076923,7.038461538461538,0.7051282051282052,2.5641025641025643,0.5897435897435898,1.2307692307692308,3.3076923076923075,10.871794871794872,,78.0
123,939.0,8.181818181818182,0.5024814814814815,0.0,1.0,0.7343529411764705,0.45454545454545453,0.5454545454545454,1.0,1.4545454545454546,0.696969696969697,0.6060606060606061,0.06060606060606061,1.3333333333333333,2.878787878787879,,33.0
124,940.0,24.963414634146343,0.4767374999999999,0.0,0.8048780487804879,0.5306,2.292682926829268,3.658536585365854,5.951219512195122,1.5853658536585367,1.3902439024390243,0.6097560975609756,0.7439024390243902,2.8048780487804876,6.487804878048781,,82.0
125,941.0,11.25,0.36312500000000003,,1.25,0.8333333333333334,0.25,1.75,2.0,2.75,1.375,0.875,0.125,1.875,4.25,,8.0
126,1006.0,32.5,0.4121578947368421,0.0,1.75,0.658909090909091,1.7763157894736843,6.026315789473684,7.802631578947368,1.631578947368421,1.9605263157894737,0.6052631578947368,1.763157894736842,3.1052631578947367,10.223684210526315,,76.0
127,1008.0,33.84375,0.40375000000000005,0.0,3.125,0.8961538461538462,1.0,2.15625,3.15625,7.0,3.46875,1.71875,0.0,2.0,14.1875,,32.0
128,1068.0,7.471698113207547,0.47455555555555556,,0.8113207547169812,0.6750000000000002,0.7358490566037735,1.0,1.7358490566037736,0.33962264150943394,0.7358490566037735,0.09433962264150944,0.20754716981132076,1.8867924528301887,2.4339622641509435,,53.0
129,1091.0,14.488372093023257,0.45568421052631575,,1.1395348837209303,0.6533199999999999,0.9767441860465116,2.0232558139534884,3.0,0.27906976744186046,1.1162790697674418,0.3023255813953488,1.3488372093023255,2.372093023255814,4.488372093023256,,43.0
130,1117.0,14.523076923076923,0.4670833333333333,0.0,1.7692307692307692,0.6882340425531913,1.476923076923077,2.0923076923076924,3.5692307692307694,0.3384615384615385,0.7076923076923077,0.2153846153846154,0.2,1.4461538461538461,5.492307692307692,,65.0
131,1118.0,16.974683544303797,0.5284800000000001,0.0,1.7974683544303798,0.6806607142857144,1.1518987341772151,2.6962025316455698,3.848101265822785,1.2911392405063291,1.5316455696202531,0.5189873417721519,0.17721518987341772,2.721518987341772,6.1265822784810124,,79.0
132,1122.0,37.4625,0.459525,0.23114814814814816,5.525,0.8378026315789474,3.2,3.7125,6.9125,2.6375,2.2625,1.4625,0.65,1.725,26.2375,,80.0
133,1123.0,13.457142857142857,0.4606792452830188,,0.2857142857142857,0.5,1.1571428571428573,2.3142857142857145,3.4714285714285715,0.5142857142857142,0.8285714285714286,0.38571428571428573,0.7714285714285715,2.2857142857142856,2.142857142857143,,70.0
134,1365.0,29.085365853658537,0.48435365853658535,0.28203846153846157,3.8048780487804876,0.7450555555555556,2.158536585365854,3.1219512195121952,5.280487804878049,1.6341463414634145,2.5609756097560976,1.024390243902439,0.4878048780487805,2.817073170731707,20.451219512195124,,82.0
135,1381.0,13.514705882352942,0.38496491228070173,0.4405,1.0294117647058822,0.9188148148148149,0.2647058823529412,0.8676470588235294,1.1323529411764706,1.1764705882352942,0.8382352941176471,0.4264705882352941,0.04411764705882353,1.2352941176470589,5.470588235294118,,68.0
136,1449.0,31.5,0.4661666666666666,,3.0,0.9722500000000001,0.16666666666666666,6.0,6.166666666666667,4.833333333333333,1.8333333333333333,1.0,0.8333333333333334,3.0,19.333333333333332,,6.0
137,1450.0,36.87179487179487,0.5568717948717948,0.0,5.589743589743589,0.8038026315789474,2.858974358974359,5.3076923076923075,8.166666666666666,2.2051282051282053,2.5128205128205128,0.3333333333333333,1.2435897435897436,2.858974358974359,22.53846153846154,,78.0
138,1453.0,22.925925925925927,0.5055432098765432,0.2619142857142857,2.1604938271604937,0.8551379310344828,0.5061728395061729,1.3580246913580247,1.8641975308641976,2.345679012345679,1.6296296296296295,0.8888888888888888,0.06172839506172839,2.308641975308642,15.641975308641975,,81.0
139,1456.0,17.5,0.41078333333333333,0.5,0.4375,0.710764705882353,0.40625,0.84375,1.25,1.734375,0.5,0.359375,0.03125,0.671875,4.546875,,64.0
140,1460.0,36.54320987654321,0.5556790123456791,0.07894736842105263,3.0987654320987654,0.7739577464788733,2.0864197530864197,3.950617283950617,6.037037037037037,3.5555555555555554,2.246913580246914,1.3333333333333333,0.691358024691358,2.1604938271604937,20.45679012345679,,81.0
141,1472.0,37.06172839506173,0.4721975308641975,0.24854385964912282,6.283950617283951,0.8416410256410256,1.7654320987654322,6.679012345679013,8.444444444444445,2.8518518518518516,2.8518518518518516,1.0740740740740742,0.6790123456790124,3.345679012345679,25.74074074074074,,81.0
142,1474.0,30.9,0.4594875,0.2727272727272727,3.6125,0.7801212121212121,2.475,5.15,7.625,1.3375,1.8375,1.1625,0.1125,2.7375,12.7125,,80.0
143,1479.0,15.924242424242424,0.40832812500000004,,1.393939393939394,0.7383333333333333,1.393939393939394,2.515151515151515,3.909090909090909,0.6212121212121212,1.1666666666666667,0.3787878787878788,0.25757575757575757,2.0,4.545454545454546,,66.0
144,1593.0,8.066666666666666,0.5417884615384615,0.0,0.35,0.520875,0.8333333333333334,1.7166666666666666,2.55,0.35,0.45,0.25,0.3,1.1833333333333333,3.1166666666666667,,60.0
145,1622.0,35.80882352941177,0.4574264705882353,0.2,2.485294117647059,0.7558181818181819,2.1029411764705883,5.455882352941177,7.5588235294117645,4.3088235294117645,2.4705882352941178,0.8382352941176471,0.5294117647058824,1.7647058823529411,12.558823529411764,,68.0
146,1631.0,28.772151898734176,0.48044303797468363,0.0,1.9746835443037976,0.6647868852459018,3.050632911392405,4.189873417721519,7.2405063291139244,2.2278481012658227,2.392405063291139,0.7088607594936709,1.3291139240506329,3.2911392405063293,10.810126582278482,,79.0
147,1846.0,11.708333333333334,0.4004090909090909,0.0,0.6666666666666666,0.6859615384615385,0.8194444444444444,1.8611111111111112,2.6805555555555554,0.4027777777777778,0.5833333333333334,0.3194444444444444,0.5694444444444444,2.4444444444444446,3.4166666666666665,,72.0
148,1847.0,33.86585365853659,0.4895121951219512,0.25,4.426829268292683,0.8390886075949365,1.4024390243902438,4.048780487804878,5.451219512195122,1.6829268292682926,2.5365853658536586,0.5853658536585366,1.1097560975609757,2.2560975609756095,19.451219512195124,,82.0
149,2652.0,13.470588235294118,0.4055625000000001,0.0,1.1372549019607843,0.7186363636363636,0.6274509803921569,1.588235294117647,2.215686274509804,0.8235294117647058,0.9215686274509803,0.4117647058823529,0.29411764705882354,1.1372549019607843,4.784313725490196,,51.0
150,76003.0,22.905405405405407,0.4850540540540541,0.0,1.6486486486486487,0.723804347826087,1.3918918918918919,3.1216216216216215,4.513513513513513,1.0,1.2837837837837838,0.5135135135135135,1.1486486486486487,2.6486486486486487,10.108108108108109,,74.0
151,76009.0,10.193548387096774,0.44621739130434784,1.0,0.41935483870967744,0.5130434782608696,0.9516129032258065,1.403225806451613,2.3548387096774195,0.3064516129032258,0.3709677419354839,0.3064516129032258,0.0967741935483871,1.5161290322580645,2.2096774193548385,,62.0
152,76016.0,32.4625,0.45886250000000006,0.28280597014925374,3.6,0.7139594594594595,1.825,3.0,4.825,3.475,2.6,0.5625,0.45,2.8625,18.8875,,80.0
153,76017.0,32.42465753424658,0.44442465753424654,0.3490845070422535,2.808219178082192,0.842125,0.9726027397260274,2.5205479452054793,3.493150684931507,5.506849315068493,1.9863013698630136,1.273972602739726,0.1095890410958904,2.547945205479452,17.54794520547945,,73.0
154,76019.0,15.41891891891892,0.47082191780821914,0.3103448275862069,0.9864864864864865,0.8161515151515152,1.3918918918918919,2.054054054054054,3.445945945945946,0.8513513513513513,0.8378378378378378,0.33783783783783783,0.2972972972972973,2.1621621621621623,6.72972972972973,,74.0
155,76024.0,13.727272727272727,0.4373448275862069,0.31815151515151513,0.7575757575757576,0.8161034482758621,0.15151515151515152,0.9393939393939394,1.0909090909090908,1.393939393939394,0.6818181818181818,0.6818181818181818,0.045454545454545456,0.8636363636363636,5.545454545454546,,66.0
156,76025.0,6.142857142857143,0.5048333333333334,0.0,0.14285714285714285,0.5,0.42857142857142855,0.5714285714285714,1.0,0.0,0.2857142857142857,0.14285714285714285,0.14285714285714285,1.0,2.4285714285714284,,7.0
157,76042.0,20.27777777777778,0.34378125000000004,0.14285714285714285,1.5833333333333333,0.694318181818182,1.2222222222222223,1.25,2.4722222222222223,4.25,2.3333333333333335,1.2222222222222223,0.08333333333333333,1.7777777777777777,5.666666666666667,,36.0
158,76045.0,15.027777777777779,0.3732857142857143,0.30479591836734693,0.4444444444444444,0.8186470588235294,0.8611111111111112,2.3472222222222223,3.2083333333333335,1.3611111111111112,0.75,0.6111111111111112,0.16666666666666666,1.3888888888888888,5.152777777777778,,72.0
159,76046.0,31.98780487804878,0.47985365853658535,0.18181818181818182,2.3902439024390243,0.845828125,2.0365853658536586,2.9146341463414633,4.951219512195122,1.6951219512195121,1.5365853658536586,0.8658536585365854,0.2804878048780488,2.024390243902439,16.21951219512195,,82.0
160,76082.0,24.147058823529413,0.4021764705882353,0.19143243243243244,1.3088235294117647,0.7384666666666667,0.5294117647058824,1.588235294117647,2.1176470588235294,5.75,2.338235294117647,1.0588235294117647,0.07352941176470588,1.7205882352941178,7.352941176470588,,68.0
161,76091.0,7.5,0.125,0.0,2.0,1.0,1.0,2.5,3.5,0.0,0.0,0.0,0.0,1.5,3.0,,2.0
162,76094.0,14.444444444444445,0.660625,0.0,3.3333333333333335,0.5115714285714286,0.6666666666666666,3.0,3.6666666666666665,0.3333333333333333,0.8888888888888888,0.7777777777777778,0.2222222222222222,1.8888888888888888,8.222222222222221,,9.0
163,76157.0,21.96875,0.4728095238095238,0.38086,2.046875,0.7491363636363637,0.890625,2.1875,3.078125,1.25,1.28125,0.578125,0.34375,3.078125,11.03125,,64.0
164,76158.0,19.63768115942029,0.5123088235294118,0.5,1.4492753623188406,0.6723111111111111,1.2463768115942029,2.6231884057971016,3.869565217391304,1.1159420289855073,1.289855072463768,0.42028985507246375,0.6956521739130435,2.652173913043478,8.826086956521738,,69.0
165,76170.0,8.307692307692308,0.47554545454545455,0.3333333333333333,0.0,0.0,0.3076923076923077,0.6923076923076923,1.0,0.6923076923076923,0.9230769230769231,0.23076923076923078,0.07692307692307693,0.7692307692307693,2.8461538461538463,,13.0
166,76172.0,5.621621621621622,0.42030434782608694,,0.5405405405405406,0.8125,0.2972972972972973,0.8918918918918919,1.1891891891891893,0.32432432432432434,0.3783783783783784,0.08108108108108109,0.35135135135135137,0.972972972972973,1.837837837837838,,37.0
167,76176.0,37.76923076923077,0.4682948717948718,0.3492093023255814,4.051282051282051,0.8790140845070422,0.8974358974358975,2.6025641025641026,3.5,3.6923076923076925,2.1153846153846154,0.8333333333333334,0.2564102564102564,1.7564102564102564,19.666666666666668,,78.0
168,76195.0,22.1125,0.35941249999999997,0.2112,0.5,0.5809642857142857,1.45,4.325,5.775,0.3375,0.9875,0.1375,4.3125,2.825,3.925,,80.0
169,76217.0,20.6,0.44814999999999994,0.6666666666666666,1.4,0.5512142857142858,1.8,3.5,5.3,1.8,1.65,0.35,1.65,2.15,8.55,,20.0
170,76231.0,7.026315789473684,0.2872857142857143,0.2823888888888889,0.21052631578947367,0.42857142857142855,0.18421052631578946,0.6578947368421053,0.8421052631578947,0.631578947368421,0.3684210526315789,0.42105263157894735,0.05263157894736842,1.0789473684210527,1.894736842105263,,38.0
171,76237.0,12.104477611940299,0.41983606557377046,0.18334999999999999,1.2985074626865671,0.704388888888889,0.9402985074626866,1.0298507462686568,1.9701492537313432,0.8955223880597015,0.9552238805970149,0.6716417910447762,0.04477611940298507,1.4776119402985075,7.432835820895522,,67.0
172,76247.0,10.6875,0.4070714285714286,,0.5833333333333334,0.48677272727272725,1.0625,1.75,2.8125,0.4583333333333333,0.6041666666666666,0.1875,0.7708333333333334,1.2291666666666667,4.166666666666667,,48.0
173,76268.0,8.488372093023257,0.3082758620689655,0.25,0.5581395348837209,0.775,0.5116279069767442,0.5116279069767442,1.0232558139534884,0.6046511627906976,0.3953488372093023,0.3488372093023256,0.09302325581395349,0.9767441860465116,2.9767441860465116,,43.0
174,76320.0,4.242424242424242,0.39435000000000003,0.0,0.48484848484848486,0.825,0.2727272727272727,0.5757575757575758,0.8484848484848485,0.06060606060606061,0.5151515151515151,0.030303030303030304,0.06060606060606061,0.8484848484848485,1.696969696969697,,33.0
175,76338.0,12.492063492063492,0.47179999999999994,0.08333333333333333,1.1111111111111112,0.8515625,0.8412698412698413,1.2222222222222223,2.0634920634920637,0.746031746031746,0.9841269841269841,0.5873015873015873,0.09523809523809523,1.7142857142857142,6.158730158730159,,63.0
176,76353.0,31.1875,0.458171875,,2.75,0.7619464285714285,1.84375,5.546875,7.390625,1.640625,2.234375,1.109375,1.265625,3.015625,14.09375,,64.0
177,76362.0,29.91025641025641,0.46664102564102566,,3.0256410256410255,0.7717857142857142,1.9487179487179487,4.730769230769231,6.67948717948718,1.1538461538461537,2.4358974358974357,0.2692307692307692,0.5256410256410257,3.0,12.384615384615385,,78.0
178,76370.0,3.2,0.5,,0.4,0.3335,0.0,0.4,0.4,0.0,0.4,0.0,0.4,0.4,1.2,,5.0
179,76378.0,2.0,0.0,0.0,0.0,,0.0,0.0,0.0,0.0,0.5,0.0,0.0,1.0,0.0,,2.0
180,76385.0,32.36619718309859,0.4970845070422535,0.07692307692307693,2.1267605633802815,0.7956727272727273,0.5492957746478874,2.028169014084507,2.5774647887323945,7.802816901408451,1.6338028169014085,1.4788732394366197,0.23943661971830985,1.6056338028169015,11.605633802816902,,71.0
181,76387.0,19.0,0.40959259259259256,0.16666666666666666,2.3580246913580245,0.770948275862069,1.4074074074074074,1.7530864197530864,3.1604938271604937,0.9506172839506173,1.6790123456790123,0.5925925925925926,0.13580246913580246,1.9876543209876543,9.25925925925926,,81.0
182,76412.0,12.120689655172415,0.4516111111111112,,1.0517241379310345,0.7741935483870968,0.8448275862068966,2.206896551724138,3.0517241379310347,0.29310344827586204,0.8275862068965517,0.1724137931034483,0.3103448275862069,2.0689655172413794,5.086206896551724,,58.0
183,76426.0,16.70149253731343,0.431671875,0.0,1.5820895522388059,0.6556046511627907,1.671641791044776,1.8208955223880596,3.4925373134328357,0.44776119402985076,1.2686567164179106,0.6268656716417911,0.9402985074626866,2.388059701492537,6.537313432835821,,67.0
184,76431.0,30.878048780487806,0.4510853658536586,0.3222333333333333,2.5853658536585367,0.8143432835820895,1.2195121951219512,3.1097560975609757,4.329268292682927,7.365853658536586,2.207317073170732,2.207317073170732,0.06097560975609756,1.6097560975609757,10.28048780487805,,82.0
185,76435.0,17.318181818181817,0.46836507936507926,0.17664000000000002,0.9545454545454546,0.8349677419354838,0.5151515151515151,1.106060606060606,1.621212121212121,1.9242424242424243,1.3333333333333333,1.0757575757575757,0.15151515151515152,1.8333333333333333,7.681818181818182,,66.0
186,76441.0,23.59493670886076,0.45480263157894746,0.25,1.0,0.7416842105263157,2.6835443037974684,5.151898734177215,7.8354430379746836,0.9873417721518988,0.9240506329113924,0.45569620253164556,2.670886075949367,3.8227848101265822,6.582278481012659,,79.0
187,76444.0,24.2875,0.43517721518987346,0.37363636363636366,1.0125,0.8803333333333334,0.4125,1.975,2.3875,3.925,1.175,0.9,0.4,2.325,7.3375,,80.0
188,76453.0,18.308641975308642,0.46727272727272723,0.25,0.8765432098765432,0.7365135135135135,1.1358024691358024,2.753086419753086,3.888888888888889,1.271604938271605,1.1481481481481481,0.35802469135802467,0.5555555555555556,1.654320987654321,5.91358024691358,,81.0
189,76472.0,3.0,0.0,,0.0,,0.5,0.0,0.5,0.0,0.5,0.0,0.0,0.5,0.0,,2.0
190,76483.0,20.67924528301887,0.4650961538461538,0.0,1.3584905660377358,0.76078125,1.5849056603773586,3.7169811320754715,5.30188679245283,0.8867924528301887,2.0943396226415096,0.5471698113207547,0.33962264150943394,3.018867924528302,8.79245283018868,,53.0
191,76497.0,24.956521739130434,0.4448695652173913,0.125,3.1449275362318843,0.7557333333333334,1.0,1.9565217391304348,2.9565217391304346,2.217391304347826,1.7681159420289856,1.3043478260869565,0.08695652173913043,2.2028985507246377,16.144927536231883,,69.0
192,76504.0,33.178082191780824,0.4775753424657534,0.0,6.301369863013699,0.8052769230769231,1.6027397260273972,2.73972602739726,4.342465753424658,2.3424657534246576,2.232876712328767,0.589041095890411,0.1780821917808219,2.547945205479452,19.17808219178082,,73.0
193,76516.0,17.884615384615383,0.4802337662337662,0.33579629629629637,1.2692307692307692,0.8241904761904761,0.1794871794871795,1.205128205128205,1.3846153846153846,3.1025641025641026,1.1794871794871795,0.6153846153846154,0.23076923076923078,1.935897435897436,6.371794871794871,,78.0
194,76518.0,11.122448979591837,0.4253170731707317,0.35,0.3877551020408163,0.7516999999999999,0.9591836734693877,1.3673469387755102,2.326530612244898,0.6326530612244898,0.4489795918367347,0.22448979591836735,0.10204081632653061,1.183673469387755,3.7755102040816326,,49.0
195,76528.0,7.818181818181818,0.4764285714285714,0.041625,0.8484848484848485,0.8166666666666667,0.48484848484848486,0.6363636363636364,1.121212121212121,0.42424242424242425,0.36363636363636365,0.3939393939393939,0.15151515151515152,1.1818181818181819,3.8484848484848486,,33.0
196,76539.0,3.4285714285714284,0.385375,,0.6428571428571429,0.46875,0.21428571428571427,0.2857142857142857,0.5,0.07142857142857142,0.2857142857142857,0.0,0.07142857142857142,0.9285714285714286,1.9285714285714286,,14.0
197,76552.0,2.3870967741935485,0.305,0.0,0.25806451612903225,0.8,0.25806451612903225,0.4838709677419355,0.7419354838709677,0.16129032258064516,0.22580645161290322,0.03225806451612903,0.0,0.4838709677419355,1.1612903225806452,,31.0
198,76583.0,32.943396226415096,0.5680192307692308,,1.7924528301886793,0.7732121212121212,2.981132075471698,7.773584905660377,10.754716981132075,0.7169811320754716,1.5660377358490567,0.4528301886792453,1.528301886792453,2.0943396226415096,9.075471698113208,,53.0
199,76616.0,2.5,0.5,0.5,0.0,,0.0,0.0,0.0,0.0,0.0,0.0,0.0,0.0,1.5,,2.0
200,76618.0,9.441176470588236,0.4,,0.2647058823529412,0.75,0.8823529411764706,0.8823529411764706,1.7647058823529411,0.7352941176470589,0.17647058823529413,0.35294117647058826,0.029411764705882353,1.0294117647058822,0.9705882352941176,,34.0
201,76631.0,35.53658536585366,0.4827439024390245,,1.6097560975609757,0.674322033898305,2.768292682926829,7.512195121951219,10.28048780487805,1.0121951219512195,1.7317073170731707,0.4878048780487805,3.841463414634146,3.5365853658536586,6.195121951219512,,82.0
202,76671.0,4.545454545454546,0.5381111111111111,,0.5454545454545454,0.6,0.45454545454545453,1.0,1.4545454545454546,0.6363636363636364,0.2727272727272727,0.09090909090909091,0.0,1.0909090909090908,2.5454545454545454,,11.0
203,76673.0,36.46341463414634,0.48856097560975614,0.21428571428571427,3.9634146341463414,0.8357435897435898,1.8048780487804879,2.1707317073170733,3.975609756097561,4.670731707317073,2.4146341463414633,0.8048780487804879,0.14634146341463414,2.1219512195121952,26.524390243902438,,82.0
204,76695.0,11.135135135135135,0.3578571428571429,0.4791875,0.7837837837837838,0.6979375,0.5945945945945946,0.8918918918918919,1.4864864864864864,0.7567567567567568,0.7027027027027027,0.24324324324324326,0.0,1.1081081081081081,4.108108108108108,,37.0
205,76703.0,14.526315789473685,0.4104285714285715,0.0,0.9473684210526315,0.784142857142857,1.2105263157894737,2.3333333333333335,3.543859649122807,0.631578947368421,1.1403508771929824,0.2982456140350877,0.3157894736842105,2.3859649122807016,5.017543859649122,,57.0
206,76709.0,2.8333333333333335,0.028571428571428574,,0.5833333333333334,0.875,0.3333333333333333,0.75,1.0833333333333333,0.08333333333333333,0.5,0.0,0.08333333333333333,0.5833333333333334,0.75,,12.0
207,76726.0,34.0,0.4395,0.33952,3.182926829268293,0.8476515151515152,0.5853658536585366,3.1463414634146343,3.731707317073171,8.646341463414634,3.0853658536585367,1.5121951219512195,0.13414634146341464,2.3902439024390243,14.170731707317072,,82.0
208,76748.0,7.65625,0.3394230769230769,0.0,1.21875,0.7833571428571428,0.8125,1.09375,1.90625,0.46875,0.90625,0.4375,0.1875,1.84375,3.34375,,32.0
209,76752.0,6.804347826086956,0.5070882352941176,0.25,0.5217391304347826,0.6807692307692308,0.5652173913043478,0.5652173913043478,1.1304347826086956,0.43478260869565216,0.7391304347826086,0.30434782608695654,0.13043478260869565,1.2826086956521738,3.3043478260869565,,46.0
210,76770.0,10.53125,0.4187391304347826,0.25,0.375,0.7999999999999999,0.09375,0.5,0.59375,2.09375,0.625,0.46875,0.03125,0.84375,2.09375,,32.0
211,76782.0,33.68354430379747,0.4394303797468354,0.18228125,2.569620253164557,0.8056031746031747,1.2784810126582278,2.8734177215189876,4.151898734177215,6.3924050632911396,2.367088607594937,2.2151898734177213,0.17721518987341772,2.7341772151898733,14.49367088607595,,79.0
212,76790.0,21.112676056338028,0.5091044776119403,0.0,1.4366197183098592,0.8111764705882353,0.5211267605633803,1.676056338028169,2.1971830985915495,3.4225352112676055,1.6338028169014085,1.0985915492957747,0.1267605633802817,1.9859154929577465,6.394366197183099,,71.0
213,76812.0,3.5,0.40275,,0.5416666666666666,0.5227272727272727,0.2916666666666667,0.6666666666666666,0.9583333333333334,0.08333333333333333,0.20833333333333334,0.08333333333333333,0.16666666666666666,1.2083333333333333,1.0416666666666667,,24.0
214,76826.0,33.40243902439025,0.4737317073170732,0.0,3.6219512195121952,0.8665416666666667,2.597560975609756,6.780487804878049,9.378048780487806,1.6829268292682926,1.5731707317073171,0.5609756097560976,1.2926829268292683,1.7317073170731707,17.182926829268293,,82.0
215,76831.0,9.037037037037036,0.38038461538461543,0.26185714285714284,0.9629629629629629,0.6269230769230769,0.5555555555555556,0.7777777777777778,1.3333333333333333,1.2592592592592593,0.6296296296296297,0.48148148148148145,0.037037037037037035,1.3333333333333333,3.888888888888889,,27.0
216,76841.0,3.142857142857143,0.3332857142857143,,0.2857142857142857,0.5,1.1428571428571428,0.42857142857142855,1.5714285714285714,0.0,0.2857142857142857,0.0,0.0,0.8571428571428571,1.1428571428571428,,7.0
217,76861.0,10.875,0.4492931034482759,0.0,0.6111111111111112,0.6653846153846155,1.1666666666666667,2.236111111111111,3.4027777777777777,0.4027777777777778,0.6666666666666666,0.1527777777777778,0.2916666666666667,1.7777777777777777,2.611111111111111,,72.0
218,76862.0,22.181818181818183,0.4048888888888889,0.25,1.9090909090909092,0.6575714285714286,2.1272727272727274,3.0727272727272728,5.2,2.1272727272727274,1.8545454545454545,0.6545454545454545,0.45454545454545453,2.618181818181818,8.0,,55.0
219,76874.0,13.825396825396826,0.4245254237288136,0.25,0.47619047619047616,0.90625,0.1746031746031746,0.9206349206349206,1.0952380952380953,2.9682539682539684,0.9682539682539683,0.6349206349206349,0.031746031746031744,0.5555555555555556,4.619047619047619,,63.0
220,76876.0,15.573170731707316,0.4636625,0.0,1.5731707317073171,0.7405961538461537,1.9146341463414633,2.8902439024390243,4.804878048780488,0.926829268292683,1.524390243902439,0.573170731707317,0.21951219512195122,2.097560975609756,6.304878048780488,,82.0
221,76881.0,20.940298507462686,0.35854545454545456,,1.9701492537313432,0.7735510204081631,2.08955223880597,3.91044776119403,6.0,1.4328358208955223,1.3582089552238805,0.7014925373134329,0.7761194029850746,3.0,6.955223880597015,,67.0
222,76890.0,29.048780487804876,0.4468658536585364,0.2876027397260274,1.7317073170731707,0.7539830508474576,0.9390243902439024,3.0853658536585367,4.024390243902439,1.5853658536585367,1.7195121951219512,1.048780487804878,0.2682926829268293,2.1341463414634148,13.841463414634147,,82.0
223,76901.0,14.0,0.2572,,0.6,0.75,1.0,2.2,3.2,1.0,1.6,0.2,0.2,3.0,4.2,,5.0
224,76942.0,20.956521739130434,0.4455111111111111,0.32659375,0.9130434782608695,0.5446071428571428,0.6304347826086957,2.152173913043478,2.782608695652174,1.0869565217391304,0.9782608695652174,0.8043478260869565,0.13043478260869565,2.282608695652174,7.413043478260869,,46.0
225,76944.0,17.097560975609756,0.4344358974358974,0.2,1.6585365853658536,0.7683333333333332,0.43902439024390244,1.829268292682927,2.268292682926829,2.097560975609756,1.2926829268292683,0.6097560975609756,0.12195121951219512,2.0,4.902439024390244,,41.0
226,76960.0,2.3333333333333335,0.1665,,0.6666666666666666,1.0,0.0,0.6666666666666666,0.6666666666666666,0.0,0.0,0.3333333333333333,0.0,0.3333333333333333,1.3333333333333333,,3.0
227,76968.0,16.08,0.4072089552238806,0.30434782608695654,1.2133333333333334,0.8447073170731706,0.96,2.12,3.08,0.7866666666666666,0.9066666666666666,0.4266666666666667,0.56,2.7066666666666666,5.1466666666666665,,75.0
228,76993.0,15.169230769230769,0.41773015873015873,0.31063829787234043,1.6,0.8254722222222222,0.26153846153846155,0.7846153846153846,1.0461538461538462,2.1538461538461537,1.123076923076923,0.6461538461538462,0.046153846153846156,1.8615384615384616,6.538461538461538,,65.0
229,77019.0,23.296296296296298,0.4666172839506172,0.3860434782608696,2.3209876543209877,0.7972999999999999,1.3703703703703705,3.271604938271605,4.6419753086419755,1.9753086419753085,0.9382716049382716,0.48148148148148145,0.5185185185185185,2.123456790123457,10.567901234567902,,81.0
230,77030.0,31.0,0.4818048780487804,0.0,3.8780487804878048,0.7522133333333333,1.853658536585366,4.512195121951219,6.365853658536586,0.8658536585365854,2.0121951219512195,0.4146341463414634,1.475609756097561,3.6341463414634148,15.951219512195122,,82.0
231,77034.0,20.406779661016948,0.4480357142857142,0.36668627450980396,0.8135593220338984,0.8666800000000001,0.3898305084745763,1.11864406779661,1.5084745762711864,2.4745762711864407,0.9661016949152542,0.7288135593220338,0.06779661016949153,1.5254237288135593,8.966101694915254,,59.0
232,77047.0,25.313432835820894,0.42104477611940294,0.22727272727272727,1.791044776119403,0.8096458333333333,0.44776119402985076,1.1194029850746268,1.5671641791044777,6.3283582089552235,1.7761194029850746,0.9850746268656716,0.1791044776119403,2.462686567164179,8.253731343283581,,67.0
233,77053.0,18.428571428571427,0.5803866666666667,0.5,1.3116883116883118,0.71734,1.5974025974025974,3.3896103896103895,4.987012987012987,0.7402597402597403,1.0,0.3246753246753247,0.2727272727272727,3.103896103896104,6.4935064935064934,,77.0
234,77054.0,25.016129032258064,0.3927833333333334,0.11904761904761904,3.0,0.8620769230769232,1.467741935483871,1.7903225806451613,3.2580645161290325,1.6612903225806452,1.6451612903225807,1.1290322580645162,0.4838709677419355,2.4193548387096775,12.709677419354838,,62.0
235,77057.0,4.48,0.2818823529411765,,0.48,0.5625,0.36,0.52,0.88,0.12,0.6,0.04,0.28,0.56,1.68,,25.0
236,77071.0,6.161290322580645,0.48832000000000003,,0.5483870967741935,0.6923076923076923,0.45161290322580644,0.8387096774193549,1.2903225806451613,0.3548387096774194,0.2903225806451613,0.1935483870967742,0.0,0.6451612903225806,2.3548387096774195,,31.0
237,77077.0,8.615384615384615,0.4638333333333333,0.3095,0.2692307692307692,0.6799999999999999,0.23076923076923078,0.5,0.7307692307692307,1.3461538461538463,0.4230769230769231,0.6538461538461539,0.07692307692307693,1.1538461538461537,2.6923076923076925,,26.0
238,77081.0,30.410958904109588,0.4845616438356165,0.24526415094339624,1.7671232876712328,0.79714,0.958904109589041,1.63013698630137,2.589041095890411,5.5479452054794525,2.191780821917808,1.9452054794520548,0.0684931506849315,2.5616438356164384,11.561643835616438,,73.0
239,77092.0,10.337662337662337,0.40379032258064523,0.0,0.4675324675324675,0.85,0.5324675324675324,1.1818181818181819,1.7142857142857142,0.4155844155844156,0.6753246753246753,0.14285714285714285,0.16883116883116883,1.2857142857142858,2.3376623376623376,,77.0
240,77104.0,5.0,0.42269999999999996,0.3,0.07142857142857142,0.5,0.07142857142857142,0.21428571428571427,0.2857142857142857,0.7857142857142857,0.2857142857142857,0.21428571428571427,0.0,0.8571428571428571,1.5,,14.0
241,77130.0,27.611940298507463,0.521378787878788,0.125,1.507462686567164,0.7532127659574467,1.7014925373134329,2.5671641791044775,4.268656716417911,1.8805970149253732,1.6417910447761195,0.9552238805970149,0.5223880597014925,3.1791044776119404,9.582089552238806,,67.0
242,77134.0,20.51388888888889,0.5150416666666666,,1.7916666666666667,0.4801090909090909,1.875,3.0972222222222223,4.972222222222222,1.4583333333333333,1.9444444444444444,0.2777777777777778,0.6111111111111112,3.5277777777777777,10.01388888888889,,72.0
243,77141.0,32.041666666666664,0.4317777777777778,0.09045714285714286,2.2222222222222223,0.7939777777777778,0.4305555555555556,2.2083333333333335,2.638888888888889,6.555555555555555,2.4305555555555554,1.3055555555555556,0.2916666666666667,2.9305555555555554,10.01388888888889,,72.0
244,77142.0,37.48051948051948,0.5213116883116883,0.32630882352941176,6.662337662337662,0.9094736842105262,1.4415584415584415,6.441558441558442,7.883116883116883,12.831168831168831,4.0519480519480515,1.7922077922077921,0.2857142857142857,2.2337662337662336,22.467532467532468,,77.0
245,77146.0,13.119402985074627,0.38404615384615387,0.16666666666666666,1.1194029850746268,0.7999999999999999,0.3283582089552239,0.8507462686567164,1.1791044776119404,2.701492537313433,1.5223880597014925,0.6268656716417911,0.0,1.3582089552238805,4.388059701492537,,67.0
246,77167.0,25.28048780487805,0.4352195121951219,0.22753846153846155,2.3536585365853657,0.7428923076923076,1.329268292682927,1.7804878048780488,3.1097560975609757,2.951219512195122,1.2804878048780488,0.9024390243902439,0.2073170731707317,1.8902439024390243,13.78048780487805,,82.0
247,77173.0,5.9393939393939394,0.36030769230769233,0.35,0.42424242424242425,0.8833333333333333,0.42424242424242425,0.42424242424242425,0.8484848484848485,0.5151515151515151,0.15151515151515152,0.3333333333333333,0.09090909090909091,0.6060606060606061,2.303030303030303,,33.0
248,77175.0,17.76388888888889,0.40996923076923075,0.0,0.6666666666666666,0.7852692307692308,1.2222222222222223,2.9444444444444446,4.166666666666667,0.8194444444444444,1.1527777777777777,0.3333333333333333,1.1805555555555556,2.3055555555555554,2.8055555555555554,,72.0
249,77178.0,12.0,0.46177142857142855,0.3333333333333333,0.7674418604651163,0.6493043478260869,1.255813953488372,2.0,3.255813953488372,0.4186046511627907,0.5116279069767442,0.4186046511627907,0.37209302325581395,1.1395348837209303,2.558139534883721,,43.0
250,77180.0,8.297297297297296,0.49665517241379314,0.0,0.7837837837837838,0.6973684210526315,0.5405405405405406,0.7297297297297297,1.2702702702702702,0.5405405405405406,0.4864864864864865,0.4594594594594595,0.16216216216216217,1.027027027027027,3.4864864864864864,,37.0
251,77263.0,17.195652173913043,0.4181739130434782,0.1981111111111111,0.8043478260869565,0.79,0.717391304347826,2.3260869565217392,3.0434782608695654,1.7173913043478262,1.608695652173913,0.5869565217391305,0.15217391304347827,2.108695652173913,7.108695652173913,,46.0
252,77264.0,31.59259259259259,0.4648024691358025,0.19736842105263158,4.45679012345679,0.8124675324675324,1.6419753086419753,3.0987654320987654,4.7407407407407405,3.6296296296296298,2.802469135802469,0.7901234567901234,0.16049382716049382,2.7037037037037037,20.666666666666668,,81.0
253,77294.0,9.368421052631579,0.34268750000000003,0.0,0.3157894736842105,0.54175,0.2631578947368421,0.3684210526315789,0.631578947368421,1.0526315789473684,0.6842105263157895,0.47368421052631576,0.0,1.1578947368421053,1.5789473684210527,,19.0
254,77332.0,4.756756756756757,0.4452812500000001,0.5,0.10810810810810811,0.8335,0.16216216216216217,0.7567567567567568,0.918918918918919,0.40540540540540543,0.43243243243243246,0.21621621621621623,0.05405405405405406,0.7297297297297297,1.6216216216216217,,37.0
255,77335.0,10.185185185185185,0.3839038461538461,0.0,0.7962962962962963,0.46989655172413797,1.6111111111111112,2.0925925925925926,3.7037037037037037,1.1111111111111112,0.9259259259259259,0.37037037037037035,0.07407407407407407,1.9444444444444444,4.833333333333333,,54.0
256,77353.0,11.4,0.295,0.12758620689655173,0.8,0.6956521739130435,0.23636363636363636,0.7272727272727273,0.9636363636363636,2.309090909090909,1.1272727272727272,0.45454545454545453,0.09090909090909091,1.1090909090909091,3.2545454545454544,,55.0
257,77361.0,14.736842105263158,0.4162142857142857,0.0,0.9298245614035088,0.6839629629629629,1.280701754385965,3.263157894736842,4.543859649122807,0.7368421052631579,0.9298245614035088,0.3508771929824561,0.5789473684210527,2.4210526315789473,4.754385964912281,,57.0
258,77372.0,9.524390243902438,0.29900000000000004,0.038461538461538464,0.6951219512195121,0.7916785714285715,0.2804878048780488,0.7804878048780488,1.0609756097560976,2.6219512195121952,1.0731707317073171,0.32926829268292684,0.06097560975609756,1.0731707317073171,1.6829268292682926,,82.0
259,77376.0,38.66197183098591,0.4584788732394366,0.28271875,3.8028169014084505,0.7893076923076924,2.6338028169014085,6.690140845070423,9.32394366197183,7.873239436619718,2.211267605633803,2.7464788732394365,0.28169014084507044,2.507042253521127,19.845070422535212,,71.0
260,77377.0,27.3,0.5195125,0.2,1.6625,0.6969636363636363,2.425,3.8,6.225,0.9375,1.3125,1.2125,0.875,3.375,9.175,,80.0
261,77383.0,8.0,0.40263888888888894,0.3333333333333333,0.4523809523809524,0.5796923076923076,0.8333333333333334,0.6190476190476191,1.4523809523809523,0.35714285714285715,0.5714285714285714,0.2619047619047619,0.07142857142857142,0.6666666666666666,3.238095238095238,,42.0
262,77384.0,32.67901234567901,0.47495061728395055,0.13636363636363635,3.506172839506173,0.7663947368421052,1.4320987654320987,3.2222222222222223,4.654320987654321,2.691358024691358,1.7530864197530864,1.5308641975308641,0.8888888888888888,3.185185185185185,18.45679012345679,,81.0
263,77398.0,5.5,0.26153846153846155,,0.6,0.75,0.7,0.9,1.6,0.2,0.65,0.15,0.2,0.75,1.5,,20.0
264,77415.0,17.857142857142858,0.40275,0.0,0.5,0.6,0.42857142857142855,2.0,2.4285714285714284,6.642857142857143,0.6428571428571429,1.0,0.0,2.0,1.6428571428571428,,14.0
265,77419.0,11.378378378378379,0.3387,0.20927906976744187,0.7297297297297297,0.725,0.2972972972972973,0.7702702702702703,1.0675675675675675,3.5135135135135136,0.8918918918918919,0.8108108108108109,0.013513513513513514,0.7162162162162162,4.1891891891891895,,74.0
266,77449.0,35.53086419753087,0.49313580246913585,0.0,6.925925925925926,0.7744691358024691,4.765432098765432,7.037037037037037,11.802469135802468,1.382716049382716,3.0246913580246915,0.9753086419753086,1.2345679012345678,1.9012345679012346,20.209876543209877,,81.0
267,77456.0,3.2,0.45825,0.0,0.0,,0.0,0.5,0.5,0.2,0.3,0.3,0.0,0.5,0.8,,10.0
268,77516.0,15.518518518518519,0.46755128205128205,0.0,1.0740740740740742,0.6559622641509434,1.0740740740740742,2.1481481481481484,3.2222222222222223,0.6666666666666666,0.8395061728395061,0.2222222222222222,0.2962962962962963,2.382716049382716,5.246913580246914,,81.0
269,77524.0,9.363636363636363,0.704125,,0.8181818181818182,0.5,0.36363636363636365,0.7272727272727273,1.0909090909090908,0.45454545454545453,0.2727272727272727,0.36363636363636365,0.0,1.0,3.1818181818181817,,11.0
270,77530.0,25.3375,0.4488607594936709,0.3359350649350649,0.9625,0.5306181818181819,0.9125,1.45,2.3625,1.45,1.55,1.0,0.15,2.3,12.975,,80.0
271,77558.0,8.153846153846153,0.4182142857142857,,1.2564102564102564,0.6398928571428572,0.9743589743589743,1.5897435897435896,2.5641025641025643,0.2564102564102564,0.6153846153846154,0.10256410256410256,0.07692307692307693,1.3076923076923077,2.8974358974358974,,39.0
272,77614.0,14.708333333333334,0.3864347826086956,,1.5416666666666667,0.5211578947368422,0.75,1.3333333333333333,2.0833333333333335,0.875,1.375,0.6666666666666666,0.08333333333333333,2.125,5.125,,24.0
273,77623.0,9.324324324324325,0.4049298245614035,0.275,0.5405405405405406,0.7934782608695652,0.8513513513513513,1.6756756756756757,2.527027027027027,0.4864864864864865,0.47297297297297297,0.3918918918918919,0.28378378378378377,2.0675675675675675,2.22972972972973,,74.0
274,77626.0,25.70967741935484,0.5035161290322582,0.3232558139534884,3.306451612903226,0.8465961538461537,0.7419354838709677,2.032258064516129,2.774193548387097,3.032258064516129,1.5161290322580645,1.0483870967741935,0.20967741935483872,1.8387096774193548,12.129032258064516,,62.0
275,77652.0,5.5,0.75,,0.0,,0.0,0.0,0.0,0.5,0.5,0.0,0.0,1.0,3.0,,2.0
276,77685.0,34.602739726027394,0.5319041095890411,0.0,3.6575342465753424,0.7937575757575758,2.136986301369863,5.821917808219178,7.958904109589041,2.1780821917808217,1.6027397260273972,0.7808219178082192,2.8219178082191783,2.547945205479452,17.246575342465754,,73.0
277,77691.0,14.708333333333334,0.3975909090909091,0.0,2.375,0.6950000000000001,1.1666666666666667,2.0833333333333335,3.25,0.75,1.25,0.3333333333333333,0.125,1.3333333333333333,6.291666666666667,,24.0
278,77694.0,9.433962264150944,0.3953863636363636,0.24664000000000003,0.2641509433962264,0.6818181818181818,0.1320754716981132,0.41509433962264153,0.5471698113207547,2.2264150943396226,1.0188679245283019,0.4528301886792453,0.07547169811320754,1.320754716981132,2.150943396226415,,53.0
279,77697.0,6.0,0.36804166666666666,0.0,0.09302325581395349,0.4,0.5116279069767442,1.302325581395349,1.813953488372093,0.32558139534883723,0.16279069767441862,0.16279069767441862,0.023255813953488372,1.0465116279069768,0.6976744186046512,,43.0
280,77707.0,5.3023255813953485,0.4311333333333333,,0.2558139534883721,0.6111111111111112,0.3953488372093023,1.0930232558139534,1.4883720930232558,0.06976744186046512,0.5116279069767442,0.11627906976744186,0.6744186046511628,1.186046511627907,1.5116279069767442,,43.0
281,77721.0,24.867924528301888,0.3802549019607843,0.21489473684210528,0.9056603773584906,0.7319130434782608,0.24528301886792453,1.2264150943396226,1.471698113207547,6.30188679245283,2.2264150943396226,0.8679245283018868,0.0,1.3018867924528301,6.830188679245283,,53.0
282,77771.0,6.411764705882353,0.4067,0.0,0.6078431372549019,0.6627142857142857,0.5882352941176471,0.5490196078431373,1.1372549019607843,0.21568627450980393,0.7058823529411765,0.1568627450980392,0.13725490196078433,0.7843137254901961,2.764705882352941,,51.0
283,77819.0,20.140350877192983,0.4408421052631578,0.14285714285714285,1.4736842105263157,0.7953235294117648,0.3157894736842105,0.9824561403508771,1.2982456140350878,1.8771929824561404,1.0,0.6666666666666666,0.14035087719298245,1.6842105263157894,8.631578947368421,,57.0
284,77820.0,22.28205128205128,0.4516233766233766,0.284640625,0.3974358974358974,0.84375,0.16666666666666666,1.0384615384615385,1.205128205128205,3.948717948717949,0.9102564102564102,0.6794871794871795,0.07692307692307693,2.076923076923077,7.269230769230769,,78.0
285,77839.0,24.742424242424242,0.44813636363636367,0.0,1.7424242424242424,0.7426590909090908,1.8333333333333333,4.424242424242424,6.257575757575758,1.2272727272727273,2.227272727272727,0.7121212121212122,1.0303030303030303,3.5757575757575757,10.166666666666666,,66.0
286,77872.0,6.235294117647059,0.5075000000000001,,0.11764705882352941,0.5,0.7058823529411765,0.8823529411764706,1.588235294117647,0.47058823529411764,0.5882352941176471,0.058823529411764705,0.17647058823529413,1.0,2.0,,17.0
287,77879.0,32.38805970149254,0.4603582089552239,0.2571428571428571,2.791044776119403,0.7942678571428571,1.0895522388059702,2.8208955223880596,3.91044776119403,6.552238805970149,2.746268656716418,1.7761194029850746,0.6567164179104478,3.298507462686567,12.134328358208956,,67.0
288,77880.0,9.538461538461538,0.33649999999999997,0.0,0.38461538461538464,0.4375,0.23076923076923078,0.9230769230769231,1.1538461538461537,2.0,0.8461538461538461,0.3076923076923077,0.0,0.8461538461538461,1.7692307692307692,,13.0
289,77881.0,28.2125,0.42182499999999995,0.359474358974359,1.2,0.738,2.7,3.3625,6.0625,2.175,1.55,1.1625,0.95,2.7,12.2625,,80.0
290,77905.0,29.773333333333333,0.5213378378378379,0.0,2.4266666666666667,0.748859649122807,3.5866666666666664,5.786666666666667,9.373333333333333,2.12,1.9733333333333334,1.3333333333333333,0.76,2.7733333333333334,11.093333333333334,,75.0
291,77936.0,26.24390243902439,0.41737804878048773,0.308325,1.853658536585366,0.7766451612903226,1.0,2.682926829268293,3.682926829268293,1.8658536585365855,1.2926829268292683,0.6463414634146342,0.24390243902439024,2.8658536585365852,14.71951219512195,,82.0
292,77946.0,13.160714285714286,0.4254821428571428,0.15275,2.267857142857143,0.7358947368421053,0.875,0.9107142857142857,1.7857142857142858,1.1071428571428572,1.0178571428571428,0.9464285714285714,0.4642857142857143,1.0357142857142858,7.642857142857143,,56.0
293,77969.0,3.25,0.4426875,0.0,0.5714285714285714,0.65,0.32142857142857145,0.5357142857142857,0.8571428571428571,0.10714285714285714,0.32142857142857145,0.14285714285714285,0.03571428571428571,0.75,1.4285714285714286,,28.0
294,77970.0,9.361702127659575,0.4328809523809523,0.16666666666666666,0.7446808510638298,0.8421052631578947,0.2765957446808511,0.6382978723404256,0.9148936170212766,2.25531914893617,1.297872340425532,0.48936170212765956,0.19148936170212766,1.0638297872340425,2.851063829787234,,47.0
295,77986.0,29.714285714285715,0.443,0.0,2.2857142857142856,0.7246666666666667,1.3571428571428572,4.0,5.357142857142857,2.2857142857142856,2.4285714285714284,1.2142857142857142,0.14285714285714285,2.642857142857143,15.142857142857142,,14.0
296,78014.0,9.716666666666667,0.44803921568627453,0.0,0.2,0.65,0.6333333333333333,1.6833333333333333,2.316666666666667,0.31666666666666665,0.36666666666666664,0.18333333333333332,0.6333333333333333,1.4833333333333334,2.2666666666666666,,60.0
297,78016.0,1.5,0.0,,0.0,,0.5,0.5,1.0,0.0,0.0,0.0,0.0,0.0,0.0,,2.0
298,78022.0,8.492063492063492,0.295811320754717,0.15384615384615385,0.9523809523809523,0.6638275862068965,0.31746031746031744,0.6984126984126984,1.0158730158730158,0.873015873015873,0.6349206349206349,0.38095238095238093,0.07936507936507936,1.0952380952380953,2.873015873015873,,63.0
299,78029.0,1.6666666666666667,0.25,,0.5555555555555556,0.75,0.1111111111111111,0.4444444444444444,0.5555555555555556,0.0,0.0,0.0,0.0,0.0,0.7777777777777778,,9.0
300,78031.0,15.205882352941176,0.5099393939393939,1.0,1.911764705882353,0.7874545454545455,1.6470588235294117,2.3823529411764706,4.029411764705882,0.7058823529411765,0.5294117647058824,0.29411764705882354,0.35294117647058826,2.0294117647058822,6.647058823529412,,34.0
301,78055.0,17.80327868852459,0.5101833333333333,0.5,1.0163934426229508,0.6197941176470588,1.721311475409836,3.3114754098360657,5.032786885245901,1.2622950819672132,1.4754098360655739,0.5081967213114754,1.0655737704918034,2.7868852459016393,6.442622950819672,,61.0
302,78059.0,25.634146341463413,0.44341463414634147,0.3,1.1829268292682926,0.7415581395348837,1.1951219512195121,2.548780487804878,3.7439024390243905,1.6219512195121952,1.2682926829268293,1.0853658536585367,0.3902439024390244,2.8048780487804876,9.317073170731707,,82.0
303,78087.0,11.217391304347826,0.36228125,0.3150196078431373,0.6666666666666666,0.7825909090909092,0.8405797101449275,1.5507246376811594,2.391304347826087,0.5217391304347826,0.6956521739130435,0.5362318840579711,0.34782608695652173,1.9710144927536233,5.188405797101449,,69.0
304,78110.0,21.65,0.483240506329114,0.5,1.075,0.873891891891892,1.0625,1.775,2.8375,1.2375,0.9,0.4375,0.8625,2.2,6.8875,,80.0
305,78139.0,17.8,0.38685937499999995,0.25,1.1846153846153846,0.84546875,1.0,1.7538461538461538,2.753846153846154,1.646153846153846,1.0769230769230769,0.676923076923077,0.2,1.7846153846153847,7.415384615384616,,65.0
306,78146.0,15.6,0.452625,0.2777777777777778,0.28,0.875,0.36,0.8,1.16,2.36,1.0,0.6,0.0,0.68,4.08,,25.0
307,78149.0,32.3375,0.4322875,0.33780952380952384,3.325,0.8942058823529412,1.7625,6.025,7.7875,3.6125,1.8125,1.0625,0.7625,3.75,13.35,,80.0
308,78175.0,5.5,0.0,0.0,1.0,1.0,0.0,0.5,0.5,1.0,1.0,0.0,0.0,0.0,1.0,,2.0
309,78183.0,19.923076923076923,0.41710937499999995,0.21153846153846154,1.9846153846153847,0.7111999999999999,0.9384615384615385,1.6307692307692307,2.5692307692307694,1.9692307692307693,1.353846153846154,0.6615384615384615,0.35384615384615387,2.523076923076923,8.738461538461538,,65.0
310,78195.0,23.7125,0.5641375,,0.225,0.29582142857142857,3.4,4.75,8.15,1.475,1.375,0.7625,0.675,3.1,5.7,,80.0
311,78198.0,19.9625,0.42945,0.16664285714285715,2.175,0.7721166666666667,1.6,2.525,4.125,1.75,1.6125,1.1,0.5,2.0625,10.0375,,80.0
312,78247.0,5.9714285714285715,0.36533333333333334,0.2222222222222222,0.4857142857142857,0.7666999999999999,0.3142857142857143,0.34285714285714286,0.6571428571428571,1.0571428571428572,0.8285714285714286,0.2571428571428571,0.11428571428571428,0.6285714285714286,1.8571428571428572,,35.0
313,78250.0,9.037037037037036,0.45652173913043476,0.5833333333333334,1.1851851851851851,0.890625,0.48148148148148145,0.7037037037037037,1.1851851851851851,0.5925925925925926,0.48148148148148145,0.4074074074074074,0.037037037037037035,1.1851851851851851,3.814814814814815,,27.0
314,78271.0,4.4,0.25,,0.0,,1.0,1.8,2.8,0.6,0.6,0.0,0.4,0.6,0.8,,5.0
315,78279.0,19.676470588235293,0.42816417910447757,0.4840217391304348,0.6911764705882353,0.8452500000000001,0.2647058823529412,1.0147058823529411,1.2794117647058822,2.014705882352941,1.2794117647058822,0.39705882352941174,0.014705882352941176,1.1470588235294117,10.426470588235293,,68.0
316,78293.0,31.105263157894736,0.5285263157894736,0.0,3.473684210526316,0.7083333333333334,4.052631578947368,7.421052631578948,11.473684210526315,0.8947368421052632,2.3684210526315788,1.4736842105263157,1.5789473684210527,3.6842105263157894,17.263157894736842,,19.0
317,78295.0,17.523809523809526,0.3445238095238095,0.0,1.1428571428571428,0.7521249999999999,0.5238095238095238,1.0952380952380953,1.619047619047619,2.0476190476190474,0.9523809523809523,1.0476190476190477,0.23809523809523808,1.7619047619047619,6.857142857142857,,21.0
318,78304.0,23.772727272727273,0.4543333333333333,0.16666666666666666,2.757575757575758,0.7752727272727273,1.6666666666666667,2.3181818181818183,3.984848484848485,1.4545454545454546,1.7575757575757576,1.196969696969697,0.25757575757575757,2.621212121212121,15.181818181818182,,66.0
319,78310.0,30.695121951219512,0.44937804878048776,0.2692051282051282,3.475609756097561,0.830388888888889,1.048780487804878,1.9024390243902438,2.951219512195122,4.719512195121951,2.3658536585365852,1.3170731707317074,0.1951219512195122,2.8780487804878048,15.804878048780488,,82.0
320,78318.0,36.55,0.4540125,0.22594444444444445,3.5875,0.8268153846153845,0.6125,2.8,3.4125,8.2875,3.725,1.6625,0.25,2.6125,18.225,,80.0
321,78323.0,9.652173913043478,0.32147368421052636,0.0,0.9565217391304348,0.90625,0.391304347826087,0.8260869565217391,1.2173913043478262,0.5652173913043478,0.8260869565217391,0.5652173913043478,0.043478260869565216,1.434782608695652,2.6956521739130435,,23.0
322,78331.0,24.925,0.5388999999999999,0.0,1.95,0.6478030303030302,1.9625,3.875,5.8375,0.6,1.2125,0.725,0.7375,2.8,9.225,,80.0
323,78347.0,7.571428571428571,0.4048333333333333,0.0,0.0,0.0,0.7142857142857143,0.5714285714285714,1.2857142857142858,0.42857142857142855,0.2857142857142857,0.14285714285714285,0.2857142857142857,1.7142857142857142,2.2857142857142856,,7.0
324,78348.0,6.82,0.39864864864864863,,0.46,0.609375,0.62,1.14,1.76,0.32,0.7,0.26,0.26,1.1,2.06,,50.0
325,78352.0,4.5,0.1665,0.0,0.0,0.0,0.5,0.5,1.0,0.0,1.0,0.0,0.0,0.5,1.0,,2.0
326,78369.0,32.42253521126761,0.4643661971830986,0.35127450980392155,6.197183098591549,0.8608260869565217,1.1126760563380282,2.647887323943662,3.76056338028169,3.1549295774647885,3.323943661971831,1.2394366197183098,0.22535211267605634,2.76056338028169,22.619718309859156,,71.0
327,78375.0,22.51851851851852,0.4519113924050633,0.4104871794871795,0.5308641975308642,0.829695652173913,0.6790123456790124,1.4938271604938271,2.1728395061728394,1.6296296296296295,0.7283950617283951,1.0864197530864197,0.07407407407407407,2.0123456790123457,8.481481481481481,,81.0
328,78377.0,3.25,0.5,,0.0,,0.0,0.75,0.75,0.0,1.0,0.5,0.0,0.5,1.5,,4.0
329,78378.0,22.384615384615383,0.43690909090909086,0.2857142857142857,0.4230769230769231,0.574,1.3974358974358974,2.282051282051282,3.6794871794871793,1.8461538461538463,0.7692307692307693,1.1538461538461537,0.10256410256410256,2.6794871794871793,4.32051282051282,,78.0
330,78390.0,15.1,0.43222727272727274,0.1111111111111111,0.6714285714285714,0.7536521739130435,1.0571428571428572,1.9285714285714286,2.9857142857142858,0.5714285714285714,0.7285714285714285,0.34285714285714286,0.5571428571428572,1.2857142857142858,5.514285714285714,,70.0
331,78394.0,19.28125,0.47878125,0.19230769230769232,0.5625,0.6538461538461539,0.3125,1.21875,1.53125,3.65625,1.71875,0.8125,0.09375,2.5,6.84375,,32.0
332,78395.0,14.103896103896103,0.42945833333333333,0.15384615384615385,1.1818181818181819,0.8073125000000001,0.2857142857142857,1.051948051948052,1.3376623376623376,2.25974025974026,1.077922077922078,0.7402597402597403,0.09090909090909091,1.1428571428571428,4.753246753246753,,77.0
333,78404.0,20.755555555555556,0.45766666666666667,0.38588461538461544,1.7777777777777777,0.8971481481481481,0.5777777777777777,1.0,1.5777777777777777,1.5333333333333334,0.9111111111111111,0.4222222222222222,0.24444444444444444,1.6888888888888889,11.088888888888889,,45.0
334,78417.0,24.32857142857143,0.4755882352941177,0.09375,1.5142857142857142,0.8049333333333334,0.4857142857142857,2.2285714285714286,2.7142857142857144,4.785714285714286,2.0285714285714285,0.7571428571428571,0.14285714285714285,1.7714285714285714,9.371428571428572,,70.0
335,78418.0,22.275862068965516,0.3528275862068966,0.3333333333333333,1.3793103448275863,0.6785555555555556,1.3103448275862069,2.4827586206896552,3.793103448275862,0.9310344827586207,1.4482758620689655,0.20689655172413793,0.13793103448275862,2.1724137931034484,8.586206896551724,,29.0
336,78437.0,32.46835443037975,0.4195696202531646,0.0,1.7974683544303798,0.7329038461538461,1.7088607594936709,4.708860759493671,6.417721518987341,6.2784810126582276,2.329113924050633,1.8987341772151898,0.2911392405063291,2.7468354430379747,9.037974683544304,,79.0
337,78440.0,14.721518987341772,0.4981038961038961,0.25,0.8354430379746836,0.7592777777777777,1.2784810126582278,1.6329113924050633,2.911392405063291,0.45569620253164556,0.5569620253164557,0.5189873417721519,0.569620253164557,2.367088607594937,5.30379746835443,,79.0
338,78465.0,19.72222222222222,0.42076923076923073,0.038461538461538464,1.5185185185185186,0.7936388888888889,0.9074074074074074,1.3703703703703705,2.2777777777777777,4.185185185185185,2.259259259259259,1.3518518518518519,0.07407407407407407,1.8703703703703705,7.611111111111111,,54.0
339,78504.0,12.642857142857142,0.47737499999999994,0.0,0.5357142857142857,0.7618571428571429,0.6071428571428571,0.5,1.1071428571428572,1.9285714285714286,0.8571428571428571,0.9642857142857143,0.0,0.9285714285714286,3.75,,28.0
340,78507.0,11.473684210526315,0.42454545454545456,,0.8947368421052632,0.8231428571428572,0.8947368421052632,0.9210526315789473,1.8157894736842106,0.4473684210526316,0.6842105263157895,0.2631578947368421,0.02631578947368421,1.0526315789473684,4.157894736842105,,38.0
341,78516.0,10.912280701754385,0.3903750000000001,,0.543859649122807,0.693,0.8596491228070176,1.4912280701754386,2.3508771929824563,0.3333333333333333,0.42105263157894735,0.40350877192982454,0.07017543859649122,2.017543859649123,3.0701754385964914,,57.0
342,78528.0,8.0,0.4043809523809524,0.25,0.2549019607843137,0.8095714285714285,0.2549019607843137,0.6666666666666666,0.9215686274509803,1.4901960784313726,0.6666666666666666,0.49019607843137253,0.11764705882352941,1.196078431372549,2.176470588235294,,51.0
343,78534.0,8.225352112676056,0.43878125,0.0,0.8591549295774648,0.5535609756097561,1.0140845070422535,1.0704225352112675,2.084507042253521,0.09859154929577464,0.7887323943661971,0.14084507042253522,0.22535211267605634,1.5492957746478873,4.070422535211268,,71.0
344,78554.0,29.426829268292682,0.4661463414634146,0.2264871794871795,2.7439024390243905,0.7588857142857143,1.9268292682926829,5.060975609756097,6.987804878048781,4.341463414634147,1.9146341463414633,1.7317073170731707,0.8536585365853658,2.597560975609756,13.658536585365853,,82.0
345,78556.0,10.94,0.38375555555555557,0.16666666666666666,0.92,0.7897142857142857,0.56,0.84,1.4,1.06,1.04,0.6,0.22,1.82,4.18,,50.0
346,78614.0,27.88888888888889,0.4203950617283951,0.33028571428571424,2.4074074074074074,0.8245573770491803,0.6296296296296297,1.7654320987654322,2.3950617283950617,2.54320987654321,1.6790123456790123,1.0987654320987654,0.2222222222222222,2.4074074074074074,12.91358024691358,,81.0
347,78615.0,20.14864864864865,0.44531081081081075,0.0,3.418918918918919,0.7041290322580643,1.0945945945945945,2.554054054054054,3.6486486486486487,0.7837837837837838,1.3918918918918919,0.40540540540540543,0.8783783783783784,1.7567567567567568,9.662162162162161,,74.0
348,78633.0,19.833333333333332,0.44658333333333333,0.32,1.0416666666666667,0.7716296296296297,0.3541666666666667,1.1875,1.5416666666666667,2.5625,0.9375,1.1458333333333333,0.0625,1.0416666666666667,6.1875,,48.0
349,78654.0,1.0,0.0,,0.0,,0.0,0.0,0.0,0.0,0.0,0.0,0.0,0.0,0.0,,1.0
350,78656.0,16.98701298701299,0.4042763157894737,,0.8961038961038961,0.8263888888888888,1.3636363636363635,2.3636363636363638,3.727272727272727,0.6363636363636364,0.6363636363636364,0.37662337662337664,0.5324675324675324,2.5194805194805197,7.571428571428571,,77.0
351,100263.0,32.592592592592595,0.49334567901234566,0.29148888888888885,2.197530864197531,0.8244528301886792,1.7037037037037037,7.8765432098765435,9.580246913580247,2.185185185185185,1.5925925925925926,0.6296296296296297,1.2345679012345678,3.197530864197531,13.654320987654321,,81.0
352,600009.0,32.6625,0.43149999999999994,0.1912727272727273,1.175,0.8878863636363636,0.6875,2.0125,2.7,5.3625,2.55,1.2875,0.2125,2.1,12.5,,80.0
