,PLAYER_ID,MIN,FG_PCT,FG3_PCT,FTM,FT_PCT,OREB,DREB,REB,AST,TOV,STL,BLK,PF,PTS,PLUS_MINUS,no_games_played
0,2.0,33.675324675324674,0.4662857142857143,0.4240675675675676,2.0779220779220777,0.7608095238095237,0.6623376623376623,2.4805194805194803,3.142857142857143,3.5584415584415585,1.5844155844155845,1.0,0.4025974025974026,2.3376623376623376,15.545454545454545,,77.0
1,3.0,22.91358024691358,0.4876875,0.0,2.123456790123457,0.6775483870967741,1.9259259259259258,3.037037037037037,4.962962962962963,1.1851851851851851,1.7160493827160495,1.123456790123457,0.4691358024691358,3.7037037037037037,8.469135802469136,,81.0
2,7.0,22.50943396226415,0.480622641509434,0.0,4.245283018867925,0.8468913043478261,2.207547169811321,4.245283018867925,6.452830188679245,1.150943396226415,1.3584905660377358,0.7735849056603774,0.8490566037735849,3.7735849056603774,10.39622641509434,,53.0
3,9.0,22.83076923076923,0.4833846153846153,0.21875,2.0,0.8401489361702128,0.6615384615384615,1.1076923076923078,1.7692307692307692,3.3230769230769233,1.1846153846153846,1.0,0.12307692307692308,2.523076923076923,11.446153846153846,,65.0
4,17.0,36.75342465753425,0.4981095890410958,0.20966666666666667,4.561643835616438,0.7536527777777777,2.8493150684931505,4.095890410958904,6.945205479452055,5.917808219178082,2.6164383561643834,1.9863013698630136,0.6986301369863014,3.041095890410959,23.328767123287673,,73.0
5,22.0,29.317073170731707,0.5347560975609756,0.0,2.9390243902439024,0.7977941176470589,1.646341463414634,4.597560975609756,6.2439024390243905,1.7317073170731707,1.7439024390243902,0.5487804878048781,2.0609756097560976,4.0,15.5,,82.0
6,23.0,28.98780487804878,0.5900853658536586,0.1111111111111111,1.7317073170731707,0.6236615384615384,4.097560975609756,5.560975609756097,9.658536585365853,0.8780487804878049,1.0975609756097562,0.6341463414634146,0.7317073170731707,3.3658536585365852,8.768292682926829,,82.0
7,28.0,7.269230769230769,0.35245945945945945,0.125,0.5,0.8645833333333334,0.46153846153846156,0.8846153846153846,1.3461538461538463,0.34615384615384615,0.5961538461538461,0.19230769230769232,0.11538461538461539,1.1730769230769231,2.5961538461538463,,52.0
8,36.0,22.6,0.4803513513513513,0.2611,4.226666666666667,0.786044776119403,1.12,1.8266666666666667,2.9466666666666668,1.6133333333333333,1.8266666666666667,1.2533333333333334,0.09333333333333334,3.066666666666667,12.066666666666666,,75.0
9,38.0,24.275,0.41637500000000005,0.2542,0.9375,0.7268611111111112,1.225,3.75,4.975,2.1,1.3625,0.725,1.1,2.6375,9.15,,80.0
10,45.0,9.386363636363637,0.2680476190476191,0.2805416666666667,0.3409090909090909,0.7222222222222222,0.2727272727272727,0.6818181818181818,0.9545454545454546,1.0227272727272727,0.8181818181818182,0.4318181818181818,0.06818181818181818,1.2727272727272727,2.6818181818181817,,44.0
11,47.0,37.164556962025316,0.5242658227848103,0.0,3.8734177215189876,0.77872,2.3417721518987342,5.189873417721519,7.531645569620253,1.3670886075949367,1.9367088607594938,0.6835443037974683,0.6835443037974683,3.1772151898734178,22.253164556962027,,79.0
12,52.0,11.75,0.45856,0.0,1.2857142857142858,0.7863636363636364,0.42857142857142855,0.7142857142857143,1.1428571428571428,2.892857142857143,1.1785714285714286,0.7857142857142857,0.03571428571428571,1.3928571428571428,5.571428571428571,,28.0
13,64.0,35.10526315789474,0.4947894736842106,0.2391304347826087,4.342105263157895,0.781,2.75,4.776315789473684,7.526315789473684,2.3026315789473686,1.9473684210526316,1.1578947368421053,0.8421052631578947,2.960526315789474,15.868421052631579,,76.0
14,67.0,13.19672131147541,0.41976363636363634,0.0,1.0327868852459017,0.6246774193548388,1.0,1.7540983606557377,2.7540983606557377,0.8360655737704918,0.7540983606557377,0.18032786885245902,0.22950819672131148,1.6065573770491803,5.262295081967213,,61.0
15,70.0,21.333333333333332,0.4462987012987013,0.462484375,0.8076923076923077,0.817138888888889,0.15384615384615385,1.1025641025641026,1.2564102564102564,3.1794871794871793,0.9487179487179487,0.5769230769230769,0.08974358974358974,0.7564102564102564,6.666666666666667,,78.0
16,71.0,31.475609756097562,0.4407926829268292,0.32186,0.7682926829268293,0.5833414634146342,0.6707317073170732,1.975609756097561,2.6463414634146343,6.7560975609756095,1.7195121951219512,1.6219512195121952,0.3048780487804878,1.7439024390243902,11.439024390243903,,82.0
17,73.0,33.853658536585364,0.4942439024390244,,3.9634146341463414,0.7654933333333334,2.682926829268293,5.402439024390244,8.085365853658537,2.048780487804878,1.7439024390243902,1.048780487804878,2.0365853658536586,2.6097560975609757,16.841463414634145,,82.0
18,78.0,25.926829268292682,0.4867283950617284,0.2,1.3048780487804879,0.8149591836734694,2.1341463414634148,5.548780487804878,7.682926829268292,1.2926829268292683,1.829268292682927,0.7926829268292683,0.8658536585365854,3.817073170731707,6.7560975609756095,,82.0
19,80.0,33.34285714285714,0.4941285714285714,0.4666666666666667,2.1857142857142855,0.6110344827586206,2.0428571428571427,4.671428571428572,6.714285714285714,2.2857142857142856,2.7142857142857144,1.1142857142857143,0.8428571428571429,2.8,16.114285714285714,,70.0
20,81.0,20.098591549295776,0.4463857142857143,0.14285714285714285,1.3943661971830985,0.6432500000000001,1.323943661971831,1.732394366197183,3.056338028169014,1.5070422535211268,1.1549295774647887,0.676056338028169,0.14084507042253522,1.7605633802816902,7.71830985915493,,71.0
21,82.0,13.566666666666666,0.4047692307692307,0.0,1.0,0.7999642857142856,1.0666666666666667,2.2333333333333334,3.3,0.6833333333333333,0.8333333333333334,0.3333333333333333,0.35,2.4,4.5,,60.0
22,95.0,9.689655172413794,0.46316326530612245,,0.4827586206896552,0.55,0.9310344827586207,1.5862068965517242,2.5172413793103448,0.22413793103448276,0.43103448275862066,0.3103448275862069,0.15517241379310345,1.603448275862069,2.896551724137931,,58.0
23,96.0,32.98717948717949,0.503525641025641,0.359375,5.153846153846154,0.8117142857142856,1.9102564102564104,6.038461538461538,7.948717948717949,3.1666666666666665,2.3076923076923075,0.7564102564102564,0.20512820512820512,3.4743589743589745,16.243589743589745,,78.0
24,98.0,22.037037037037038,0.48653086419753083,0.0625,2.2962962962962963,0.6943999999999999,1.3209876543209877,2.580246913580247,3.9012345679012346,1.5308641975308641,1.7037037037037037,0.8518518518518519,0.41975308641975306,1.728395061728395,11.493827160493828,,81.0
25,100.0,7.545454545454546,0.49612500000000004,0.0,0.5454545454545454,1.0,0.36363636363636365,0.36363636363636365,0.7272727272727273,0.5454545454545454,0.36363636363636365,0.18181818181818182,0.0,1.0909090909090908,2.5454545454545454,,11.0
26,101.0,20.857142857142858,0.3731818181818181,0.3427884615384616,1.4857142857142858,0.8052631578947369,0.32857142857142857,1.9428571428571428,2.2714285714285714,4.771428571428571,1.2857142857142858,0.5142857142857142,0.05714285714285714,1.8,7.6571428571428575,,70.0
27,104.0,32.57746478873239,0.5220281690140846,0.0,3.3098591549295775,0.731359375,2.1971830985915495,7.056338028169014,9.253521126760564,2.23943661971831,2.6338028169014085,0.8309859154929577,2.6338028169014085,3.056338028169014,13.507042253521126,,71.0
28,105.0,30.753424657534246,0.4168082191780822,0.22954716981132076,2.712328767123288,0.7566181818181819,1.9726027397260273,3.9178082191780823,5.890410958904109,2.5753424657534247,1.1232876712328768,1.36986301369863,0.4383561643835616,2.4246575342465753,11.082191780821917,,73.0
29,107.0,36.96363636363636,0.4963272727272728,0.3513584905660378,3.5090909090909093,0.8247234042553192,1.6363636363636365,2.690909090909091,4.327272727272727,2.0,2.1636363636363636,1.0727272727272728,0.12727272727272726,2.2545454545454544,23.509090909090908,,55.0
30,117.0,34.22666666666667,0.4852533333333334,0.16666666666666666,3.4266666666666667,0.8791029411764706,0.72,2.026666666666667,2.7466666666666666,3.24,1.6666666666666667,0.64,0.08,1.5466666666666666,24.266666666666666,,75.0
31,121.0,38.59756097560975,0.5491097560975609,0.25,6.121951219512195,0.7634146341463415,2.8658536585365852,8.024390243902438,10.890243902439025,2.2195121951219514,3.3902439024390243,0.9512195121951219,3.9878048780487805,3.9634146341463414,28.621951219512194,,82.0
32,122.0,27.25609756097561,0.4795731707317072,0.2222222222222222,2.3780487804878048,0.7883333333333333,1.3048780487804879,2.4878048780487805,3.792682926829268,1.7926829268292683,1.5853658536585367,0.6829268292682927,0.3048780487804878,2.5609756097560976,10.451219512195122,,82.0
33,124.0,19.646341463414632,0.4762098765432099,0.0,1.8658536585365855,0.6741551724137931,2.0365853658536586,4.2073170731707314,6.2439024390243905,0.9146341463414634,1.3414634146341464,0.9634146341463414,1.3902439024390243,2.926829268292683,8.548780487804878,,82.0
34,134.0,37.5945945945946,0.5015270270270271,0.20833333333333334,6.77027027027027,0.837,0.5675675675675675,3.081081081081081,3.6486486486486487,11.432432432432432,3.554054054054054,1.2837837837837838,0.1891891891891892,1.9324324324324325,22.5,,74.0
35,137.0,25.10126582278481,0.4221898734177215,0.23174074074074072,1.7215189873417722,0.6417936507936508,0.6329113924050633,2.2531645569620253,2.8860759493670884,3.7468354430379747,1.8101265822784811,1.0632911392405062,0.12658227848101267,1.8734177215189873,9.037974683544304,,79.0
36,140.0,11.303030303030303,0.45985000000000004,0.0,2.3181818181818183,0.7809512195121953,1.0454545454545454,1.0303030303030303,2.0757575757575757,0.6515151515151515,1.2272727272727273,0.48484848484848486,0.12121212121212122,1.621212121212121,5.863636363636363,,66.0
37,149.0,34.050632911392405,0.38622784810126576,0.34667088607594937,3.3797468354430378,0.8332352941176469,0.620253164556962,2.2278481012658227,2.848101265822785,6.265822784810126,1.7848101265822784,1.5316455696202531,0.0379746835443038,1.6835443037974684,15.455696202531646,,79.0
38,154.0,6.490196078431373,0.548611111111111,,0.2549019607843137,0.5227272727272727,0.7058823529411765,1.4313725490196079,2.1372549019607843,0.13725490196078433,0.6274509803921569,0.21568627450980393,0.35294117647058826,1.3529411764705883,1.9019607843137254,,51.0
39,156.0,22.428571428571427,0.48730263157894743,0.0,3.0779220779220777,0.7952999999999998,1.4935064935064934,2.688311688311688,4.181818181818182,1.5454545454545454,1.6233766233766234,0.38961038961038963,0.8831168831168831,3.207792207792208,12.324675324675324,,77.0
40,157.0,36.670731707317074,0.4752317073170732,0.3306666666666667,3.048780487804878,0.7955342465753424,0.6585365853658537,2.317073170731707,2.975609756097561,7.426829268292683,2.524390243902439,2.2804878048780486,0.3170731707317073,2.731707317073171,17.963414634146343,,82.0
41,165.0,38.09756097560975,0.5101097560975609,0.16666666666666666,4.658536585365853,0.7177682926829269,3.6463414634146343,10.365853658536585,14.012195121951219,2.8292682926829267,3.8536585365853657,2.1219512195121952,4.585365853658536,3.8292682926829267,24.329268292682926,,82.0
42,166.0,39.05714285714286,0.46680000000000005,0.2087142857142857,5.2,0.7849375000000001,2.1142857142857143,3.7714285714285714,5.885714285714286,5.2,2.857142857142857,2.3142857142857145,1.1714285714285715,3.0,22.8,,35.0
43,170.0,16.85185185185185,0.4578947368421053,0.0,1.0246913580246915,0.8037222222222221,1.4444444444444444,2.9382716049382718,4.382716049382716,0.5679012345679012,0.7901234567901234,0.18518518518518517,0.3333333333333333,2.0987654320987654,5.37037037037037,,81.0
44,174.0,24.616666666666667,0.48441666666666666,0.13636363636363635,1.7,0.7548717948717949,0.45,1.2,1.65,2.566666666666667,1.4833333333333334,0.4666666666666667,0.05,1.9166666666666667,10.9,,60.0
45,175.0,13.333333333333334,0.5,0.0,1.3333333333333333,0.5415,1.6666666666666667,1.0,2.6666666666666665,0.6666666666666666,0.0,0.3333333333333333,0.0,2.6666666666666665,4.0,,3.0
46,177.0,33.864197530864196,0.48739506172839503,0.19047619047619047,1.308641975308642,0.7785249999999999,0.5925925925925926,1.962962962962963,2.5555555555555554,10.703703703703704,1.8024691358024691,2.049382716049383,0.037037037037037035,2.074074074074074,9.419753086419753,,81.0
47,178.0,13.708860759493671,0.525887323943662,0.5,0.5949367088607594,0.46759459459459457,1.620253164556962,2.1772151898734178,3.7974683544303796,0.189873417721519,0.4430379746835443,0.31645569620253167,0.26582278481012656,2.367088607594937,4.556962025316456,,79.0
48,181.0,30.645569620253166,0.44959493670886075,0.29164814814814816,2.037974683544304,0.8349642857142856,0.22784810126582278,1.759493670886076,1.9873417721518987,5.632911392405063,2.1392405063291138,1.0,0.10126582278481013,1.8101265822784811,11.936708860759493,,79.0
49,187.0,34.864197530864196,0.4698148148148148,0.31902857142857144,4.234567901234568,0.7944805194805195,2.7901234567901234,5.567901234567901,8.358024691358025,2.7037037037037037,2.493827160493827,1.3580246913580247,0.6419753086419753,3.5308641975308643,22.444444444444443,,81.0
50,193.0,5.142857142857143,0.28092857142857147,,0.42857142857142855,0.6428571428571429,0.5238095238095238,1.0952380952380953,1.619047619047619,0.3333333333333333,0.5238095238095238,0.09523809523809523,0.09523809523809523,0.9523809523809523,1.7619047619047619,,21.0
51,194.0,14.090909090909092,0.3657049180327869,0.22614285714285717,0.6060606060606061,0.68035,0.5454545454545454,1.2424242424242424,1.7878787878787878,1.4545454545454546,0.8939393939393939,0.6363636363636364,0.07575757575757576,1.2121212121212122,4.303030303030303,,66.0
52,199.0,15.808510638297872,0.37110869565217386,0.09,1.1063829787234043,0.7725238095238095,0.5957446808510638,1.1702127659574468,1.7659574468085106,1.127659574468085,0.9574468085106383,0.6808510638297872,0.2978723404255319,2.1702127659574466,6.808510638297872,,47.0
53,201.0,21.15625,0.4122321428571429,,0.90625,0.31691489361702124,2.71875,3.890625,6.609375,0.609375,1.3125,0.640625,1.125,2.5625,5.46875,,64.0
54,202.0,34.75,0.46152272727272714,0.2,2.0,0.7836363636363636,1.3409090909090908,3.090909090909091,4.431818181818182,10.045454545454545,4.681818181818182,2.4545454545454546,0.11363636363636363,2.727272727272727,13.068181818181818,,44.0
55,203.0,28.536585365853657,0.4637439024390244,0.31,1.1951219512195121,0.647392156862745,1.548780487804878,3.3658536585365852,4.914634146341464,7.2926829268292686,2.2804878048780486,1.7073170731707317,0.45121951219512196,3.524390243902439,6.378048780487805,,82.0
56,204.0,34.0,0.5237272727272728,0.35329787234042553,2.582089552238806,0.8517543859649123,1.2835820895522387,3.388059701492537,4.6716417910447765,5.029850746268656,1.8656716417910448,1.7462686567164178,0.208955223880597,2.1492537313432836,17.597014925373134,,67.0
57,209.0,27.761194029850746,0.4645970149253731,0.3316607142857143,1.4328358208955223,0.9427,0.4626865671641791,2.044776119402985,2.5074626865671643,2.373134328358209,1.492537313432836,1.462686567164179,0.3880597014925373,2.208955223880597,15.970149253731343,,67.0
58,219.0,24.473684210526315,0.4421842105263158,0.2708333333333333,1.7763157894736843,0.8708333333333332,0.5131578947368421,2.0921052631578947,2.6052631578947367,3.289473684210526,1.4605263157894737,0.8421052631578947,0.13157894736842105,2.3947368421052633,9.723684210526315,,76.0
59,229.0,27.841463414634145,0.48213414634146345,0.0,3.231707317073171,0.7612702702702702,1.3658536585365855,2.841463414634146,4.2073170731707314,0.7682926829268293,1.6219512195121952,0.2804878048780488,0.45121951219512196,3.597560975609756,14.5,,82.0
60,236.0,28.358974358974358,0.377551282051282,0.3125,1.7820512820512822,0.7570384615384615,0.9871794871794872,2.628205128205128,3.6153846153846154,3.230769230769231,2.3076923076923075,1.6025641025641026,0.4230769230769231,1.9102564102564104,12.025641025641026,,78.0
61,246.0,21.516666666666666,0.4826551724137931,,1.5166666666666666,0.49188095238095236,1.8666666666666667,4.35,6.216666666666667,0.4,1.3333333333333333,0.5333333333333333,0.9,2.933333333333333,8.816666666666666,,60.0
62,247.0,34.373333333333335,0.46129333333333333,0.33244736842105266,3.96,0.8669710144927536,0.8,2.026666666666667,2.8266666666666667,4.906666666666666,1.9333333333333333,0.84,0.02666666666666667,1.72,17.8,,75.0
63,251.0,25.08641975308642,0.45979012345679016,0.1111111111111111,2.308641975308642,0.8928196721311475,1.5679012345679013,2.0987654320987654,3.6666666666666665,1.9012345679012346,1.382716049382716,0.5555555555555556,0.1728395061728395,2.123456790123457,10.0,,81.0
64,252.0,38.073170731707314,0.5632317073170731,0.3476285714285714,8.487804878048781,0.7535853658536585,2.8292682926829267,8.28048780487805,11.109756097560975,2.7560975609756095,3.707317073170732,1.475609756097561,0.6097560975609756,3.158536585365854,30.975609756097562,,82.0
65,262.0,31.646341463414632,0.5019268292682927,,1.8048780487804879,0.7050153846153845,3.731707317073171,6.280487804878049,10.012195121951219,0.8536585365853658,1.146341463414634,0.9634146341463414,0.5487804878048781,2.8292682926829267,9.731707317073171,,82.0
66,265.0,22.82716049382716,0.45015189873417716,0.0,1.1851851851851851,0.7370816326530614,1.7037037037037037,2.5185185185185186,4.222222222222222,1.617283950617284,1.0493827160493827,0.6419753086419753,0.5308641975308642,2.3950617283950617,8.197530864197532,,81.0
67,270.0,34.4125,0.5241624999999999,,2.2375,0.7030322580645161,2.95,4.9125,7.8625,2.8375,1.375,1.15,1.05,2.875,13.3875,,80.0
68,271.0,28.45,0.46537500000000004,0.29574603174603176,2.9875,0.7900882352941176,0.75,1.6375,2.3875,2.25,1.7875,1.1875,0.275,3.175,12.9,,80.0
69,273.0,2.0714285714285716,0.3147777777777778,0.0,0.14285714285714285,0.25,0.21428571428571427,0.2857142857142857,0.5,0.14285714285714285,0.14285714285714285,0.07142857142857142,0.0,0.21428571428571427,0.8571428571428571,,14.0
70,279.0,27.65432098765432,0.46340277777777783,,0.8395061728395061,0.6692162162162163,1.7901234567901234,4.432098765432099,6.222222222222222,1.7160493827160495,0.9382716049382716,0.6172839506172839,2.432098765432099,3.654320987654321,3.1604938271604937,,81.0
71,285.0,10.104477611940299,0.361625,0.19230769230769232,0.582089552238806,0.6175,0.23880597014925373,0.6417910447761194,0.8805970149253731,2.5074626865671643,1.1492537313432836,0.5373134328358209,0.014925373134328358,0.8656716417910447,3.1044776119402986,,67.0
72,287.0,9.922077922077921,0.5716911764705882,,1.051948051948052,0.6945121951219512,0.6233766233766234,1.87012987012987,2.4935064935064934,0.24675324675324675,0.8181818181818182,0.19480519480519481,0.2987012987012987,2.038961038961039,4.298701298701299,,77.0
73,288.0,31.92105263157895,0.4905131578947369,0.0,3.986842105263158,0.7303768115942028,2.776315789473684,5.105263157894737,7.881578947368421,1.3026315789473684,2.4078947368421053,0.9078947368421053,0.6710526315789473,2.789473684210526,16.723684210526315,,76.0
74,289.0,21.743589743589745,0.427025641025641,0.2468378378378378,2.6923076923076925,0.7780606060606061,0.9487179487179487,1.294871794871795,2.2435897435897436,2.3333333333333335,1.8333333333333333,0.6410256410256411,0.05128205128205128,2.0128205128205128,13.525641025641026,,78.0
75,291.0,14.051948051948052,0.5042096774193549,0.0,1.1948051948051948,0.7489230769230769,1.2077922077922079,1.7142857142857142,2.9220779220779223,0.8831168831168831,0.7272727272727273,0.44155844155844154,0.5454545454545454,1.6363636363636365,4.701298701298701,,77.0
76,293.0,35.02564102564103,0.5233333333333332,0.05,5.82051282051282,0.7867733333333333,2.269230769230769,4.448717948717949,6.717948717948718,1.4615384615384615,2.076923076923077,1.1025641025641026,1.5256410256410255,3.769230769230769,21.08974358974359,,78.0
77,302.0,25.34,0.35272,0.19549999999999998,1.26,0.6770714285714285,0.84,1.96,2.8,4.2,2.22,1.64,0.28,2.2,10.1,,50.0
78,304.0,37.37179487179487,0.5141794871794872,0.43555,4.538461538461538,0.8195810810810811,0.7307692307692307,1.9102564102564104,2.641025641025641,14.538461538461538,3.4871794871794872,2.6538461538461537,0.23076923076923078,2.9871794871794872,17.243589743589745,,78.0
79,305.0,30.329113924050635,0.5692658227848101,,2.949367088607595,0.7483661971830986,3.278481012658228,6.7974683544303796,10.075949367088608,1.3037974683544304,2.1392405063291138,0.4810126582278481,0.8734177215189873,2.392405063291139,15.734177215189874,,79.0
80,306.0,13.383561643835616,0.5017833333333334,0.0,1.0547945205479452,0.8136666666666668,0.7534246575342466,1.6575342465753424,2.410958904109589,2.0273972602739727,0.5205479452054794,0.6438356164383562,0.136986301369863,1.3424657534246576,4.945205479452055,,73.0
81,313.0,35.073170731707314,0.5054268292682926,0.35714285714285715,2.8048780487804876,0.788463768115942,1.4390243902439024,2.4878048780487805,3.926829268292683,7.439024390243903,2.5121951219512195,1.1219512195121952,0.12195121951219512,2.597560975609756,14.341463414634147,,82.0
82,328.0,30.28,0.48652702702702705,0.25,2.44,0.7221774193548387,2.2266666666666666,5.346666666666667,7.573333333333333,1.3066666666666666,1.3866666666666667,0.5866666666666667,1.3733333333333333,3.3466666666666667,10.813333333333333,,75.0
83,330.0,31.95774647887324,0.5290422535211268,0.0,3.859154929577465,0.756223880597015,2.0,3.943661971830986,5.943661971830986,2.6338028169014085,2.647887323943662,1.2816901408450705,0.5492957746478874,3.676056338028169,16.253521126760564,,71.0
84,333.0,13.943661971830986,0.44707812499999994,0.141,1.1971830985915493,0.7468378378378379,0.5915492957746479,0.9859154929577465,1.5774647887323943,1.676056338028169,0.6197183098591549,0.39436619718309857,0.11267605633802817,1.0845070422535212,5.098591549295775,,71.0
85,335.0,34.0,0.49150000000000005,0.29545454545454547,2.6463414634146343,0.736718309859155,1.4024390243902438,3.1341463414634148,4.536585365853658,4.439024390243903,2.4146341463414633,1.353658536585366,0.7073170731707317,3.073170731707317,15.707317073170731,,82.0
86,341.0,17.207792207792206,0.3508108108108108,0.14285714285714285,0.7142857142857143,0.76056,0.8181818181818182,2.1948051948051948,3.012987012987013,0.8051948051948052,1.0,0.38961038961038963,0.3116883116883117,1.6753246753246753,4.805194805194805,,77.0
87,344.0,20.08641975308642,0.38637499999999997,0.4103787878787879,1.0987654320987654,0.8083333333333333,0.43209876543209874,1.1975308641975309,1.6296296296296295,2.5308641975308643,1.5185185185185186,0.654320987654321,0.012345679012345678,1.1975308641975309,9.654320987654321,,81.0
88,345.0,34.7625,0.4663375,0.33601315789473685,5.2625,0.9030533333333334,0.7375,2.6625,3.4,9.075,3.0625,1.8875,0.05,1.875,17.575,,80.0
89,349.0,29.609756097560975,0.4387195121951219,0.2004754098360656,1.4634146341463414,0.7517291666666668,1.2926829268292683,2.5853658536585367,3.8780487804878048,7.365853658536586,2.573170731707317,1.329268292682927,0.04878048780487805,1.475609756097561,9.865853658536585,,82.0
90,351.0,21.670731707317074,0.4915,0.0,2.3658536585365852,0.7444531249999999,2.0609756097560976,2.6219512195121952,4.682926829268292,1.0609756097560976,1.451219512195122,0.4634146341463415,0.7073170731707317,2.6219512195121952,8.878048780487806,,82.0
91,356.0,30.6375,0.41991249999999997,0.3352121212121212,2.85,0.7210735294117647,2.425,2.85,5.275,1.7875,2.3125,1.625,0.9875,2.7375,14.8375,,80.0
92,359.0,17.85333333333333,0.4127837837837838,0.0,1.6666666666666667,0.7817500000000001,1.1066666666666667,1.9733333333333334,3.08,0.6666666666666666,0.92,0.44,0.3466666666666667,1.9733333333333334,7.266666666666667,,75.0
93,361.0,19.085365853658537,0.3777682926829268,0.2695882352941177,1.6829268292682926,0.5752352941176471,1.3414634146341464,2.4146341463414633,3.7560975609756095,0.8780487804878049,1.5731707317073171,0.6463414634146342,0.6463414634146342,2.7560975609756095,9.097560975609756,,82.0
94,364.0,32.629629629629626,0.40674074074074074,0.3253617021276596,2.6666666666666665,0.7394444444444445,0.9629629629629629,2.3518518518518516,3.314814814814815,2.4444444444444446,1.8518518518518519,0.8518518518518519,0.1111111111111111,2.0925925925925926,17.5,,54.0
95,365.0,34.35,0.48853749999999996,0.12278947368421053,3.9375,0.7912162162162162,2.125,3.9875,6.1125,2.3375,2.4,1.0875,1.0125,3.0875,15.675,,80.0
96,378.0,35.72839506172839,0.4537901234567901,0.4123717948717949,1.5555555555555556,0.6569818181818182,1.8148148148148149,3.6049382716049383,5.419753086419753,4.580246913580247,1.9876543209876543,1.5555555555555556,0.2839506172839506,2.7901234567901234,13.604938271604938,,81.0
97,393.0,26.134146341463413,0.43899999999999995,0.24,2.1219512195121952,0.6244769230769229,1.0975609756097562,2.0609756097560976,3.158536585365854,5.7073170731707314,2.073170731707317,1.548780487804878,0.17073170731707318,1.951219512195122,10.585365853658537,,82.0
98,397.0,38.926829268292686,0.5184146341463415,0.40374390243902436,6.634146341463414,0.8644512195121951,1.1585365853658536,2.4390243902439024,3.597560975609756,3.792682926829268,2.707317073170732,1.3414634146341464,0.21951219512195122,2.1341463414634148,24.585365853658537,,82.0
99,402.0,18.09259259259259,0.6254418604651163,0.0,0.7777777777777778,0.5027666666666667,1.0740740740740742,3.111111111111111,4.185185185185185,0.42592592592592593,0.8703703703703703,0.7037037037037037,0.6296296296296297,3.3703703703703702,3.6666666666666665,,54.0
100,404.0,30.024390243902438,0.47370731707317076,,2.817073170731707,0.7488378378378379,2.2439024390243905,3.9634146341463414,6.2073170731707314,1.1097560975609757,2.0853658536585367,0.43902439024390244,0.4146341463414634,3.3048780487804876,16.182926829268293,,82.0
101,417.0,30.175,0.4244683544303798,0.0,3.35,0.7715285714285715,2.25,3.525,5.775,1.1125,1.2,0.825,0.675,3.7625,12.65,,80.0
102,418.0,13.541666666666666,0.38468115942028985,0.3352,0.6944444444444444,0.8850689655172415,0.20833333333333334,0.6805555555555556,0.8888888888888888,2.875,0.5277777777777778,0.6527777777777778,0.0,1.4583333333333333,4.430555555555555,,72.0
103,422.0,10.849056603773585,0.356,0.25,0.5471698113207547,0.7466666666666666,0.39622641509433965,0.41509433962264153,0.8113207547169812,3.056603773584906,0.9056603773584906,0.49056603773584906,0.018867924528301886,1.0377358490566038,2.641509433962264,,53.0
104,426.0,14.031746031746032,0.45937500000000003,0.0,0.8571428571428571,0.6666571428571428,1.4761904761904763,2.1587301587301586,3.634920634920635,0.3968253968253968,1.0793650793650793,0.3968253968253968,0.4444444444444444,2.7142857142857144,4.73015873015873,,63.0
105,428.0,30.493827160493826,0.4764567901234568,0.15332,2.765432098765432,0.6611323529411763,0.8641975308641975,1.6790123456790123,2.54320987654321,7.6419753086419755,3.037037037037037,1.7901234567901234,0.12345679012345678,2.308641975308642,14.25925925925926,,81.0
106,431.0,13.82716049382716,0.45875999999999995,0.18181818181818182,1.4444444444444444,0.7254285714285714,1.8024691358024691,2.4691358024691357,4.271604938271605,0.32098765432098764,1.3209876543209877,0.5802469135802469,0.8641975308641975,2.5185185185185186,6.481481481481482,,81.0
107,433.0,34.15853658536585,0.5469756097560975,0.0,3.5121951219512195,0.7174102564102564,3.048780487804878,6.7073170731707314,9.75609756097561,1.4146341463414633,2.048780487804878,0.8414634146341463,0.47560975609756095,3.475609756097561,13.585365853658537,,82.0
108,442.0,25.470588235294116,0.44067647058823534,0.0,1.4411764705882353,0.5684285714285714,1.8823529411764706,3.8823529411764706,5.764705882352941,1.911764705882353,1.8235294117647058,0.47058823529411764,1.6764705882352942,3.8823529411764706,7.970588235294118,,34.0
109,456.0,35.246753246753244,0.47059740259740257,0.3349722222222222,2.74025974025974,0.7829833333333334,1.6363636363636365,4.142857142857143,5.779220779220779,2.987012987012987,2.207792207792208,0.6883116883116883,0.2597402597402597,2.8181818181818183,19.675324675324674,,77.0
110,457.0,13.662162162162161,0.6052380952380952,,0.8648648648648649,0.6598611111111111,1.1216216216216217,2.5405405405405403,3.6621621621621623,0.28378378378378377,0.5540540540540541,0.2972972972972973,1.7972972972972974,2.310810810810811,3.4864864864864864,,74.0
111,462.0,33.6219512195122,0.4261951219512195,0.0,2.341463414634146,0.6553333333333334,2.426829268292683,6.0,8.426829268292684,1.2317073170731707,2.048780487804878,1.1219512195121952,0.6585365853658537,3.5609756097560976,11.073170731707316,,82.0
112,470.0,31.791666666666668,0.442,0.33836363636363637,2.875,0.82545,0.9791666666666666,3.1875,4.166666666666667,5.5,2.0416666666666665,2.4166666666666665,0.4583333333333333,3.1458333333333335,12.458333333333334,,48.0
113,698.0,28.296875,0.44451562499999997,0.295421052631579,2.9375,0.9156923076923077,1.078125,2.765625,3.84375,1.671875,1.6875,0.5,0.15625,2.71875,16.875,,64.0
114,705.0,20.1875,0.41831578947368425,0.30483333333333335,1.2625,0.7179555555555556,1.25,1.9125,3.1625,1.1,1.05,0.85,0.1,2.8,8.7625,,80.0
115,737.0,6.2,0.25,,1.2,0.9,0.4,0.8,1.2,0.6,0.6,0.2,0.2,0.7,2.6,,10.0
116,738.0,10.625,0.4165813953488372,0.3333333333333333,0.4642857142857143,0.5729166666666666,0.8035714285714286,1.5714285714285714,2.375,0.30357142857142855,0.625,0.35714285714285715,0.21428571428571427,1.875,2.1964285714285716,,56.0
117,760.0,34.670731707317074,0.48175609756097565,0.16666666666666666,3.2804878048780486,0.6851578947368422,3.0609756097560976,5.353658536585366,8.414634146341463,2.292682926829268,1.7560975609756098,1.475609756097561,0.7682926829268293,3.707317073170732,15.975609756097562,,82.0
118,764.0,36.609756097560975,0.529719512195122,0.0,7.475609756097561,0.7356097560975609,3.6951219512195124,8.292682926829269,11.987804878048781,2.0,3.1341463414634148,1.6829268292682926,3.8902439024390243,3.158536585365854,24.304878048780488,,82.0
119,765.0,34.792682926829265,0.4515487804878048,0.417506329113924,4.719512195121951,0.8660897435897434,1.0365853658536586,2.6707317073170733,3.707317073170732,3.182926829268293,2.2560975609756095,1.5853658536585367,0.34146341463414637,2.6463414634146343,18.475609756097562,,82.0
120,766.0,23.794871794871796,0.43310256410256415,0.0,1.1153846153846154,0.7492325581395348,0.7948717948717948,1.705128205128205,2.5,2.6666666666666665,1.6282051282051282,1.141025641025641,0.23076923076923078,1.9743589743589745,6.756410256410256,,78.0
121,767.0,33.270270270270274,0.47614864864864875,0.25,4.608108108108108,0.6566285714285715,3.6621621621621623,3.945945945945946,7.608108108108108,0.972972972972973,2.445945945945946,0.4864864864864865,0.22972972972972974,2.7162162162162162,19.39189189189189,,74.0
122,769.0,15.938271604938272,0.45706329113924055,0.5,0.8518518518518519,0.88021875,0.2345679012345679,1.0246913580246915,1.2592592592592593,2.45679012345679,1.0246913580246915,0.5679012345679012,0.07407407407407407,1.2962962962962963,5.580246913580247,,81.0
123,770.0,29.25609756097561,0.6343086419753086,,2.426829268292683,0.6740869565217391,2.5853658536585367,6.2926829268292686,8.878048780487806,0.5487804878048781,1.5365853658536586,0.43902439024390244,2.2439024390243905,3.3780487804878048,10.5,,82.0
124,779.0,30.01298701298701,0.41974025974025964,0.2735609756097561,1.1818181818181819,0.7565,1.2987012987012987,3.272727272727273,4.571428571428571,1.7922077922077921,1.4675324675324675,0.8701298701298701,0.35064935064935066,2.5714285714285716,13.61038961038961,,77.0
125,781.0,11.480519480519481,0.3973380281690141,0.0,0.935064935064935,0.6713125,1.1428571428571428,1.6363636363636365,2.779220779220779,0.5974025974025974,0.8441558441558441,0.24675324675324675,0.33766233766233766,1.948051948051948,3.8181818181818183,,77.0
126,782.0,35.85897435897436,0.4964615384615384,0.3370370370370371,5.205128205128205,0.8533974358974359,1.2564102564102564,3.358974358974359,4.615384615384615,2.858974358974359,2.576923076923077,1.2564102564102564,0.3076923076923077,2.6923076923076925,22.05128205128205,,78.0
127,783.0,18.397435897435898,0.5509999999999999,0.0,1.2179487179487178,0.6800666666666667,1.141025641025641,3.051282051282051,4.1923076923076925,1.3461538461538463,1.1923076923076923,0.8461538461538461,0.47435897435897434,2.8974358974358974,6.628205128205129,,78.0
128,786.0,31.817073170731707,0.4422560975609756,0.296015873015873,2.5365853658536586,0.7906615384615385,1.6219512195121952,2.902439024390244,4.524390243902439,4.024390243902439,2.3658536585365852,1.1585365853658536,0.25609756097560976,2.292682926829268,14.524390243902438,,82.0
129,787.0,39.0126582278481,0.6127974683544303,0.26121818181818185,7.050632911392405,0.7438717948717949,4.569620253164557,6.936708860759493,11.50632911392405,3.8860759493670884,3.0759493670886076,1.8734177215189873,0.6329113924050633,3.1645569620253164,25.17721518987342,,79.0
130,788.0,28.061728395061728,0.5058888888888888,0.2857142857142857,2.074074074074074,0.7126716417910447,3.123456790123457,4.839506172839506,7.962962962962963,0.7037037037037037,1.7777777777777777,0.7777777777777778,0.5802469135802469,3.197530864197531,12.419753086419753,,81.0
131,891.0,36.0,0.5194262295081966,0.0,3.557377049180328,0.7676363636363636,4.229508196721311,7.688524590163935,11.918032786885245,2.3934426229508197,2.7049180327868854,1.0491803278688525,0.26229508196721313,3.6065573770491803,14.573770491803279,,61.0
132,892.0,26.634146341463413,0.46508641975308646,0.05555555555555555,1.975609756097561,0.8603333333333333,0.4634146341463415,1.9878048780487805,2.451219512195122,5.817073170731708,1.7195121951219512,1.2804878048780488,0.14634146341463414,2.2560975609756095,9.158536585365853,,82.0
133,893.0,38.98780487804878,0.5268536585365854,0.34275641025641024,7.2317073170731705,0.8223375,1.7439024390243902,5.146341463414634,6.890243902439025,6.329268292682927,3.0121951219512195,2.768292682926829,0.6585365853658537,2.9390243902439024,33.573170731707314,,82.0
134,894.0,28.966101694915253,0.5011016949152542,0.26337499999999997,5.203389830508475,0.827,1.0847457627118644,1.7457627118644068,2.830508474576271,2.2542372881355934,2.1864406779661016,0.847457627118644,0.11864406779661017,2.6779661016949152,23.033898305084747,,59.0
135,895.0,36.71951219512195,0.4718536585365853,0.0,1.9634146341463414,0.7685,2.6707317073170733,4.695121951219512,7.365853658536586,2.6341463414634148,1.7439024390243902,2.1341463414634148,0.5,3.5121951219512195,14.670731707317072,,82.0
136,896.0,33.70886075949367,0.46199999999999997,0.26045098039215686,2.670886075949367,0.7705245901639344,0.7215189873417721,3.2025316455696204,3.9240506329113924,8.721518987341772,3.2911392405063293,2.088607594936709,0.1518987341772152,2.9367088607594938,14.708860759493671,,79.0
137,897.0,10.2,0.5117173913043479,1.0,0.8833333333333333,0.55875,1.3166666666666667,1.2166666666666666,2.533333333333333,0.2833333333333333,0.7833333333333333,0.35,0.36666666666666664,1.2666666666666666,4.233333333333333,,60.0
138,898.0,23.036585365853657,0.4849512195121951,0.28846153846153844,1.7804878048780488,0.6991896551724137,0.8414634146341463,2.2195121951219514,3.0609756097560976,1.7682926829268293,1.853658536585366,0.926829268292683,0.43902439024390244,3.4146341463414633,8.865853658536585,,82.0
139,899.0,37.06849315068493,0.45738356164383565,0.42100000000000004,4.109589041095891,0.8766666666666667,0.9041095890410958,2.5342465753424657,3.4383561643835616,9.123287671232877,2.9315068493150687,1.5616438356164384,0.0684931506849315,1.2191780821917808,19.589041095890412,,73.0
140,901.0,35.890243902439025,0.5349268292682926,0.0,3.7439024390243905,0.7360256410256409,3.1463414634146343,5.804878048780488,8.951219512195122,3.182926829268293,2.792682926829268,0.8048780487804879,0.2926829268292683,3.292682926829268,17.085365853658537,,82.0
141,904.0,36.282051282051285,0.5344615384615385,0.3704366197183099,6.4743589743589745,0.8778717948717949,1.6666666666666667,4.269230769230769,5.935897435897436,4.089743589743589,3.0641025641025643,1.5769230769230769,0.5769230769230769,1.8205128205128205,25.076923076923077,,78.0
142,906.0,2.6666666666666665,0.75,,0.3333333333333333,1.0,0.0,0.5,0.5,0.3333333333333333,0.0,0.5,0.0,0.5,1.0,,6.0
143,917.0,16.17910447761194,0.3696499999999999,0.0,1.2686567164179106,0.6474444444444445,1.7164179104477613,2.7611940298507465,4.477611940298507,0.3880597014925373,1.0746268656716418,0.26865671641791045,0.1791044776119403,2.537313432835821,5.388059701492537,,67.0
144,920.0,33.03658536585366,0.4691951219512195,0.31861764705882356,3.3902439024390243,0.7428108108108109,3.1951219512195124,5.487804878048781,8.682926829268293,1.0975609756097562,1.4146341463414633,0.8048780487804879,0.6097560975609756,2.524390243902439,12.939024390243903,,82.0
145,921.0,35.073170731707314,0.46780487804878046,0.0,4.926829268292683,0.7193170731707317,1.8780487804878048,7.219512195121951,9.097560975609756,3.1707317073170733,2.682926829268293,0.7073170731707317,0.5365853658536586,2.6341463414634148,16.829268292682926,,41.0
146,926.0,32.08641975308642,0.4882592592592592,0.11000000000000001,2.432098765432099,0.7756093749999999,2.8395061728395063,4.061728395061729,6.901234567901234,5.493827160493828,2.6790123456790123,2.5555555555555554,0.20987654320987653,3.45679012345679,14.234567901234568,,81.0
147,927.0,23.341463414634145,0.5233249999999999,0.25,2.1219512195121952,0.6936190476190475,1.8780487804878048,3.475609756097561,5.353658536585366,0.8170731707317073,1.1829268292682926,0.6219512195121951,1.8658536585365855,3.4390243902439024,7.2317073170731705,,82.0
148,930.0,14.936507936507937,0.5414754098360655,1.0,1.1904761904761905,0.6859428571428572,1.1904761904761905,1.9365079365079365,3.126984126984127,0.6190476190476191,1.0634920634920635,0.5555555555555556,0.49206349206349204,2.380952380952381,5.904761904761905,,63.0
149,937.0,38.390243902439025,0.49903658536585355,0.24855932203389833,2.426829268292683,0.6851944444444444,1.829268292682927,4.841463414634147,6.670731707317073,5.414634146341464,3.3902439024390243,2.573170731707317,1.2317073170731707,3.6341463414634148,16.475609756097562,,82.0
150,938.0,32.54054054054054,0.4904054054054055,0.0,3.4594594594594597,0.5978714285714286,3.418918918918919,6.9324324324324325,10.35135135135135,1.054054054054054,3.189189189189189,1.054054054054054,1.6756756756756757,3.4864864864864864,16.594594594594593,,74.0
151,939.0,14.442307692307692,0.37200000000000005,0.0,1.2692307692307692,0.585764705882353,0.6346153846153846,1.2115384615384615,1.8461538461538463,2.5961538461538463,1.4615384615384615,0.6730769230769231,0.21153846153846154,2.0961538461538463,4.6923076923076925,,52.0
152,1006.0,27.14814814814815,0.43079999999999996,0.1875,1.3333333333333333,0.6420943396226416,0.9382716049382716,3.888888888888889,4.827160493827161,1.4691358024691359,1.308641975308642,0.6296296296296297,1.308641975308642,3.0,8.641975308641975,,81.0
153,1008.0,35.407407407407405,0.492641975308642,0.3454878048780488,2.5925925925925926,0.8663538461538461,0.5925925925925926,2.45679012345679,3.049382716049383,7.419753086419753,2.6419753086419755,1.4938271604938271,0.1111111111111111,1.962962962962963,14.345679012345679,,81.0
154,1068.0,6.26530612244898,0.40870370370370374,,0.5102040816326531,0.7388666666666667,0.42857142857142855,1.346938775510204,1.7755102040816326,0.16326530612244897,0.3877551020408163,0.08163265306122448,0.2857142857142857,1.4081632653061225,1.3265306122448979,,49.0
155,1091.0,8.23076923076923,0.365,,0.07692307692307693,0.16666666666666666,0.8461538461538461,1.7692307692307692,2.6153846153846154,0.07692307692307693,0.6923076923076923,0.3076923076923077,0.8461538461538461,1.3846153846153846,1.6153846153846154,,13.0
156,1097.0,6.464285714285714,0.3006818181818182,0.0,0.6428571428571429,0.8333333333333334,0.5357142857142857,0.5357142857142857,1.0714285714285714,0.35714285714285715,0.75,0.10714285714285714,0.25,1.3214285714285714,2.5714285714285716,,28.0
157,1114.0,5.714285714285714,0.35941666666666666,0.0,0.6071428571428571,0.85625,0.5714285714285714,0.2857142857142857,0.8571428571428571,0.4642857142857143,0.6428571428571429,0.4642857142857143,0.03571428571428571,0.5714285714285714,2.392857142857143,,28.0
158,1117.0,3.642857142857143,0.2727272727272727,,0.14285714285714285,0.25,0.2857142857142857,0.6428571428571429,0.9285714285714286,0.07142857142857142,0.14285714285714285,0.07142857142857142,0.14285714285714285,0.7142857142857143,0.7142857142857143,,14.0
159,1118.0,14.943661971830986,0.4843809523809524,0.0,1.0845070422535212,0.68775,0.7183098591549296,2.352112676056338,3.0704225352112675,1.6619718309859155,1.1267605633802817,0.4225352112676056,0.1267605633802817,2.028169014084507,5.394366197183099,,71.0
160,1122.0,36.1,0.48345000000000005,0.28329577464788736,5.7375,0.8042692307692306,2.7125,3.8,6.5125,2.5,2.175,1.575,0.5875,1.7625,26.725,,80.0
161,1123.0,21.323943661971832,0.4771935483870967,1.0,0.38028169014084506,0.5227272727272727,1.8450704225352113,3.464788732394366,5.309859154929577,1.0704225352112675,1.0704225352112675,0.43661971830985913,0.7183098591549296,2.8309859154929575,3.23943661971831,,71.0
162,1365.0,35.2463768115942,0.48489855072463767,0.32142857142857145,3.536231884057971,0.719968253968254,2.391304347826087,4.086956521739131,6.478260869565218,2.4782608695652173,2.710144927536232,1.0579710144927537,0.5217391304347826,3.347826086956522,21.318840579710145,,69.0
163,1381.0,21.458333333333332,0.4174666666666667,0.34500000000000003,0.9583333333333334,0.8438888888888889,0.5416666666666666,1.1875,1.7291666666666667,1.7708333333333333,1.5625,0.9375,0.10416666666666667,1.375,8.416666666666666,,48.0
164,1449.0,39.25333333333333,0.4725999999999999,0.29896969696969694,4.253333333333333,0.9371304347826088,1.2,8.293333333333333,9.493333333333334,7.493333333333333,3.24,1.4133333333333333,0.8133333333333334,2.3066666666666666,24.266666666666666,,75.0
165,1450.0,33.19512195121951,0.5458536585365853,0.29878048780487804,4.7926829268292686,0.8846363636363636,2.451219512195122,5.804878048780488,8.25609756097561,2.097560975609756,2.231707317073171,0.36585365853658536,1.9146341463414633,3.048780487804878,20.878048780487806,,82.0
166,1453.0,23.695652173913043,0.4822318840579709,0.13780769230769233,3.0,0.9041379310344827,0.6666666666666666,1.9275362318840579,2.5942028985507246,2.246376811594203,1.4782608695652173,0.855072463768116,0.13043478260869565,2.318840579710145,17.492753623188406,,69.0
167,1456.0,8.918032786885245,0.4347954545454545,0.5,0.08196721311475409,0.8333333333333334,0.06557377049180328,0.4262295081967213,0.4918032786885246,0.639344262295082,0.3770491803278688,0.11475409836065574,0.06557377049180328,0.3442622950819672,2.1311475409836067,,61.0
168,1460.0,37.0,0.559825,0.25267741935483873,3.1,0.8077499999999999,2.0,3.975,5.975,3.6,2.0,1.2375,0.6125,2.375,21.0625,,80.0
169,1472.0,37.60493827160494,0.5044814814814814,0.22377777777777777,6.8765432098765435,0.8579375,1.4938271604938271,5.555555555555555,7.049382716049383,2.345679012345679,2.691358024691358,1.0864197530864197,0.5802469135802469,3.2098765432098766,27.17283950617284,,81.0
170,1474.0,23.8125,0.3798125,0.0,1.625,0.7639166666666667,1.0,3.75,4.75,1.5625,1.1875,0.625,0.125,2.5625,7.0,,16.0
171,1479.0,17.036585365853657,0.5176829268292682,0.5,1.9146341463414633,0.7983333333333333,1.353658536585366,3.1951219512195124,4.548780487804878,0.573170731707317,1.0731707317073171,0.3902439024390244,0.34146341463414637,2.2804878048780486,6.2439024390243905,,82.0
172,1593.0,22.242857142857144,0.4712575757575757,0.0,1.1285714285714286,0.6973243243243243,2.5714285714285716,4.271428571428571,6.8428571428571425,0.8,1.6571428571428573,0.5714285714285714,0.5,2.6142857142857143,8.185714285714285,,70.0
173,1622.0,39.5,0.5178048780487805,0.1953793103448276,3.3292682926829267,0.7689054054054054,2.341463414634146,5.817073170731708,8.158536585365853,4.597560975609756,2.1219512195121952,0.7317073170731707,0.8536585365853658,2.1463414634146343,16.5609756097561,,82.0
174,1631.0,27.11392405063291,0.5091645569620252,0.5,1.4556962025316456,0.5783684210526316,3.0126582278481013,3.962025316455696,6.974683544303797,2.1012658227848102,1.9746835443037976,0.6835443037974683,1.1265822784810127,3.0,10.974683544303797,,79.0
175,1839.0,12.854545454545455,0.32745283018867927,0.08333333333333333,0.9090909090909091,0.6018518518518519,1.4181818181818182,1.7272727272727273,3.1454545454545455,0.38181818181818183,0.8545454545454545,0.43636363636363634,0.10909090909090909,2.2545454545454544,4.3090909090909095,,55.0
176,1846.0,7.333333333333333,0.3878636363636364,,0.7037037037037037,0.7424545454545455,0.6666666666666666,1.1111111111111112,1.7777777777777777,0.3333333333333333,0.5555555555555556,0.2222222222222222,0.2962962962962963,2.1481481481481484,2.4074074074074074,,27.0
177,1847.0,31.5,0.473390243902439,0.0,2.707317073170732,0.7671911764705882,1.4146341463414633,3.5853658536585367,5.0,1.670731707317073,1.6951219512195121,0.3902439024390244,1.2195121951219512,2.1341463414634148,14.170731707317072,,82.0
178,1848.0,4.545454545454546,0.4165,,0.7272727272727273,0.79175,0.18181818181818182,0.18181818181818182,0.36363636363636365,0.2727272727272727,0.09090909090909091,0.18181818181818182,0.18181818181818182,0.45454545454545453,1.2727272727272727,,11.0
179,1874.0,5.870967741935484,0.35415,,0.06451612903225806,0.5,0.5483870967741935,0.7096774193548387,1.2580645161290323,0.2903225806451613,0.4838709677419355,0.12903225806451613,0.12903225806451613,0.8709677419354839,0.9032258064516129,,31.0
180,1972.0,10.864864864864865,0.27232352941176474,0.21665,1.162162162162162,0.68025,0.1891891891891892,0.6756756756756757,0.8648648648648649,1.8108108108108107,1.3783783783783783,0.4864864864864865,0.10810810810810811,0.8108108108108109,3.945945945945946,,37.0
181,76009.0,21.1375,0.4743815789473684,0.8333333333333334,1.0375,0.6858636363636363,1.925,3.4625,5.3875,0.8375,0.875,0.45,0.3125,3.1,4.525,,80.0
182,76016.0,25.705128205128204,0.47924358974358977,0.27232075471698114,2.4615384615384617,0.7370781249999999,1.5,2.41025641025641,3.91025641025641,1.858974358974359,1.5512820512820513,0.4358974358974359,0.24358974358974358,2.576923076923077,14.08974358974359,,78.0
183,76017.0,36.346666666666664,0.44230666666666657,0.37925675675675674,2.96,0.8305161290322581,0.92,3.4266666666666667,4.346666666666667,6.04,2.466666666666667,1.5066666666666666,0.24,3.1733333333333333,17.893333333333334,,75.0
184,76019.0,23.085365853658537,0.46901219512195125,0.22580645161290322,1.3170731707317074,0.8292083333333333,1.8414634146341464,2.7195121951219514,4.560975609756097,1.7317073170731707,1.2317073170731707,0.7317073170731707,0.47560975609756095,2.6707317073170733,10.487804878048781,,82.0
185,76024.0,7.365853658536586,0.48789743589743584,0.2708125,0.8536585365853658,0.9333333333333333,0.04878048780487805,0.5609756097560976,0.6097560975609756,0.9512195121951219,0.3902439024390244,0.36585365853658536,0.07317073170731707,0.5365853658536586,4.097560975609756,,41.0
186,76025.0,11.841269841269842,0.45527777777777784,0.0,0.36507936507936506,0.5401764705882353,0.7777777777777778,1.4126984126984128,2.1904761904761907,0.36507936507936506,0.4444444444444444,0.25396825396825395,0.30158730158730157,1.619047619047619,3.7301587301587302,,63.0
187,76045.0,11.185185185185185,0.3636470588235294,0.33461538461538465,0.3333333333333333,0.7555555555555555,0.6111111111111112,1.7407407407407407,2.3518518518518516,1.0185185185185186,0.48148148148148145,0.37037037037037035,0.16666666666666666,1.1851851851851851,4.277777777777778,,54.0
188,76046.0,26.78205128205128,0.43774358974358973,0.1388888888888889,2.1153846153846154,0.8536666666666666,1.0384615384615385,2.7435897435897436,3.782051282051282,1.8333333333333333,1.0,0.9230769230769231,0.16666666666666666,1.8333333333333333,11.871794871794872,,78.0
189,76050.0,16.958333333333332,0.4934057971014493,,2.2777777777777777,0.7357358490566037,2.5972222222222223,2.4305555555555554,5.027777777777778,0.5555555555555556,0.6944444444444444,0.3333333333333333,0.2361111111111111,2.111111111111111,8.694444444444445,,72.0
190,76082.0,20.27777777777778,0.42137735849056607,0.0625,0.5370370370370371,0.765625,0.48148148148148145,1.1666666666666667,1.6481481481481481,5.481481481481482,1.6666666666666667,0.7407407407407407,0.07407407407407407,1.4259259259259258,4.2592592592592595,,54.0
191,76094.0,11.326923076923077,0.46137500000000004,0.0,1.0,0.43896551724137933,0.75,1.4038461538461537,2.1538461538461537,0.34615384615384615,0.8461538461538461,0.3269230769230769,0.1346153846153846,1.7692307692307692,3.9615384615384617,,52.0
192,76123.0,12.35593220338983,0.5153829787234042,0.16666666666666666,0.9322033898305084,0.632148148148148,0.7457627118644068,1.3559322033898304,2.1016949152542375,0.6440677966101694,0.5423728813559322,0.5932203389830508,0.1864406779661017,1.5932203389830508,4.101694915254237,,59.0
193,76138.0,5.857142857142857,0.3934,0.16666666666666666,0.21428571428571427,0.45,0.35714285714285715,1.0238095238095237,1.380952380952381,0.09523809523809523,0.5,0.07142857142857142,0.40476190476190477,0.9285714285714286,2.8095238095238093,,42.0
194,76152.0,18.0,0.4475925925925926,,1.1636363636363636,0.6411379310344828,1.5272727272727273,1.8909090909090909,3.418181818181818,0.9818181818181818,1.1272727272727272,0.41818181818181815,0.18181818181818182,2.418181818181818,6.1454545454545455,,55.0
195,76172.0,11.297872340425531,0.41677142857142857,,0.425531914893617,0.546875,0.6170212765957447,1.6808510638297873,2.297872340425532,0.5319148936170213,0.7446808510638298,0.02127659574468085,0.46808510638297873,2.1702127659574466,2.0851063829787235,,47.0
196,76176.0,36.675,0.5015125,0.20975862068965517,3.5875,0.8096764705882353,1.1,2.4,3.5,3.6125,2.175,0.9625,0.2625,1.6,19.4,,80.0
197,76195.0,17.466666666666665,0.29793103448275865,0.18016216216216216,0.3333333333333333,0.5108695652173914,0.44,3.24,3.68,0.48,0.68,0.17333333333333334,3.1733333333333333,2.5866666666666664,1.9466666666666668,,75.0
198,76217.0,32.455882352941174,0.42022058823529407,0.3372857142857143,4.323529411764706,0.766140625,3.0294117647058822,7.117647058823529,10.147058823529411,1.338235294117647,1.838235294117647,0.5588235294117647,1.7794117647058822,3.1029411764705883,14.676470588235293,,68.0
199,76237.0,8.272727272727273,0.4359090909090909,1.0,1.2727272727272727,0.541625,0.7272727272727273,1.0909090909090908,1.8181818181818181,0.36363636363636365,0.7272727272727273,0.5454545454545454,0.0,1.2727272727272727,5.909090909090909,,11.0
200,76247.0,23.19753086419753,0.4193875,0.0,1.5555555555555556,0.6257291666666666,1.9012345679012346,3.246913580246914,5.148148148148148,1.1975308641975309,1.1851851851851851,0.5185185185185185,1.3333333333333333,2.419753086419753,8.91358024691358,,81.0
201,76268.0,10.40983606557377,0.38092000000000004,0.25,0.6229508196721312,0.6944583333333334,0.639344262295082,0.5409836065573771,1.180327868852459,0.6721311475409836,0.8360655737704918,0.5245901639344263,0.06557377049180328,1.2950819672131149,3.5901639344262297,,61.0
202,76282.0,3.5,0.2975714285714286,,0.0,0.0,0.625,0.3125,0.9375,0.25,0.375,0.0,0.0,0.6875,1.0,,16.0
203,76288.0,8.0,0.4772727272727273,,0.4375,0.3708571428571429,0.9375,0.6875,1.625,0.1875,0.375,0.375,0.3125,1.5,2.3125,,16.0
204,76292.0,3.3333333333333335,0.0,,1.3333333333333333,0.667,0.0,0.6666666666666666,0.6666666666666666,0.0,0.3333333333333333,0.6666666666666666,0.3333333333333333,1.6666666666666667,1.3333333333333333,,3.0
205,76294.0,4.166666666666667,0.23886666666666667,0.0,0.2777777777777778,0.875,0.2777777777777778,0.1111111111111111,0.3888888888888889,0.5555555555555556,0.6111111111111112,0.1111111111111111,0.05555555555555555,0.5555555555555556,1.2777777777777777,,18.0
206,76320.0,2.5384615384615383,0.21428571428571427,,0.0,0.0,0.23076923076923078,0.46153846153846156,0.6923076923076923,0.07692307692307693,0.23076923076923078,0.0,0.0,0.6153846153846154,0.46153846153846156,,13.0
207,76338.0,38.58536585365854,0.46323170731707314,0.1675128205128205,5.463414634146342,0.8014871794871795,2.548780487804878,2.951219512195122,5.5,2.597560975609756,3.0609756097560976,1.353658536585366,0.3780487804878049,3.1707317073170733,23.20731707317073,,82.0
208,76342.0,4.2,0.1,0.0,0.0,,0.0,0.0,0.0,1.0,0.8,0.2,0.2,1.4,0.4,,5.0
209,76353.0,22.63157894736842,0.40339473684210525,0.0,1.8026315789473684,0.7688200000000001,1.75,4.078947368421052,5.828947368421052,1.2763157894736843,1.868421052631579,0.618421052631579,1.513157894736842,2.526315789473684,10.013157894736842,,76.0
210,76362.0,30.422535211267604,0.48963380281690144,,3.1971830985915495,0.8256984126984126,1.9295774647887325,4.619718309859155,6.549295774647887,2.0422535211267605,1.732394366197183,0.5352112676056338,0.4788732394366197,3.4225352112676055,11.422535211267606,,71.0
211,76385.0,31.098765432098766,0.5087777777777778,0.23807142857142857,2.111111111111111,0.8661875000000001,0.6172839506172839,2.345679012345679,2.962962962962963,5.592592592592593,1.4938271604938271,1.5308641975308641,0.12345679012345678,0.9629629629629629,9.74074074074074,,81.0
212,76387.0,10.745454545454546,0.4381836734693878,0.3125,1.4545454545454546,0.6695142857142857,0.6363636363636364,1.0,1.6363636363636365,0.5636363636363636,0.8181818181818182,0.4727272727272727,0.09090909090909091,1.2727272727272727,5.327272727272727,,55.0
213,76412.0,13.863636363636363,0.43190909090909096,0.0,1.5454545454545454,0.7988461538461539,1.4090909090909092,2.5454545454545454,3.9545454545454546,0.5454545454545454,1.1818181818181819,0.3181818181818182,0.3181818181818182,2.4545454545454546,5.7272727272727275,,22.0
214,76431.0,28.71951219512195,0.4001851851851852,0.125,2.097560975609756,0.8026065573770491,1.0975609756097562,2.1341463414634148,3.231707317073171,4.695121951219512,1.6829268292682926,2.097560975609756,0.0975609756097561,2.2195121951219514,7.902439024390244,,82.0
215,76441.0,14.886075949367088,0.4621025641025642,0.0,0.31645569620253167,0.5964736842105264,1.4936708860759493,2.7974683544303796,4.291139240506329,0.5569620253164557,0.4936708860759494,0.22784810126582278,1.2025316455696202,2.670886075949367,3.810126582278481,,79.0
216,76444.0,23.1375,0.3956835443037975,0.31791044776119404,1.0375,0.8896486486486487,0.7375,2.1,2.8375,2.6875,1.1375,0.8375,0.45,2.575,6.4375,,80.0
217,76448.0,4.782608695652174,0.4751818181818182,0.2,0.4782608695652174,0.7857142857142857,0.17391304347826086,0.2608695652173913,0.43478260869565216,0.391304347826087,0.8260869565217391,0.043478260869565216,0.043478260869565216,0.5217391304347826,3.217391304347826,,23.0
218,76453.0,13.166666666666666,0.1834,,0.0,0.0,1.1666666666666667,1.8333333333333333,3.0,0.3333333333333333,1.3333333333333333,0.3333333333333333,0.0,1.1666666666666667,3.6666666666666665,,6.0
219,76483.0,10.567567567567568,0.46340000000000003,,0.5675675675675675,0.5297857142857143,0.7567567567567568,1.7567567567567568,2.5135135135135136,0.35135135135135137,0.8648648648648649,0.32432432432432434,0.10810810810810811,1.6216216216216217,4.72972972972973,,37.0
220,76497.0,16.366666666666667,0.3402758620689656,0.2,1.7333333333333334,0.7912857142857144,0.6,1.1,1.7,1.1333333333333333,1.1333333333333333,0.4,0.0,2.1,8.233333333333333,,30.0
221,76504.0,28.88888888888889,0.44909090909090915,0.0,4.444444444444445,0.7607692307692309,1.7333333333333334,2.088888888888889,3.8222222222222224,1.7777777777777777,1.6666666666666667,0.4444444444444444,0.15555555555555556,2.2,14.71111111111111,,45.0
222,76516.0,17.698630136986303,0.458125,0.321377358490566,1.0547945205479452,0.7730238095238094,0.1643835616438356,1.1095890410958904,1.273972602739726,3.315068493150685,1.178082191780822,0.6438356164383562,0.1232876712328767,2.0684931506849313,6.438356164383562,,73.0
223,76518.0,8.09433962264151,0.37729411764705884,0.3,0.1320754716981132,0.9,0.4716981132075472,1.0566037735849056,1.528301886792453,0.33962264150943394,0.37735849056603776,0.18867924528301888,0.1509433962264151,0.9811320754716981,2.452830188679245,,53.0
224,76574.0,10.969696969696969,0.39066666666666666,0.125,0.7878787878787878,0.8974615384615384,0.3939393939393939,0.8181818181818182,1.2121212121212122,2.272727272727273,1.121212121212121,0.5757575757575758,0.06060606060606061,0.9090909090909091,3.484848484848485,,33.0
225,76583.0,31.027397260273972,0.5340416666666666,,2.041095890410959,0.7144905660377358,2.1232876712328768,6.506849315068493,8.63013698630137,0.7808219178082192,1.63013698630137,0.3013698630136986,0.6438356164383562,1.7671232876712328,9.10958904109589,,73.0
226,76596.0,10.11111111111111,0.4107142857142857,0.0,0.4444444444444444,0.5,0.7777777777777778,0.8888888888888888,1.6666666666666667,0.3333333333333333,0.7777777777777778,0.6666666666666666,0.2222222222222222,1.1111111111111112,2.4444444444444446,,9.0
227,76599.0,16.6625,0.4287402597402598,0.36851111111111107,0.575,0.77,0.15,1.075,1.225,2.7125,1.1875,0.5875,0.05,1.15,5.225,,80.0
228,76616.0,8.6,0.43339999999999995,0.25,1.4,0.8333333333333334,0.0,0.4,0.4,2.0,1.6,0.2,0.0,1.4,3.4,,5.0
229,76618.0,10.138461538461538,0.44285714285714284,0.0,0.4,0.6666666666666666,0.8615384615384616,1.2615384615384615,2.123076923076923,0.6615384615384615,0.2923076923076923,0.6307692307692307,0.06153846153846154,1.0307692307692307,1.7538461538461538,,65.0
230,76631.0,27.817073170731707,0.5091645569620253,,0.9634146341463414,0.661675,2.0853658536585367,5.2439024390243905,7.329268292682927,0.47560975609756095,0.9146341463414634,0.4024390243902439,2.451219512195122,2.902439024390244,4.817073170731708,,82.0
231,76643.0,6.5,0.375,0.0,0.25,0.5,0.25,0.25,0.5,1.0,0.25,0.25,0.0,1.0,1.75,,4.0
232,76673.0,27.6375,0.4862124999999999,0.5,2.0125,0.8676065573770492,1.4875,2.0875,3.575,2.8125,1.1625,0.6375,0.2875,1.625,17.9125,,80.0
233,76695.0,10.526315789473685,0.41634210526315796,0.2098235294117647,1.5,0.6855,0.4473684210526316,0.6842105263157895,1.131578947368421,0.6578947368421053,0.7105263157894737,0.4473684210526316,0.02631578947368421,1.1578947368421053,6.394736842105263,,38.0
234,76726.0,32.0609756097561,0.4194146341463415,0.3396363636363636,2.2804878048780486,0.8127343749999999,0.5609756097560976,1.853658536585366,2.4146341463414633,7.317073170731708,2.4878048780487805,1.146341463414634,0.13414634146341464,1.9390243902439024,12.195121951219512,,82.0
235,76748.0,22.896103896103895,0.42761038961038966,,2.324675324675325,0.7780172413793103,1.9610389610389611,3.038961038961039,5.0,1.103896103896104,1.7402597402597402,0.6623376623376623,0.35064935064935066,3.6623376623376624,9.545454545454545,,77.0
236,76770.0,9.0,0.4,0.5,0.1111111111111111,0.25,0.1111111111111111,0.4444444444444444,0.5555555555555556,2.888888888888889,1.1111111111111112,0.4444444444444444,0.0,1.2222222222222223,1.1111111111111112,,9.0
237,76782.0,22.329113924050635,0.3812567567567568,0.28,1.2911392405063291,0.8134146341463415,0.6455696202531646,2.0632911392405062,2.7088607594936707,3.8354430379746836,2.0,0.9873417721518988,0.12658227848101267,1.9240506329113924,7.265822784810126,,79.0
238,76790.0,23.575342465753426,0.4314492753623188,0.14705882352941177,1.2054794520547945,0.7891470588235295,0.4657534246575342,1.7534246575342465,2.219178082191781,3.958904109589041,1.6027397260273972,1.2328767123287672,0.0958904109589041,2.0684931506849313,6.958904109589041,,73.0
239,76803.0,16.142857142857142,0.5076190476190476,0.0,3.0952380952380953,0.7294705882352941,1.380952380952381,1.7142857142857142,3.0952380952380953,0.38095238095238093,0.5714285714285714,0.9523809523809523,0.3333333333333333,2.238095238095238,11.952380952380953,,21.0
240,76826.0,32.82716049382716,0.45439506172839506,0.10714285714285714,2.382716049382716,0.8125645161290322,2.419753086419753,6.061728395061729,8.481481481481481,1.5802469135802468,1.2098765432098766,0.5308641975308642,1.2592592592592593,1.6790123456790123,13.728395061728396,,81.0
241,76861.0,9.655172413793103,0.47600000000000003,0.0,0.5517241379310345,0.7129444444444445,0.6896551724137931,1.8103448275862069,2.5,0.3275862068965517,0.41379310344827586,0.25862068965517243,0.4482758620689655,1.5517241379310345,2.0,,58.0
242,76874.0,13.434782608695652,0.36801639344262294,0.1,0.6231884057971014,0.8530526315789473,0.13043478260869565,0.6521739130434783,0.782608695652174,2.63768115942029,0.8985507246376812,0.7391304347826086,0.014492753623188406,0.8695652173913043,3.536231884057971,,69.0
243,76876.0,25.47945205479452,0.45761111111111114,0.3333333333333333,1.8630136986301369,0.6593584905660377,2.2739726027397262,5.780821917808219,8.054794520547945,1.356164383561644,1.63013698630137,0.684931506849315,0.3561643835616438,3.164383561643836,10.424657534246576,,73.0
244,76881.0,5.54054054054054,0.43664000000000003,,0.43243243243243246,0.6025384615384616,0.6486486486486487,1.4594594594594594,2.108108108108108,0.32432432432432434,0.43243243243243246,0.10810810810810811,0.24324324324324326,1.0810810810810811,1.6216216216216217,,37.0
245,76890.0,17.609756097560975,0.45454878048780484,0.3122876712328767,0.6219512195121951,0.6287878787878788,0.524390243902439,1.5,2.024390243902439,0.7682926829268293,0.9146341463414634,0.8292682926829268,0.23170731707317074,1.8170731707317074,8.939024390243903,,82.0
246,76911.0,13.0,0.4548,0.141,0.3953488372093023,0.5909090909090909,0.16279069767441862,1.0232558139534884,1.186046511627907,1.8604651162790697,0.7674418604651163,0.3023255813953488,0.046511627906976744,1.2325581395348837,4.558139534883721,,43.0
247,76942.0,26.839506172839506,0.44167901234567897,0.28362318840579703,0.4074074074074074,0.5488275862068965,0.8148148148148148,2.0123456790123457,2.8271604938271606,1.8395061728395061,0.9753086419753086,0.6419753086419753,0.13580246913580246,2.3950617283950617,7.617283950617284,,81.0
248,76944.0,19.80246913580247,0.4434871794871795,0.1858846153846154,1.6790123456790123,0.7474999999999999,0.8271604938271605,1.728395061728395,2.5555555555555554,2.2962962962962963,1.0740740740740742,0.9629629629629629,0.35802469135802467,3.074074074074074,6.172839506172839,,81.0
249,76960.0,6.2,0.19390909090909092,,0.2,0.75,0.3333333333333333,0.3333333333333333,0.6666666666666666,0.06666666666666667,0.3333333333333333,0.4666666666666667,0.06666666666666667,0.6,2.066666666666667,,15.0
250,76968.0,4.048780487804878,0.2621363636363636,0.25,0.4634146341463415,0.875,0.175,0.625,0.8,0.2,0.175,0.075,0.075,0.775,1.024390243902439,,41.0
251,76993.0,8.0,0.47037777777777784,0.40668,0.20689655172413793,0.75,0.19298245614035087,0.5614035087719298,0.7543859649122807,1.2982456140350878,0.42105263157894735,0.2807017543859649,0.03508771929824561,0.8771929824561403,2.3275862068965516,,58.0
252,77019.0,24.304878048780488,0.47003658536585363,0.3320131578947368,2.8536585365853657,0.8320882352941177,1.4634146341463414,3.682926829268293,5.146341463414634,1.5731707317073171,1.1341463414634145,0.573170731707317,0.6463414634146342,2.2439024390243905,11.085365853658537,,82.0
253,77030.0,31.72,0.5190400000000001,,3.44,0.8571739130434785,2.44,4.44,6.88,0.88,2.08,0.56,1.08,3.48,15.04,,25.0
254,77034.0,16.746031746031747,0.44513333333333327,0.44231481481481477,0.47619047619047616,0.90625,0.1746031746031746,0.6666666666666666,0.8412698412698413,1.746031746031746,0.47619047619047616,0.47619047619047616,0.031746031746031744,1.380952380952381,6.4603174603174605,,63.0
255,77047.0,6.8125,0.5039166666666667,,0.0625,0.5,0.0625,0.0625,0.125,1.0,0.8125,0.0625,0.0,1.1875,1.8125,,16.0
256,77053.0,13.5,0.3801,,0.8,0.83325,1.9,1.7,3.6,0.6,0.8,0.2,0.1,2.6,4.0,,10.0
257,77054.0,32.29113924050633,0.42443037974683545,0.32420000000000004,3.430379746835443,0.7736714285714286,1.4303797468354431,2.1012658227848102,3.5316455696202533,1.9113924050632911,2.1265822784810124,1.2658227848101267,0.6455696202531646,2.3164556962025316,15.835443037974683,,79.0
258,77057.0,6.742857142857143,0.2673076923076923,,0.42857142857142855,0.625,0.5428571428571428,1.1428571428571428,1.6857142857142857,0.05714285714285714,0.4,0.14285714285714285,0.45714285714285713,0.9428571428571428,1.457142857142857,,35.0
259,77060.0,8.311111111111112,0.48994871794871797,0.0,0.9333333333333333,0.6680869565217391,1.3111111111111111,1.0888888888888888,2.4,0.4222222222222222,0.8666666666666667,0.2,0.1111111111111111,1.4,4.488888888888889,,45.0
260,77077.0,14.9,0.3914339622641509,0.33867857142857144,0.38333333333333336,0.6778,0.25,0.9166666666666666,1.1666666666666667,1.9333333333333333,0.65,0.8,0.016666666666666666,1.45,3.4833333333333334,,60.0
261,77081.0,34.79012345679013,0.4858271604938272,0.2681304347826087,2.765432098765432,0.8037536231884058,0.9876543209876543,2.3333333333333335,3.3209876543209877,5.827160493827161,1.8641975308641976,1.9259259259259258,0.13580246913580246,3.123456790123457,15.271604938271604,,81.0
262,77096.0,9.76,0.46232608695652166,0.36108333333333337,1.22,0.6687586206896552,0.6,0.88,1.48,0.94,0.78,0.56,0.02,0.8,5.16,,50.0
263,77104.0,3.411764705882353,0.2777777777777778,0.5,0.17647058823529413,0.5,0.11764705882352941,0.29411764705882354,0.4117647058823529,0.47058823529411764,0.23529411764705882,0.29411764705882354,0.0,0.17647058823529413,0.5882352941176471,,17.0
264,77130.0,34.5,0.4955975609756097,0.10714285714285714,2.5,0.7306619718309858,1.3780487804878048,3.268292682926829,4.646341463414634,3.073170731707317,2.0365853658536586,1.2682926829268293,0.7560975609756098,3.9146341463414633,14.817073170731707,,82.0
265,77134.0,10.36,0.4851304347826087,,0.84,0.581090909090909,0.76,1.36,2.12,0.68,1.24,0.12,0.2,2.24,4.68,,25.0
266,77141.0,27.14666666666667,0.4139733333333334,0.047619047619047616,1.5733333333333333,0.8375217391304347,0.64,2.04,2.68,6.466666666666667,1.56,1.08,0.18666666666666668,2.3866666666666667,7.08,,75.0
267,77142.0,37.177215189873415,0.4847179487179487,0.34982191780821914,7.177215189873418,0.8968552631578948,1.620253164556962,4.987341772151899,6.6075949367088604,11.481012658227849,3.6582278481012658,1.6708860759493671,0.43037974683544306,2.1139240506329116,22.341772151898734,,79.0
268,77145.0,5.666666666666667,0.24045714285714287,0.2,0.2708333333333333,0.7777777777777778,0.16666666666666666,0.4166666666666667,0.5833333333333334,1.3333333333333333,0.5416666666666666,0.3541666666666667,0.041666666666666664,1.0208333333333333,1.125,,48.0
269,77160.0,9.9,0.299,0.6666666666666666,1.4,0.7857142857142857,0.8,0.9,1.7,0.9,1.0,0.0,0.1,1.2,4.0,,10.0
270,77167.0,24.048780487804876,0.40612345679012346,0.12664,1.5975609756097562,0.6389218750000001,1.3170731707317074,1.8048780487804879,3.1219512195121952,3.1097560975609757,1.5,0.8658536585365854,0.15853658536585366,1.7439024390243902,9.804878048780488,,82.0
271,77170.0,4.142857142857143,0.3380555555555556,0.25,0.42857142857142855,0.65,0.6190476190476191,0.47619047619047616,1.0952380952380953,0.047619047619047616,0.2857142857142857,0.14285714285714285,0.38095238095238093,0.5238095238095238,2.1904761904761907,,21.0
272,77173.0,9.848484848484848,0.36848214285714287,0.3076923076923077,0.7121212121212122,0.6285,0.5,0.7424242424242424,1.2424242424242424,0.4393939393939394,0.6363636363636364,0.48484848484848486,0.24242424242424243,1.1666666666666667,2.9545454545454546,,66.0
273,77175.0,12.291666666666666,0.423,0.2,0.5277777777777778,0.6920434782608695,1.0555555555555556,2.138888888888889,3.1944444444444446,0.2777777777777778,0.6666666666666666,0.2777777777777778,0.375,2.0277777777777777,2.4027777777777777,,72.0
274,77261.0,5.0,0.45,,0.2,1.0,0.4,0.3,0.7,0.5,0.4,0.4,0.0,0.4,1.6,,10.0
275,77264.0,32.74390243902439,0.48509756097560985,0.14285714285714285,5.024390243902439,0.8036184210526316,1.5731707317073171,3.3536585365853657,4.926829268292683,4.585365853658536,3.024390243902439,0.6219512195121951,0.08536585365853659,2.8048780487804876,22.402439024390244,,82.0
276,77301.0,7.701754385964913,0.3331395348837209,0.1770625,0.42105263157894735,0.5952142857142857,0.43859649122807015,0.8070175438596491,1.2456140350877194,0.3684210526315789,0.40350877192982454,0.24561403508771928,0.05263157894736842,0.9473684210526315,1.9824561403508771,,57.0
277,77335.0,14.26865671641791,0.484968253968254,0.0,0.6567164179104478,0.3716976744186047,2.1492537313432836,3.2388059701492535,5.388059701492537,1.5671641791044777,1.2686567164179106,0.7910447761194029,0.2537313432835821,2.8208955223880596,4.985074626865671,,67.0
278,77354.0,8.0,0.2776666666666667,,0.5,1.0,0.5,0.5,1.0,0.75,0.25,0.5,0.0,1.75,1.5,,4.0
279,77370.0,5.7727272727272725,0.4333571428571429,0.0,0.2727272727272727,0.5,0.45454545454545453,0.7727272727272727,1.2272727272727273,0.045454545454545456,0.36363636363636365,0.13636363636363635,0.4090909090909091,1.1818181818181819,1.4545454545454546,,22.0
280,77372.0,13.142857142857142,0.27,0.0,1.8571428571428572,0.7915000000000001,0.42857142857142855,0.5714285714285714,1.0,3.0,1.4285714285714286,0.42857142857142855,0.0,1.2857142857142858,3.2857142857142856,,7.0
281,77374.0,7.0,0.33325,,0.0,,0.0,0.0,0.0,0.25,0.5,0.0,0.0,2.0,1.0,,4.0
282,77376.0,35.848101265822784,0.4408354430379745,0.3431818181818182,3.430379746835443,0.7842898550724637,2.911392405063291,6.379746835443038,9.291139240506329,6.544303797468355,1.9746835443037976,2.1265822784810124,0.16455696202531644,2.1772151898734178,18.265822784810126,,79.0
283,77377.0,22.746666666666666,0.5191081081081081,0.2,1.1066666666666667,0.6707727272727273,1.5066666666666666,2.7466666666666666,4.253333333333333,1.0666666666666667,0.6533333333333333,0.7333333333333333,0.5466666666666666,2.88,6.88,,75.0
284,77383.0,3.7142857142857144,0.625,,0.2857142857142857,1.0,0.5714285714285714,0.2857142857142857,0.8571428571428571,0.0,0.2857142857142857,0.14285714285714285,0.0,0.42857142857142855,1.4285714285714286,,7.0
285,77384.0,31.924050632911392,0.4857215189873418,0.3181818181818182,3.240506329113924,0.7875882352941176,1.379746835443038,3.0126582278481013,4.3924050632911396,2.848101265822785,1.518987341772152,1.1139240506329113,0.7974683544303798,2.7341772151898733,16.962025316455698,,79.0
286,77387.0,16.78481012658228,0.4438607594936709,0.0,1.6455696202531647,0.7189215686274512,0.620253164556962,1.2911392405063291,1.9113924050632911,1.4683544303797469,1.2025316455696202,0.6962025316455697,0.16455696202531644,1.8354430379746836,7.974683544303797,,79.0
287,77395.0,5.857142857142857,0.5760526315789474,,0.42857142857142855,0.5278333333333333,0.38095238095238093,0.47619047619047616,0.8571428571428571,0.5238095238095238,0.9523809523809523,0.14285714285714285,0.0,0.5714285714285714,3.2857142857142856,,21.0
288,77415.0,21.8,0.2925735294117646,0.125,0.4875,0.6739130434782609,0.5125,1.525,2.0375,4.2125,0.7875,0.9125,0.05,1.425,2.3375,,80.0
289,77419.0,19.142857142857142,0.36430434782608695,0.2965833333333333,0.8571428571428571,0.76905,0.3877551020408163,1.4489795918367347,1.836734693877551,4.857142857142857,1.7346938775510203,0.9183673469387755,0.04081632653061224,1.2040816326530612,5.836734693877551,,49.0
290,77449.0,33.76543209876543,0.47292592592592586,0.0625,6.08641975308642,0.7677875000000001,4.493827160493828,5.530864197530864,10.024691358024691,1.6049382716049383,2.8641975308641974,0.5802469135802469,1.037037037037037,1.9506172839506173,18.864197530864196,,81.0
291,77460.0,6.75,0.24949999999999997,0.0,0.7916666666666666,0.6683,0.625,0.375,1.0,0.4583333333333333,0.5833333333333334,0.2916666666666667,0.041666666666666664,0.6666666666666666,2.125,,24.0
292,77474.0,19.579710144927535,0.3986451612903226,0.125,1.318840579710145,0.7135384615384616,1.1304347826086956,1.173913043478261,2.3043478260869565,0.6376811594202898,0.6811594202898551,0.5942028985507246,0.2318840579710145,1.4057971014492754,6.27536231884058,,69.0
293,77484.0,13.0,0.333,0.0,2.0,1.0,0.0,0.0,0.0,5.0,0.0,0.0,0.0,0.0,4.0,,1.0
294,77502.0,5.0,0.3125,,0.46153846153846156,0.6666666666666666,0.07692307692307693,0.38461538461538464,0.46153846153846156,0.15384615384615385,0.07692307692307693,0.23076923076923078,0.07692307692307693,0.8461538461538461,1.6923076923076923,,13.0
295,77516.0,6.444444444444445,0.31923076923076926,,0.5555555555555556,0.46875,0.4444444444444444,1.0555555555555556,1.5,0.16666666666666666,0.5555555555555556,0.16666666666666666,0.05555555555555555,1.3333333333333333,1.6666666666666667,,18.0
296,77530.0,20.0,0.42730769230769233,0.26539999999999997,0.7142857142857143,0.5971666666666667,0.7857142857142857,1.7857142857142858,2.5714285714285716,1.1428571428571428,1.0,0.5714285714285714,0.07142857142857142,2.0,7.285714285714286,,14.0
297,77545.0,14.857142857142858,0.21542857142857144,0.0,0.2857142857142857,0.5,0.5714285714285714,1.1428571428571428,1.7142857142857142,1.0,1.0,0.8571428571428571,0.14285714285714285,2.142857142857143,2.5714285714285716,,7.0
298,77558.0,5.757575757575758,0.4265555555555555,,0.7878787878787878,0.66775,0.6666666666666666,1.2424242424242424,1.9090909090909092,0.09090909090909091,0.6363636363636364,0.06060606060606061,0.030303030303030304,0.9393939393939394,3.090909090909091,,33.0
299,77571.0,5.6923076923076925,0.45073913043478264,,0.6538461538461539,0.7685555555555555,0.2692307692307692,0.8846153846153846,1.1538461538461537,0.2692307692307692,0.34615384615384615,0.15384615384615385,0.11538461538461539,0.46153846153846156,2.1153846153846154,,26.0
300,77623.0,11.81578947368421,0.39171052631578945,0.0,0.6578947368421053,0.6549230769230768,0.7105263157894737,1.894736842105263,2.6052631578947367,0.4473684210526316,0.6842105263157895,0.21052631578947367,0.2631578947368421,2.0,3.973684210526316,,38.0
301,77633.0,9.679245283018869,0.3298913043478261,0.2222222222222222,0.3018867924528302,0.6130714285714286,0.3018867924528302,0.6792452830188679,0.9811320754716981,1.5471698113207548,0.7358490566037735,0.6037735849056604,0.05660377358490566,1.0377358490566038,2.2264150943396226,,53.0
302,77649.0,4.25,0.33025925925925925,0.3333333333333333,0.6666666666666666,0.7666666666666667,0.19444444444444445,0.3611111111111111,0.5555555555555556,0.3055555555555556,0.6388888888888888,0.05555555555555555,0.0,0.5555555555555556,2.0,,36.0
303,77674.0,30.402439024390244,0.4670375,0.3859166666666667,1.7560975609756098,0.682311475409836,2.524390243902439,4.353658536585366,6.878048780487805,1.2926829268292683,0.7439024390243902,0.926829268292683,0.7317073170731707,2.792682926829268,8.292682926829269,,82.0
304,77685.0,33.306451612903224,0.5065322580645162,1.0,3.0,0.794037037037037,2.6129032258064515,5.709677419354839,8.32258064516129,2.596774193548387,1.7741935483870968,0.8709677419354839,1.967741935483871,2.9838709677419355,16.306451612903224,,62.0
305,77691.0,11.714285714285714,0.647875,,1.2142857142857142,0.7333333333333334,0.7142857142857143,1.7857142857142858,2.5,0.6428571428571429,0.35714285714285715,0.07142857142857142,0.0,1.0,4.071428571428571,,14.0
306,77697.0,10.934782608695652,0.4566875,0.0,0.6521739130434783,0.6764705882352942,1.0,2.0,3.0,0.6086956521739131,0.3695652173913043,0.34782608695652173,0.08695652173913043,1.4565217391304348,2.260869565217391,,46.0
307,77707.0,2.25,1.0,,0.0,,0.0,1.0,1.0,0.3333333333333333,0.6666666666666666,0.0,0.3333333333333333,1.0,1.0,,4.0
308,77719.0,8.263157894736842,0.44433333333333336,0.0,0.3684210526315789,0.48333333333333334,0.5789473684210527,1.0263157894736843,1.605263157894737,0.15789473684210525,0.3157894736842105,0.10526315789473684,0.47368421052631576,1.1842105263157894,2.3684210526315788,,38.0
309,77720.0,5.45,0.4689333333333333,,0.55,0.6834,0.4,0.9,1.3,0.25,0.35,0.15,0.05,0.75,1.95,,20.0
310,77757.0,7.5,0.5,,0.5,0.5,0.6666666666666666,2.0,2.6666666666666665,0.16666666666666666,0.6666666666666666,0.3333333333333333,0.5,1.5,1.5,,6.0
311,77771.0,4.923076923076923,0.43324999999999997,0.5,0.23076923076923078,0.6666666666666666,0.6153846153846154,0.5384615384615384,1.1538461538461537,0.5384615384615384,0.38461538461538464,0.15384615384615385,0.07692307692307693,1.1538461538461537,3.230769230769231,,13.0
312,77819.0,17.819444444444443,0.4113428571428572,0.25,1.0138888888888888,0.7916666666666666,0.3333333333333333,0.7361111111111112,1.0694444444444444,1.9027777777777777,0.75,0.4583333333333333,0.06944444444444445,1.5972222222222223,6.388888888888889,,72.0
313,77820.0,28.841463414634145,0.4967682926829269,0.3317777777777778,0.6829268292682927,0.7903225806451613,0.32926829268292684,1.1219512195121952,1.451219512195122,4.085365853658536,1.0365853658536586,1.0121951219512195,0.07317073170731707,2.1463414634146343,9.987804878048781,,82.0
314,77822.0,6.171428571428572,0.3975625,0.4444444444444444,0.45714285714285713,0.875,0.3142857142857143,0.42857142857142855,0.7428571428571429,0.2857142857142857,0.5714285714285714,0.2,0.17142857142857143,1.0571428571428572,3.257142857142857,,35.0
315,77839.0,13.767441860465116,0.39787179487179486,0.0,1.2093023255813953,0.72,1.1395348837209303,2.5813953488372094,3.7209302325581395,0.5348837209302325,0.8372093023255814,0.3953488372093023,0.46511627906976744,2.395348837209302,4.0,,43.0
316,77845.0,12.558441558441558,0.47268421052631576,0.4034090909090909,1.7532467532467533,0.8351063829787234,0.6493506493506493,0.7922077922077922,1.4415584415584415,1.5064935064935066,1.2467532467532467,0.2987012987012987,0.025974025974025976,1.7402597402597402,7.571428571428571,,77.0
317,77879.0,24.56140350877193,0.458140350877193,0.10833333333333334,2.526315789473684,0.7604375000000001,1.0350877192982457,1.9824561403508771,3.017543859649123,4.280701754385965,1.912280701754386,1.2456140350877194,0.40350877192982454,2.6140350877192984,11.017543859649123,,57.0
318,77881.0,22.26388888888889,0.4281830985915493,0.3077321428571428,1.5277777777777777,0.7433333333333333,1.3055555555555556,2.986111111111111,4.291666666666667,2.0694444444444446,1.2222222222222223,0.8055555555555556,0.5,2.0555555555555554,8.833333333333334,,72.0
319,77893.0,6.225806451612903,0.25896153846153847,0.0,0.06451612903225806,0.5,0.2903225806451613,0.6129032258064516,0.9032258064516129,0.3548387096774194,0.12903225806451613,0.0967741935483871,0.12903225806451613,0.8709677419354839,1.2903225806451613,,31.0
320,77905.0,25.72972972972973,0.49268918918918925,0.0,1.1081081081081081,0.6831578947368421,2.108108108108108,4.986486486486487,7.094594594594595,1.8243243243243243,1.4054054054054055,1.3513513513513513,0.5,2.810810810810811,6.243243243243243,,74.0
321,77936.0,16.694444444444443,0.3857611940298508,0.28203846153846157,0.75,0.6205666666666666,0.4722222222222222,1.625,2.0972222222222223,1.25,0.625,0.5277777777777778,0.2222222222222222,2.125,5.75,,72.0
322,77946.0,27.119402985074625,0.3764477611940299,0.07692307692307693,3.5671641791044775,0.7799259259259258,1.3582089552238805,3.462686567164179,4.82089552238806,2.6865671641791047,2.074626865671642,1.3880597014925373,0.9552238805970149,2.417910447761194,12.805970149253731,,67.0
323,77970.0,13.923076923076923,0.41161702127659566,0.0,1.1346153846153846,0.7287407407407408,0.5769230769230769,1.0576923076923077,1.6346153846153846,2.980769230769231,1.6923076923076923,0.5961538461538461,0.0,1.0192307692307692,4.211538461538462,,52.0
324,78014.0,14.041666666666666,0.46002439024390246,0.0,0.22916666666666666,0.6875,1.2083333333333333,1.9791666666666667,3.1875,0.5,0.7291666666666666,0.2708333333333333,1.1041666666666667,1.7291666666666667,2.6041666666666665,,48.0
325,78021.0,9.80952380952381,0.37583870967741934,0.0,0.16666666666666666,0.5,1.0476190476190477,1.8095238095238095,2.857142857142857,0.47619047619047616,0.38095238095238093,0.19047619047619047,0.30952380952380953,1.6666666666666667,1.9285714285714286,,42.0
326,78022.0,14.943661971830986,0.32541379310344826,0.33867741935483875,2.112676056338028,0.7425555555555557,0.4788732394366197,1.0985915492957747,1.5774647887323943,1.619718309859155,1.1971830985915493,0.7183098591549296,0.08450704225352113,2.028169014084507,6.845070422535211,,71.0
327,78029.0,8.0,0.4222222222222222,,1.5714285714285714,0.8160000000000001,1.2142857142857142,0.8571428571428571,2.0714285714285716,0.35714285714285715,0.7142857142857143,0.07142857142857142,0.14285714285714285,1.3571428571428572,3.5714285714285716,,14.0
328,78031.0,12.704545454545455,0.37846341463414634,0.5,1.5454545454545454,0.8101481481481481,1.0,1.9772727272727273,2.977272727272727,0.5,0.5681818181818182,0.4090909090909091,0.25,1.3181818181818181,5.113636363636363,,44.0
329,78035.0,11.03896103896104,0.3649285714285713,0.2236842105263158,0.45454545454545453,0.6270833333333333,0.15584415584415584,0.5584415584415584,0.7142857142857143,2.2987012987012987,1.1428571428571428,0.2857142857142857,0.012987012987012988,1.051948051948052,3.5454545454545454,,77.0
330,78055.0,16.03846153846154,0.4005769230769231,0.25,0.46153846153846156,0.5454545454545454,0.4230769230769231,2.8076923076923075,3.230769230769231,1.0769230769230769,1.3076923076923077,0.5384615384615384,0.8461538461538461,2.5384615384615383,4.1923076923076925,,26.0
331,78059.0,18.670731707317074,0.4560740740740741,0.38461538461538464,0.6707317073170732,0.7316206896551724,0.9512195121951219,1.853658536585366,2.8048780487804876,1.0853658536585367,0.9634146341463414,0.524390243902439,0.2804878048780488,2.682926829268293,6.219512195121951,,82.0
332,78110.0,11.864406779661017,0.3432142857142857,0.0,0.9830508474576272,0.766,0.6610169491525424,0.847457627118644,1.5084745762711864,0.559322033898305,0.7796610169491526,0.288135593220339,0.3728813559322034,1.2542372881355932,4.47457627118644,,59.0
333,78139.0,26.98780487804878,0.42091463414634145,0.29760714285714285,2.4146341463414633,0.8364333333333334,1.2317073170731707,1.7926829268292683,3.024390243902439,1.7682926829268293,1.451219512195122,0.8048780487804879,0.24390243902439024,2.4634146341463414,13.073170731707316,,82.0
334,78140.0,6.0,0.0,0.0,0.0,,0.0,0.0,0.0,0.6666666666666666,0.6666666666666666,0.3333333333333333,0.3333333333333333,0.6666666666666666,0.0,,3.0
335,78146.0,14.17142857142857,0.44051515151515147,0.3125,0.5142857142857142,0.9,0.08571428571428572,0.45714285714285713,0.5428571428571428,2.6857142857142855,0.6285714285714286,0.45714285714285713,0.05714285714285714,1.1428571428571428,3.4571428571428573,,35.0
336,78149.0,31.690140845070424,0.4049154929577464,0.28916923076923073,3.23943661971831,0.8772280701754385,1.5352112676056338,5.394366197183099,6.929577464788732,3.2253521126760565,1.9577464788732395,1.0704225352112675,0.676056338028169,3.436619718309859,13.887323943661972,,71.0
337,78179.0,8.65,0.428725,0.0,0.8833333333333333,0.7361666666666666,0.23333333333333334,0.9166666666666666,1.15,1.7166666666666666,0.6,0.5833333333333334,0.05,1.25,2.85,,60.0
338,78183.0,18.733333333333334,0.5049333333333333,0.4252758620689655,1.7333333333333334,0.6941296296296297,0.8266666666666667,1.4666666666666666,2.2933333333333334,1.4533333333333334,1.1333333333333333,0.4666666666666667,0.26666666666666666,2.64,8.906666666666666,,75.0
339,78195.0,17.56756756756757,0.4845074626865672,0.0,0.2702702702702703,0.3611111111111111,2.4324324324324325,3.675675675675676,6.108108108108108,0.9324324324324325,0.9459459459459459,0.7567567567567568,0.3783783783783784,2.7432432432432434,3.0,,74.0
340,78197.0,9.538461538461538,0.4213103448275863,0.045454545454545456,0.8153846153846154,0.8204999999999999,0.6153846153846154,0.9230769230769231,1.5384615384615385,1.2153846153846153,0.8307692307692308,0.13846153846153847,0.015384615384615385,0.7846153846153846,5.030769230769231,,65.0
341,78198.0,25.29230769230769,0.4634769230769231,0.2559642857142857,2.6,0.7592115384615384,1.8,2.8153846153846156,4.615384615384615,2.2615384615384615,1.5692307692307692,1.1692307692307693,0.8769230769230769,2.6769230769230767,13.461538461538462,,65.0
342,78264.0,3.090909090909091,0.041666666666666664,,0.18181818181818182,1.0,0.18181818181818182,0.2727272727272727,0.45454545454545453,0.0,0.2727272727272727,0.0,0.0,0.7272727272727273,0.36363636363636365,,11.0
343,78279.0,13.698412698412698,0.3662903225806452,0.37090196078431364,0.6984126984126984,0.8152173913043478,0.23809523809523808,0.8888888888888888,1.126984126984127,1.619047619047619,0.8253968253968254,0.3968253968253968,0.0,1.0952380952380953,6.095238095238095,,63.0
344,78293.0,36.62222222222222,0.45835555555555557,0.0,2.888888888888889,0.7514864864864865,4.2,8.88888888888889,13.088888888888889,1.488888888888889,2.6,1.7555555555555555,1.5555555555555556,3.5555555555555554,16.844444444444445,,45.0
345,78297.0,6.705882352941177,0.403875,0.26185714285714284,0.35294117647058826,0.5,0.29411764705882354,0.35294117647058826,0.6470588235294118,0.29411764705882354,0.5882352941176471,0.29411764705882354,0.17647058823529413,0.5294117647058824,3.0,,17.0
346,78301.0,3.7,0.0,0.0,1.1,0.6666666666666666,0.4,0.8,1.2,0.1,0.5,0.0,0.0,0.4,1.1,,10.0
347,78304.0,28.975609756097562,0.4646707317073171,0.16666666666666666,2.975609756097561,0.8202461538461537,1.3902439024390243,3.0853658536585367,4.475609756097561,1.8902439024390243,1.7560975609756098,1.1097560975609757,0.18292682926829268,2.817073170731707,16.134146341463413,,82.0
348,78310.0,30.92105263157895,0.42989473684210533,0.24866666666666667,4.973684210526316,0.8492238805970148,0.9868421052631579,1.9210526315789473,2.9078947368421053,5.355263157894737,2.973684210526316,0.7894736842105263,0.15789473684210525,2.5526315789473686,18.92105263157895,,76.0
349,78318.0,36.95061728395062,0.4427037037037037,0.27228813559322035,3.6049382716049383,0.7922602739726028,0.9135802469135802,2.888888888888889,3.802469135802469,9.444444444444445,3.9753086419753085,1.7160493827160495,0.2345679012345679,2.54320987654321,18.419753086419753,,81.0
350,78331.0,26.9,0.5048714285714286,,2.057142857142857,0.7254827586206896,2.4714285714285715,4.3428571428571425,6.814285714285714,0.6142857142857143,1.1285714285714286,0.4714285714285714,1.042857142857143,2.9571428571428573,10.085714285714285,,70.0
351,78347.0,19.242857142857144,0.4949264705882353,0.3125,2.5,0.7475660377358491,1.7428571428571429,3.442857142857143,5.185714285714286,0.8285714285714286,1.1285714285714286,0.32857142857142857,0.35714285714285715,2.7285714285714286,8.8,,70.0
352,78352.0,15.125,0.32979629629629625,0.33228125000000003,1.046875,0.7956774193548387,0.21875,0.71875,0.9375,2.71875,1.140625,0.515625,0.0,1.65625,4.125,,64.0
353,78369.0,30.443037974683545,0.4190632911392405,0.37701886792452827,3.9240506329113924,0.9074583333333331,1.0379746835443038,3.037974683544304,4.075949367088608,2.8354430379746836,2.2278481012658227,0.9493670886075949,0.20253164556962025,2.7848101265822787,15.594936708860759,,79.0
354,78375.0,21.296296296296298,0.40330864197530863,0.376948051948052,0.8148148148148148,0.7878378378378378,0.7037037037037037,1.4444444444444444,2.1481481481481484,2.1358024691358026,0.9012345679012346,0.9135802469135802,0.09876543209876543,1.962962962962963,8.234567901234568,,81.0
355,78377.0,10.454545454545455,0.2662,0.0,0.36363636363636365,1.0,0.36363636363636365,0.36363636363636365,0.7272727272727273,2.090909090909091,1.0909090909090908,0.7272727272727273,0.0,0.5454545454545454,2.3636363636363638,,11.0
356,78379.0,8.75,0.4052352941176471,0.0,1.1111111111111112,0.5955882352941176,0.6111111111111112,0.7777777777777778,1.3888888888888888,0.6111111111111112,0.7222222222222222,0.4722222222222222,0.19444444444444445,1.1111111111111112,4.333333333333333,,36.0
357,78381.0,18.416666666666668,0.41232692307692304,0.166625,0.7,0.7897142857142857,0.8666666666666667,2.9166666666666665,3.783333333333333,0.8833333333333333,1.0166666666666666,0.38333333333333336,0.2,2.683333333333333,5.133333333333334,,60.0
358,78386.0,13.864406779661017,0.5018148148148148,0.0,0.9491525423728814,0.7962592592592593,1.4915254237288136,2.2542372881355934,3.7457627118644066,0.4576271186440678,0.7627118644067796,0.2542372881355932,0.7966101694915254,2.288135593220339,4.677966101694915,,59.0
359,78394.0,9.675,0.35648484848484846,0.2857142857142857,0.7,0.6944166666666667,0.225,0.8,1.025,1.35,0.675,0.675,0.025,1.325,4.0,,40.0
360,78404.0,25.59090909090909,0.41750000000000004,0.39285714285714285,2.0,0.9602857142857143,0.6818181818181818,1.7272727272727273,2.409090909090909,1.8636363636363635,1.1818181818181819,0.6818181818181818,0.13636363636363635,1.2727272727272727,11.727272727272727,,22.0
361,78417.0,26.3015873015873,0.45172580645161287,0.07142857142857142,2.984126984126984,0.8553399999999999,0.5873015873015873,2.492063492063492,3.0793650793650795,5.619047619047619,2.0952380952380953,1.0317460317460319,0.31746031746031744,1.7142857142857142,11.19047619047619,,63.0
362,78418.0,11.195121951219512,0.3990882352941177,0.5,1.0,0.8234999999999999,0.4878048780487805,1.024390243902439,1.5121951219512195,0.43902439024390244,0.8048780487804879,0.43902439024390244,0.12195121951219512,1.2682926829268293,5.219512195121951,,41.0
363,78419.0,4.0,0.333,,0.0,,2.0,0.0,2.0,0.0,0.0,0.0,0.0,0.0,2.0,,1.0
364,78421.0,13.01388888888889,0.47440625000000003,0.36804166666666666,0.9722222222222222,0.5449428571428572,0.7222222222222222,0.9305555555555556,1.6527777777777777,1.1527777777777777,0.7222222222222222,0.5,0.3055555555555556,2.3055555555555554,4.958333333333333,,72.0
365,78426.0,3.0,,,0.0,,0.0,0.0,0.0,2.0,0.0,0.0,0.0,0.0,0.0,,1.0
366,78437.0,35.58024691358025,0.44108641975308643,0.1111111111111111,1.7037037037037037,0.6695925925925925,2.1358024691358026,6.679012345679013,8.814814814814815,8.049382716049383,2.1358024691358026,1.7160493827160495,0.37037037037037035,2.7160493827160495,9.530864197530864,,81.0
367,78440.0,23.455882352941178,0.5269705882352942,0.4,1.838235294117647,0.7218297872340426,1.9264705882352942,3.1176470588235294,5.044117647058823,0.7205882352941176,0.8823529411764706,0.4852941176470588,0.7647058823529411,2.6176470588235294,7.867647058823529,,68.0
368,78523.0,28.060606060606062,0.47319696969696967,0.0,2.909090909090909,0.8232264150943396,2.015151515151515,2.3181818181818183,4.333333333333333,1.5757575757575757,1.3181818181818181,1.2878787878787878,0.015151515151515152,2.5,15.515151515151516,,66.0
369,78528.0,15.95,0.4059210526315789,0.33252380952380955,0.7,0.708375,0.325,0.975,1.3,2.85,1.575,1.125,0.075,1.625,5.725,,40.0
370,78534.0,12.316455696202532,0.43007894736842106,0.0,1.1265822784810127,0.5936170212765958,1.4430379746835442,1.9113924050632911,3.3544303797468356,0.20253164556962025,0.9240506329113924,0.22784810126582278,0.22784810126582278,1.9240506329113924,4.69620253164557,,79.0
371,78554.0,35.111111111111114,0.4748333333333334,0.11108333333333333,3.611111111111111,0.763,1.5,6.055555555555555,7.555555555555555,4.666666666666667,2.388888888888889,1.1666666666666667,0.5,1.8333333333333333,18.166666666666668,,18.0
372,78558.0,4.857142857142857,0.3055833333333333,0.0,0.14285714285714285,0.5,0.23809523809523808,0.8571428571428571,1.0952380952380953,0.09523809523809523,0.14285714285714285,0.14285714285714285,0.3333333333333333,1.4285714285714286,0.7142857142857143,,21.0
373,78611.0,7.142857142857143,0.29583333333333334,0.1354375,0.5,0.8888333333333334,0.03571428571428571,0.39285714285714285,0.42857142857142855,1.6785714285714286,0.2857142857142857,0.21428571428571427,0.0,0.5714285714285714,1.7857142857142858,,28.0
374,78614.0,15.934426229508198,0.3471666666666667,0.2903225806451613,1.0163934426229508,0.68178125,0.4098360655737705,1.0327868852459017,1.4426229508196722,1.0819672131147542,0.8032786885245902,0.6885245901639344,0.18032786885245902,1.639344262295082,6.459016393442623,,61.0
375,78615.0,22.919354838709676,0.5443709677419355,0.0,2.838709677419355,0.7441454545454544,0.7903225806451613,2.193548387096774,2.9838709677419355,1.5483870967741935,1.1774193548387097,0.6290322580645161,0.7419354838709677,2.5806451612903225,12.709677419354838,,62.0
376,78633.0,16.98780487804878,0.43209876543209874,0.23510810810810812,1.1097560975609757,0.7849047619047618,0.35365853658536583,1.1341463414634145,1.4878048780487805,2.817073170731707,0.975609756097561,1.0,0.04878048780487805,1.024390243902439,4.670731707317073,,82.0
377,78634.0,10.2,0.4198888888888889,0.359375,0.6,0.6795384615384615,0.8,1.1111111111111112,1.9111111111111112,0.5333333333333333,0.3333333333333333,0.5555555555555556,0.06666666666666667,1.0444444444444445,4.866666666666666,,45.0
378,78656.0,24.617283950617285,0.5050625,0.0,1.3703703703703705,0.8309166666666666,2.1481481481481484,5.185185185185185,7.333333333333333,1.0123456790123457,0.9259259259259259,0.49382716049382713,1.2839506172839505,3.7037037037037037,12.358024691358025,,81.0
379,100263.0,33.02469135802469,0.47848148148148134,0.28344615384615385,2.0246913580246915,0.8270689655172414,2.049382716049383,7.580246913580247,9.62962962962963,2.111111111111111,1.2098765432098766,0.7037037037037037,1.037037037037037,3.432098765432099,12.11111111111111,,81.0
380,600009.0,21.451219512195124,0.38319753086419756,0.19443333333333335,0.7195121951219512,0.7555757575757575,0.45121951219512196,1.2317073170731707,1.6829268292682926,3.6341463414634148,1.2073170731707317,0.5975609756097561,0.04878048780487805,1.7073170731707317,5.939024390243903,,82.0
