,PLAYER_ID,MIN,FG_PCT,FG3_PCT,FTM,FT_PCT,OREB,DREB,REB,AST,TOV,STL,BLK,PF,PTS,PLUS_MINUS,no_games_played
0,2.0,32.073170731707314,0.4756219512195122,0.3184533333333333,1.4390243902439024,0.8039791666666667,0.6585365853658537,2.341463414634146,3.0,2.158536585365854,1.0365853658536586,1.1585365853658536,0.25609756097560976,1.7804878048780488,14.524390243902438,,82.0
1,3.0,31.425,0.4563625,0.2,2.2625,0.8118305084745763,2.8125,4.2875,7.1,2.2,1.95,1.4875,0.5375,3.6875,9.175,,80.0
2,7.0,27.170731707317074,0.49246913580246915,0.0,3.341463414634146,0.8518450704225351,2.1219512195121952,4.402439024390244,6.524390243902439,1.1951219512195121,1.2926829268292683,0.6707317073170732,0.7439024390243902,3.2195121951219514,10.609756097560975,,82.0
3,9.0,25.8125,0.5153,0.27884615384615385,1.7125,0.8019411764705883,0.3125,0.925,1.2375,3.4125,1.725,1.4125,0.1,2.3875,12.6625,,80.0
4,17.0,34.78048780487805,0.48143902439024394,0.2891830985915493,5.073170731707317,0.7827901234567901,2.5853658536585367,4.073170731707317,6.658536585365853,6.012195121951219,2.8292682926829267,1.7560975609756098,0.7317073170731707,2.7560975609756095,21.548780487804876,,82.0
5,22.0,22.223684210526315,0.4735263157894737,,1.894736842105263,0.7862962962962963,1.5263157894736843,3.1710526315789473,4.697368421052632,1.105263157894737,1.131578947368421,0.3157894736842105,1.4605263157894737,3.236842105263158,10.894736842105264,,76.0
6,23.0,33.5,0.48847500000000005,0.11740909090909092,1.353658536585366,0.6116415094339623,4.402439024390244,8.109756097560975,12.512195121951219,1.0365853658536586,1.146341463414634,0.7926829268292683,0.6707317073170732,3.426829268292683,8.158536585365853,,82.0
7,28.0,10.973333333333333,0.48234374999999996,0.0,0.7733333333333333,0.6561,0.7466666666666667,1.0666666666666667,1.8133333333333332,0.64,0.5466666666666666,0.4666666666666667,0.30666666666666664,1.5333333333333334,3.92,,75.0
8,36.0,19.74,0.5085400000000001,0.16666666666666666,3.56,0.7080851063829787,1.02,1.34,2.36,1.7,1.5,1.24,0.08,2.72,10.9,,50.0
9,38.0,15.049382716049383,0.37287012987012985,0.20974137931034484,0.4567901234567901,0.6507391304347826,0.7283950617283951,1.9506172839506173,2.6790123456790123,0.9259259259259259,0.7407407407407407,0.6172839506172839,0.9135802469135802,2.0987654320987654,5.283950617283951,,81.0
10,41.0,22.08823529411765,0.46514705882352947,,1.2941176470588236,0.54152,1.7352941176470589,3.0,4.735294117647059,1.4411764705882353,1.2058823529411764,1.1470588235294117,0.14705882352941177,1.8235294117647058,7.352941176470588,,34.0
11,45.0,14.45945945945946,0.36260000000000003,0.37468333333333337,0.5135135135135135,0.7862173913043478,0.47297297297297297,1.1216216216216217,1.5945945945945945,2.027027027027027,1.2297297297297298,0.5405405405405406,0.14864864864864866,1.9054054054054055,4.635135135135135,,74.0
12,47.0,33.81818181818182,0.4736060606060606,0.0,4.121212121212121,0.8334062499999999,2.272727272727273,5.393939393939394,7.666666666666667,2.0,2.484848484848485,0.696969696969697,0.8484848484848485,3.0,20.0,,33.0
13,51.0,22.46268656716418,0.40216417910447766,0.23977551020408164,1.2537313432835822,0.8738648648648648,0.5074626865671642,1.2985074626865671,1.8059701492537314,3.074626865671642,1.6417910447761195,0.8208955223880597,0.05970149253731343,2.2238805970149254,14.059701492537313,,67.0
14,52.0,23.36986301369863,0.46484507042253526,0.14285714285714285,3.9726027397260273,0.845,0.6712328767123288,1.7397260273972603,2.410958904109589,4.767123287671233,2.0547945205479454,2.0547945205479454,0.2328767123287671,2.767123287671233,11.136986301369863,,73.0
15,53.0,19.515151515151516,0.53059375,0.3888888888888889,2.272727272727273,0.85532,1.393939393939394,1.9393939393939394,3.3333333333333335,1.3636363636363635,0.9090909090909091,0.5757575757575758,0.30303030303030304,2.5757575757575757,7.181818181818182,,33.0
16,56.0,27.353658536585368,0.4534197530864198,0.07692307692307693,0.8414634146341463,0.7150263157894736,1.3170731707317074,1.646341463414634,2.9634146341463414,6.439024390243903,2.1951219512195124,2.0121951219512195,0.18292682926829268,3.0365853658536586,7.170731707317073,,82.0
17,64.0,34.3013698630137,0.48313698630136986,0.3016341463414634,3.136986301369863,0.8193593749999999,2.287671232876712,5.082191780821918,7.36986301369863,1.4794520547945205,1.4109589041095891,0.8767123287671232,1.0684931506849316,3.3835616438356166,13.465753424657533,,73.0
18,67.0,14.614285714285714,0.42243939393939395,0.0,0.8142857142857143,0.6522857142857142,0.8285714285714286,2.1142857142857143,2.942857142857143,0.6142857142857143,0.7714285714285715,0.21428571428571427,0.1,1.542857142857143,5.242857142857143,,70.0
19,70.0,15.87719298245614,0.4276153846153846,0.375,0.7894736842105263,0.8297391304347826,0.08771929824561403,0.5614035087719298,0.6491228070175439,2.2982456140350878,0.7017543859649122,0.5087719298245614,0.07017543859649122,0.9122807017543859,4.754385964912281,,57.0
20,71.0,38.46341463414634,0.4635609756097561,0.33037704918032784,1.0853658536585367,0.5192,1.0,2.4878048780487805,3.4878048780487805,8.951219512195122,2.1219512195121952,1.5975609756097562,0.15853658536585366,1.3902439024390243,17.085365853658537,,82.0
21,73.0,30.069767441860463,0.45104651162790704,0.0,2.488372093023256,0.6271666666666668,2.5813953488372094,4.162790697674419,6.744186046511628,2.3255813953488373,1.4651162790697674,0.8372093023255814,1.6046511627906976,2.9302325581395348,11.744186046511627,,43.0
22,76.0,11.587301587301587,0.45907017543859646,0.16666666666666666,1.746031746031746,0.6497560975609756,1.2222222222222223,1.1587301587301588,2.380952380952381,0.5555555555555556,1.0952380952380953,0.3492063492063492,0.07936507936507936,1.1111111111111112,8.238095238095237,,63.0
23,78.0,23.670731707317074,0.47085365853658534,0.2,0.8780487804878049,0.7122857142857142,1.8780487804878048,4.987804878048781,6.865853658536586,1.7926829268292683,2.048780487804878,0.7682926829268293,0.7682926829268293,3.231707317073171,7.621951219512195,,82.0
24,80.0,32.98571428571429,0.48869999999999997,0.17752173913043479,2.4714285714285715,0.6252857142857143,2.5285714285714285,4.571428571428571,7.1,2.2714285714285714,1.9857142857142858,0.9,0.9,2.742857142857143,17.414285714285715,,70.0
25,81.0,17.341463414634145,0.3834567901234568,0.0,1.2317073170731707,0.6950625,1.353658536585366,1.646341463414634,3.0,1.5,1.048780487804878,0.5853658536585366,0.10975609756097561,1.1951219512195121,6.353658536585366,,82.0
26,82.0,18.896103896103895,0.409375,0.2,0.961038961038961,0.7807105263157895,1.3116883116883118,3.103896103896104,4.415584415584416,0.8961038961038961,0.6623376623376623,0.5974025974025974,0.7662337662337663,2.987012987012987,5.675324675324675,,77.0
27,88.0,5.846153846153846,0.527,,0.48717948717948717,0.9166666666666666,0.5384615384615384,0.6153846153846154,1.1538461538461537,0.23076923076923078,0.10256410256410256,0.15384615384615385,0.05128205128205128,0.5128205128205128,1.5128205128205128,,39.0
28,95.0,14.735849056603774,0.4842291666666667,0.0,1.3962264150943395,0.7412222222222223,1.2264150943396226,2.358490566037736,3.5849056603773586,0.5094339622641509,0.6226415094339622,0.2830188679245283,0.22641509433962265,2.2641509433962264,5.132075471698113,,53.0
29,96.0,32.09756097560975,0.5209146341463415,0.39285714285714285,5.378048780487805,0.8363780487804879,2.1707317073170733,5.878048780487805,8.048780487804878,3.6707317073170733,2.1341463414634148,0.7073170731707317,0.2682926829268293,3.1951219512195124,16.097560975609756,,82.0
30,98.0,28.15714285714286,0.4651857142857143,0.26380000000000003,2.4714285714285715,0.6311428571428571,1.3142857142857143,4.2,5.514285714285714,1.5142857142857142,1.6142857142857143,1.0571428571428572,0.6285714285714286,2.0714285714285716,14.142857142857142,,70.0
31,100.0,14.8,0.3101,0.2666,0.5,0.75,0.8,1.0,1.8,1.2,0.4,0.2,0.0,2.0,5.8,,10.0
32,101.0,34.35443037974684,0.4225443037974684,0.37875342465753425,4.30379746835443,0.9034583333333333,0.7215189873417721,2.6962025316455698,3.4177215189873418,8.354430379746836,3.189873417721519,1.1265822784810127,0.05063291139240506,2.430379746835443,17.17721518987342,,79.0
33,104.0,31.942857142857143,0.5049571428571429,,3.0,0.704328125,2.242857142857143,8.085714285714285,10.32857142857143,1.7,3.357142857142857,0.7714285714285715,2.0714285714285716,2.6285714285714286,14.028571428571428,,70.0
34,105.0,29.623376623376622,0.4772467532467532,0.31020370370370365,2.948051948051948,0.7598095238095237,2.1818181818181817,3.2467532467532467,5.428571428571429,2.8051948051948052,1.4805194805194806,1.3766233766233766,0.5194805194805194,2.103896103896104,13.64935064935065,,77.0
35,107.0,27.92156862745098,0.4730196078431372,0.32732,2.3529411764705883,0.7131904761904762,1.2941176470588236,2.0980392156862746,3.392156862745098,1.8627450980392157,1.588235294117647,0.9607843137254902,0.1568627450980392,2.196078431372549,16.80392156862745,,51.0
36,116.0,17.329268292682926,0.42427848101265825,0.2875,1.3170731707317074,0.8503478260869565,1.3048780487804879,1.6951219512195121,3.0,1.146341463414634,1.0853658536585367,0.7073170731707317,0.1951219512195122,2.8780487804878048,5.2682926829268295,,82.0
37,117.0,35.73913043478261,0.5009710144927535,0.16666666666666666,3.347826086956522,0.9298524590163934,0.5217391304347826,2.463768115942029,2.9855072463768115,2.072463768115942,1.565217391304348,0.7246376811594203,0.08695652173913043,1.855072463768116,18.579710144927535,,69.0
38,121.0,38.32098765432099,0.5121975308641975,0.0,5.728395061728395,0.7557088607594936,2.3950617283950617,8.777777777777779,11.17283950617284,3.0123456790123457,3.5925925925925926,0.9876543209876543,3.185185185185185,3.54320987654321,26.59259259259259,,81.0
39,122.0,25.78048780487805,0.5123703703703704,0.19047619047619047,2.073170731707317,0.8346101694915253,1.3048780487804879,2.1219512195121952,3.426829268292683,1.646341463414634,1.646341463414634,0.7682926829268293,0.35365853658536583,2.317073170731707,10.829268292682928,,82.0
40,124.0,28.170731707317074,0.5757439024390244,0.35714285714285715,2.3902439024390243,0.6814029850746268,2.5,5.621951219512195,8.121951219512194,1.1219512195121952,1.7804878048780488,1.2926829268292683,1.548780487804878,3.0121951219512195,11.231707317073171,,82.0
41,134.0,36.0,0.5187532467532469,0.18228125,6.740259740259741,0.8395657894736841,0.7012987012987013,2.8181818181818183,3.5194805194805197,10.142857142857142,3.4935064935064934,2.116883116883117,0.14285714285714285,2.25974025974026,22.207792207792206,,77.0
42,137.0,35.0,0.3970731707317073,0.3274634146341463,2.6463414634146343,0.6897462686567163,0.5,2.402439024390244,2.902439024390244,3.6951219512195124,2.0853658536585367,1.548780487804878,0.18292682926829268,2.182926829268293,17.036585365853657,,82.0
43,146.0,11.608108108108109,0.4267619047619047,0.25,0.581081081081081,0.694125,0.8243243243243243,1.0810810810810811,1.9054054054054055,0.6891891891891891,0.35135135135135137,0.44594594594594594,0.20270270270270271,1.0675675675675675,3.135135135135135,,74.0
44,149.0,35.54545454545455,0.38884848484848483,0.27718181818181814,7.045454545454546,0.8814461538461539,0.8787878787878788,3.0,3.878787878787879,10.5,3.6363636363636362,2.227272727272727,0.09090909090909091,2.4545454545454546,26.545454545454547,,66.0
45,154.0,8.166666666666666,0.44164516129032255,0.0,0.16666666666666666,0.4444444444444444,1.0238095238095237,1.3571428571428572,2.380952380952381,0.19047619047619047,0.7142857142857143,0.4523809523809524,0.23809523809523808,0.8333333333333334,1.8333333333333333,,42.0
46,156.0,32.81818181818182,0.5094025974025974,0.0,3.831168831168831,0.7582916666666666,2.116883116883117,3.3376623376623376,5.454545454545454,2.4805194805194803,2.220779220779221,0.5844155844155844,1.3116883116883118,4.090909090909091,20.142857142857142,,77.0
47,157.0,37.38961038961039,0.4619350649350651,0.3742916666666667,3.7142857142857144,0.7218142857142857,0.7662337662337663,2.25974025974026,3.0259740259740258,7.116883116883117,2.2987012987012987,1.9090909090909092,0.18181818181818182,2.883116883116883,19.727272727272727,,77.0
48,165.0,36.82142857142857,0.5148035714285715,0.0,3.8035714285714284,0.7646545454545454,3.9107142857142856,9.839285714285714,13.75,2.3392857142857144,3.107142857142857,2.1607142857142856,3.9464285714285716,3.9464285714285716,21.196428571428573,,56.0
49,166.0,35.46153846153846,0.39841025641025635,0.28030769230769237,3.717948717948718,0.6895555555555555,1.4871794871794872,3.3333333333333335,4.82051282051282,5.358974358974359,3.3076923076923075,1.6923076923076923,0.8974358974358975,2.8461538461538463,19.564102564102566,,39.0
50,170.0,11.805555555555555,0.45121538461538463,0.0,0.75,0.7833199999999999,0.9861111111111112,2.4027777777777777,3.388888888888889,0.2916666666666667,0.7361111111111112,0.20833333333333334,0.19444444444444445,1.5,3.5833333333333335,,72.0
51,173.0,6.82051282051282,0.4295517241379311,0.25,0.3076923076923077,0.41669999999999996,0.7692307692307693,0.9743589743589743,1.7435897435897436,0.48717948717948717,0.28205128205128205,0.41025641025641024,0.3333333333333333,1.1794871794871795,2.2051282051282053,,39.0
52,174.0,23.582278481012658,0.4401898734177216,0.2986111111111111,3.4177215189873418,0.8595820895522388,0.43037974683544306,1.5822784810126582,2.0126582278481013,2.7468354430379747,1.4303797468354431,0.569620253164557,0.0759493670886076,1.8354430379746836,13.645569620253164,,79.0
53,175.0,20.155844155844157,0.4744736842105263,0.0,1.4935064935064934,0.5725689655172415,1.5714285714285714,4.701298701298701,6.2727272727272725,1.2077922077922079,1.3766233766233766,0.2597402597402597,1.1688311688311688,3.6623376623376624,6.376623376623376,,77.0
54,177.0,28.382716049382715,0.46349999999999997,0.0,1.0617283950617284,0.7765945945945947,0.7160493827160493,1.9506172839506173,2.6666666666666665,8.25925925925926,1.4814814814814814,1.691358024691358,0.037037037037037035,1.9753086419753085,7.012345679012346,,81.0
55,178.0,26.468354430379748,0.5190632911392404,0.0,1.8481012658227849,0.5849137931034483,2.7848101265822787,4.215189873417722,7.0,0.5316455696202531,1.1139240506329113,0.5443037974683544,0.4050632911392405,2.430379746835443,9.848101265822784,,79.0
56,181.0,34.6025641025641,0.5082435897435897,0.3225806451612903,3.6794871794871793,0.8165915492957747,0.46153846153846156,1.6282051282051282,2.08974358974359,7.102564102564102,3.0384615384615383,1.358974358974359,0.14102564102564102,1.6794871794871795,17.692307692307693,,78.0
57,187.0,32.76119402985075,0.48562686567164165,0.18518518518518517,2.4477611940298507,0.6886206896551724,2.8955223880597014,4.880597014925373,7.776119402985074,2.343283582089552,1.955223880597015,0.9104477611940298,0.44776119402985076,3.3582089552238807,17.567164179104477,,67.0
58,190.0,22.605263157894736,0.48104285714285716,,1.381578947368421,0.6532444444444445,1.855263157894737,3.289473684210526,5.144736842105263,0.9078947368421053,1.263157894736842,0.6447368421052632,1.9473684210526316,2.960526315789474,6.907894736842105,,76.0
59,192.0,28.48780487804878,0.398719512195122,0.3580875,1.8658536585365855,0.7611886792452831,0.7560975609756098,2.1097560975609757,2.8658536585365852,1.6341463414634145,1.548780487804878,0.7560975609756098,0.3048780487804878,2.475609756097561,15.658536585365853,,82.0
60,193.0,7.0,0.5,,2.0,0.6665,1.0,0.6666666666666666,1.6666666666666667,0.0,0.0,0.3333333333333333,0.0,2.0,3.3333333333333335,,3.0
61,198.0,20.506172839506174,0.431641975308642,0.3143636363636364,1.5308641975308641,0.821925925925926,1.2222222222222223,2.308641975308642,3.5308641975308643,1.7530864197530864,1.4814814814814814,0.5308641975308642,0.30864197530864196,2.8395061728395063,8.604938271604938,,81.0
62,199.0,25.972602739726028,0.4549577464788733,0.3689166666666666,2.2739726027397262,0.8161538461538461,1.821917808219178,2.3698630136986303,4.191780821917808,1.821917808219178,1.5342465753424657,1.547945205479452,0.5616438356164384,3.4657534246575343,13.575342465753424,,73.0
63,201.0,25.57377049180328,0.4126666666666666,,1.540983606557377,0.5520638297872341,3.7540983606557377,4.622950819672131,8.37704918032787,0.6065573770491803,1.3114754098360655,0.639344262295082,2.5081967213114753,3.557377049180328,7.114754098360656,,61.0
64,202.0,30.955882352941178,0.42601470588235296,0.19695454545454547,0.75,0.683,1.0147058823529411,2.0588235294117645,3.073529411764706,8.632352941176471,3.088235294117647,1.5147058823529411,0.17647058823529413,2.823529411764706,8.676470588235293,,68.0
65,203.0,18.397435897435898,0.4154133333333333,0.35237142857142856,0.7307692307692307,0.6213124999999999,0.9102564102564102,2.3076923076923075,3.217948717948718,4.756410256410256,1.564102564102564,1.3333333333333333,0.2564102564102564,2.7051282051282053,4.333333333333333,,78.0
66,204.0,34.1625,0.5164250000000001,0.37739999999999996,2.5125,0.886375,0.925,3.0875,4.0125,5.1125,1.625,1.3875,0.2,2.3125,16.875,,80.0
67,209.0,19.93421052631579,0.44472000000000006,0.3819166666666667,1.263157894736842,0.8368936170212766,0.618421052631579,2.0,2.6184210526315788,2.1842105263157894,1.0526315789473684,0.9868421052631579,0.32894736842105265,1.644736842105263,10.552631578947368,,76.0
68,216.0,35.08860759493671,0.45928205128205135,0.11363636363636363,2.5822784810126582,0.8001475409836066,1.3164556962025316,3.367088607594937,4.6835443037974684,7.620253164556962,2.8227848101265822,1.3291139240506329,0.43037974683544306,2.607594936708861,13.810126582278482,,79.0
69,229.0,26.430555555555557,0.4734722222222222,0.5,2.986111111111111,0.7237627118644068,1.2638888888888888,2.5833333333333335,3.8472222222222223,0.9027777777777778,1.75,0.16666666666666666,0.4166666666666667,3.4583333333333335,13.63888888888889,,72.0
70,236.0,25.31645569620253,0.3803544303797468,0.20021052631578948,2.1645569620253164,0.7900363636363636,1.0126582278481013,1.5822784810126582,2.5949367088607596,3.037974683544304,2.0632911392405062,1.6455696202531647,0.5822784810126582,1.9113924050632911,12.08860759493671,,79.0
71,238.0,16.10810810810811,0.48032394366197184,,1.2972972972972974,0.62734,2.1216216216216215,3.054054054054054,5.175675675675675,0.25675675675675674,0.972972972972973,0.44594594594594594,0.40540540540540543,3.5675675675675675,5.27027027027027,,74.0
72,244.0,23.71951219512195,0.43818518518518523,0.19332000000000002,1.670731707317073,0.8809999999999999,0.5,1.7195121951219512,2.2195121951219514,4.195121951219512,1.670731707317073,1.0121951219512195,0.17073170731707318,1.9634146341463414,8.682926829268293,,82.0
73,246.0,13.588235294117647,0.3930483870967742,0.0,0.8823529411764706,0.47928125000000005,1.4264705882352942,3.25,4.676470588235294,0.23529411764705882,1.2352941176470589,0.5147058823529411,0.6617647058823529,2.0588235294117645,4.294117647058823,,68.0
74,247.0,38.075,0.47519999999999996,0.3139677419354839,4.6375,0.8778333333333334,0.775,1.5625,2.3375,5.5375,2.3625,1.1125,0.0875,1.6875,20.3625,,80.0
75,251.0,37.1219512195122,0.4821219512195122,0.2565789473684211,3.9634146341463414,0.8063924050632911,1.7317073170731707,3.8292682926829267,5.560975609756097,2.902439024390244,1.7926829268292683,0.8414634146341463,0.4024390243902439,2.317073170731707,15.865853658536585,,82.0
76,252.0,40.26829268292683,0.5325975609756097,0.2692307692307692,8.341463414634147,0.7740487804878049,2.8780487804878048,8.914634146341463,11.792682926829269,3.292682926829268,2.975609756097561,1.0853658536585367,0.9634146341463414,3.268292682926829,29.048780487804876,,82.0
77,262.0,26.097560975609756,0.49267073170731707,0.0,0.8536585365853658,0.645425,2.158536585365854,4.646341463414634,6.804878048780488,1.0853658536585367,1.0121951219512195,1.0365853658536586,0.7073170731707317,2.3658536585365852,6.365853658536586,,82.0
78,265.0,36.90909090909091,0.5011168831168832,0.125,2.4025974025974026,0.7533442622950819,2.324675324675325,4.909090909090909,7.233766233766234,2.6493506493506493,1.6233766233766234,1.1818181818181819,0.7922077922077922,3.012987012987013,18.246753246753247,,77.0
79,270.0,33.85897435897436,0.5511282051282052,0.1,2.5256410256410255,0.730234375,3.41025641025641,5.038461538461538,8.448717948717949,2.282051282051282,1.1794871794871795,1.2179487179487178,0.8846153846153846,2.6025641025641026,12.820512820512821,,78.0
80,271.0,30.580246913580247,0.4647283950617284,0.33505172413793105,4.753086419753086,0.8186800000000001,1.1604938271604939,1.9753086419753085,3.1358024691358026,2.3209876543209877,2.3333333333333335,1.2345679012345678,0.20987654320987653,3.432098765432099,16.925925925925927,,81.0
81,273.0,14.935897435897436,0.4699078947368422,0.6666666666666666,1.6025641025641026,0.7623673469387755,1.2435897435897436,1.0512820512820513,2.2948717948717947,0.7051282051282052,1.0,0.4230769230769231,0.34615384615384615,1.935897435897436,6.089743589743589,,78.0
82,279.0,24.177419354838708,0.5084705882352941,,0.46774193548387094,0.5912857142857143,1.9193548387096775,3.870967741935484,5.790322580645161,0.7741935483870968,0.7419354838709677,0.8225806451612904,2.0,3.2096774193548385,2.629032258064516,,62.0
83,280.0,25.91358024691358,0.5018395061728396,0.0,2.246913580246914,0.7166440677966102,3.3580246913580245,4.555555555555555,7.91358024691358,0.30864197530864196,0.9506172839506173,0.5925925925925926,1.4938271604938271,4.160493827160494,7.061728395061729,,81.0
84,281.0,6.607843137254902,0.5163333333333334,0.5,0.39215686274509803,0.7291666666666666,0.8235294117647058,1.0980392156862746,1.9215686274509804,0.3137254901960784,0.45098039215686275,0.23529411764705882,0.2549019607843137,1.0,2.4901960784313726,,51.0
85,285.0,4.863636363636363,0.3610666666666667,0.3333333333333333,0.22727272727272727,0.8335,0.045454545454545456,0.4090909090909091,0.45454545454545453,0.9090909090909091,0.45454545454545453,0.4090909090909091,0.0,0.5454545454545454,1.1818181818181819,,22.0
86,287.0,15.583333333333334,0.4177058823529412,,0.8611111111111112,0.5965384615384616,1.1388888888888888,2.9583333333333335,4.097222222222222,0.5416666666666666,0.9583333333333334,0.19444444444444445,0.3055555555555556,2.6666666666666665,4.5,,72.0
87,288.0,35.25333333333333,0.47613333333333335,0.0,3.5733333333333333,0.816865671641791,2.933333333333333,5.04,7.973333333333334,1.4,2.32,0.92,0.7066666666666667,2.466666666666667,16.56,,75.0
88,289.0,24.119402985074625,0.4338059701492537,0.1981891891891892,2.4477611940298507,0.7242884615384615,0.7014925373134329,1.208955223880597,1.9104477611940298,2.029850746268657,1.7164179104477613,0.7014925373134329,0.14925373134328357,1.8059701492537314,12.955223880597014,,67.0
89,291.0,16.642857142857142,0.5257971014492754,0.0,1.4857142857142858,0.8807837837837837,2.2142857142857144,2.657142857142857,4.871428571428571,0.6428571428571429,0.6428571428571429,0.8714285714285714,0.6142857142857143,2.1,5.228571428571429,,70.0
90,293.0,36.527027027027025,0.46921621621621623,0.0,5.1891891891891895,0.7773285714285715,2.918918918918919,5.297297297297297,8.216216216216216,1.8108108108108107,2.22972972972973,1.0945945945945945,1.9594594594594594,3.608108108108108,20.0,,74.0
91,302.0,35.90277777777778,0.3943611111111111,0.13020833333333334,1.9305555555555556,0.8148333333333334,0.9305555555555556,2.5277777777777777,3.4583333333333335,6.125,2.875,2.3472222222222223,0.5555555555555556,2.5,14.125,,72.0
92,304.0,37.84146341463415,0.5074146341463415,0.33258571428571426,4.426829268292683,0.8411645569620253,0.5609756097560976,2.3292682926829267,2.8902439024390243,14.195121951219512,3.6341463414634148,2.8536585365853657,0.1951219512195122,2.841463414634146,17.23170731707317,,82.0
93,305.0,30.135802469135804,0.5898148148148149,0.0,2.925925925925926,0.7774264705882352,3.345679012345679,7.222222222222222,10.567901234567902,0.8148148148148148,1.8888888888888888,0.8148148148148148,1.271604938271605,2.432098765432099,14.901234567901234,,81.0
94,306.0,13.210526315789474,0.401875,0.31666666666666665,0.3684210526315789,0.7,0.2631578947368421,1.105263157894737,1.368421052631579,1.9473684210526316,0.5789473684210527,0.5789473684210527,0.05263157894736842,1.4210526315789473,3.0526315789473686,,19.0
95,313.0,27.971014492753625,0.5209710144927536,0.21153846153846154,2.3333333333333335,0.702542372881356,1.2028985507246377,1.8985507246376812,3.101449275362319,5.3478260869565215,1.9855072463768115,1.1014492753623188,0.18840579710144928,1.681159420289855,12.710144927536232,,69.0
96,317.0,19.229508196721312,0.41105,0.28709090909090906,1.2950819672131149,0.7383421052631579,0.4918032786885246,1.6557377049180328,2.1475409836065573,3.3442622950819674,1.2131147540983607,0.9672131147540983,0.2786885245901639,2.2459016393442623,7.639344262295082,,61.0
97,323.0,11.222222222222221,0.38951020408163267,0.0,0.7777777777777778,0.6735,0.9629629629629629,1.8333333333333333,2.7962962962962963,0.6851851851851852,0.8333333333333334,0.2222222222222222,0.4074074074074074,2.074074074074074,4.37037037037037,,54.0
98,328.0,30.4875,0.4795443037974684,0.0,2.3625,0.7694590163934426,1.8875,5.875,7.7625,1.475,1.5875,0.9875,0.7,3.45,8.8875,,80.0
99,330.0,30.095890410958905,0.5366712328767124,0.0,3.0,0.7294242424242423,2.315068493150685,3.5205479452054793,5.835616438356165,2.684931506849315,2.5753424657534247,1.6027397260273972,0.8493150684931506,3.8493150684931505,15.876712328767123,,73.0
100,333.0,33.01219512195122,0.5901463414634147,0.0,2.2560975609756095,0.8324918032786884,1.0365853658536586,2.2195121951219514,3.2560975609756095,3.1219512195121952,1.8048780487804879,1.2195121951219512,0.4146341463414634,2.8902439024390243,15.621951219512194,,82.0
101,335.0,34.56,0.45492,0.20967741935483872,2.2666666666666666,0.8040999999999999,0.9066666666666666,3.7733333333333334,4.68,4.773333333333333,2.2266666666666666,1.0533333333333332,0.6133333333333333,3.013333333333333,14.44,,75.0
102,340.0,12.46774193548387,0.3668448275862069,0.13157894736842105,1.0,0.7999999999999999,0.25806451612903225,0.7903225806451613,1.0483870967741935,1.3064516129032258,0.9516129032258065,0.4838709677419355,0.12903225806451613,1.6774193548387097,3.9193548387096775,,62.0
103,341.0,21.527027027027028,0.4470821917808219,0.07411111111111111,0.9324324324324325,0.8156666666666668,1.837837837837838,3.5675675675675675,5.405405405405405,1.445945945945946,1.2837837837837838,0.8108108108108109,0.4189189189189189,3.2972972972972974,7.283783783783784,,74.0
104,342.0,10.0,0.36957894736842106,0.4128636363636364,0.5319148936170213,0.75,0.6808510638297872,0.7446808510638298,1.425531914893617,0.6595744680851063,0.5106382978723404,0.2978723404255319,0.0425531914893617,1.2340425531914894,2.9148936170212765,,47.0
105,344.0,11.378787878787879,0.4586101694915255,0.394,1.1818181818181819,0.9008620689655172,0.25757575757575757,0.8181818181818182,1.0757575757575757,1.6818181818181819,0.8181818181818182,0.3484848484848485,0.015151515151515152,0.6060606060606061,6.333333333333333,,66.0
106,345.0,32.901234567901234,0.5140740740740741,0.4008625,3.4444444444444446,0.8230571428571428,0.6419753086419753,2.8395061728395063,3.4814814814814814,8.012345679012345,2.3333333333333335,1.9506172839506173,0.14814814814814814,1.8641975308641976,17.049382716049383,,81.0
107,349.0,22.15277777777778,0.46204166666666663,0.2692307692307692,1.625,0.739595744680851,0.8611111111111112,1.875,2.736111111111111,6.277777777777778,1.875,0.8333333333333334,0.125,1.125,8.75,,72.0
108,351.0,15.763157894736842,0.4610136986301369,0.0,1.4078947368421053,0.7120681818181818,0.9473684210526315,1.7894736842105263,2.736842105263158,0.8552631578947368,1.1973684210526316,0.3157894736842105,0.5526315789473685,1.763157894736842,5.5131578947368425,,76.0
109,355.0,12.142857142857142,0.5195714285714286,,1.2857142857142858,0.8333999999999999,1.0,0.5714285714285714,1.5714285714285714,1.8571428571428572,0.8571428571428571,0.2857142857142857,0.0,3.0,4.714285714285714,,7.0
110,356.0,32.31645569620253,0.41781012658227845,0.21624657534246572,2.2658227848101267,0.7321311475409836,2.6582278481012658,3.9367088607594938,6.594936708860759,2.7848101265822787,2.1139240506329116,1.7468354430379747,1.2151898734177216,3.1392405063291138,13.189873417721518,,79.0
111,359.0,20.06756756756757,0.5041917808219177,0.0,1.364864864864865,0.72402,1.054054054054054,1.8243243243243243,2.8783783783783785,1.0810810810810811,1.2702702702702702,0.35135135135135137,0.32432432432432434,1.7567567567567568,8.472972972972974,,74.0
112,361.0,23.658536585365855,0.45571951219512197,0.3055555555555556,2.5,0.6331323529411764,1.5,2.7560975609756095,4.2560975609756095,1.8414634146341464,1.6219512195121952,0.9512195121951219,0.926829268292683,3.207317073170732,11.670731707317072,,82.0
113,364.0,30.0,0.43557142857142855,0.30408196721311476,3.342857142857143,0.8528333333333333,0.6428571428571429,2.085714285714286,2.7285714285714286,3.5714285714285716,1.8714285714285714,1.042857142857143,0.22857142857142856,2.3857142857142857,15.742857142857142,,70.0
114,365.0,34.31506849315068,0.5225342465753424,0.23529411764705882,3.219178082191781,0.84371875,2.356164383561644,3.4383561643835616,5.794520547945205,2.315068493150685,2.164383561643836,1.2465753424657535,0.7671232876712328,3.0136986301369864,15.273972602739725,,73.0
115,368.0,9.476190476190476,0.3870322580645162,0.0,0.5238095238095238,0.5588235294117647,0.6666666666666666,2.2142857142857144,2.880952380952381,0.40476190476190477,0.8095238095238095,0.047619047619047616,0.6904761904761905,1.5238095238095237,3.761904761904762,,42.0
116,371.0,14.89090909090909,0.42499999999999993,0.0,0.8545454545454545,0.7218076923076923,1.490909090909091,2.672727272727273,4.163636363636364,0.6,0.7818181818181819,0.6363636363636364,0.5272727272727272,1.8181818181818181,5.7272727272727275,,55.0
117,378.0,33.74390243902439,0.43282716049382713,0.3067361111111111,1.1585365853658536,0.6482500000000001,1.7317073170731707,3.0,4.7317073170731705,4.585365853658536,1.951219512195122,1.475609756097561,0.4146341463414634,2.548780487804878,10.146341463414634,,82.0
118,380.0,10.859375,0.4588909090909091,0.0,0.625,0.7121363636363637,0.375,0.734375,1.109375,2.109375,1.078125,0.4375,0.1875,1.25,3.65625,,64.0
119,383.0,23.70731707317073,0.44241463414634147,0.14285714285714285,1.853658536585366,0.8201785714285714,1.2804878048780488,1.9268292682926829,3.207317073170732,3.6951219512195124,1.9878048780487805,1.2682926829268293,0.47560975609756095,2.268292682926829,11.048780487804878,,82.0
120,393.0,35.793103448275865,0.488103448275862,0.34332,2.7758620689655173,0.7218936170212766,0.9827586206896551,2.793103448275862,3.7758620689655173,7.982758620689655,2.689655172413793,2.0172413793103448,0.1896551724137931,2.1551724137931036,13.793103448275861,,58.0
121,397.0,36.23170731707317,0.5110365853658537,0.3339473684210526,6.719512195121951,0.9220975609756097,0.9878048780487805,2.4390243902439024,3.426829268292683,4.036585365853658,1.9878048780487805,1.329268292682927,0.15853658536585366,2.0121951219512195,22.621951219512194,,82.0
122,402.0,25.07792207792208,0.42612162162162165,0.07142857142857142,0.4155844155844156,0.53668,1.3116883116883118,3.5584415584415585,4.87012987012987,1.6103896103896105,0.6493506493506493,0.961038961038961,0.987012987012987,3.4415584415584415,4.064935064935065,,77.0
123,404.0,31.0,0.48179012345679,0.0,2.962962962962963,0.7550281690140845,2.185185185185185,4.37037037037037,6.555555555555555,1.0987654320987654,2.2962962962962963,0.4074074074074074,0.41975308641975306,3.0987654320987654,15.82716049382716,,81.0
124,416.0,25.36842105263158,0.41146666666666665,0.16,3.013157894736842,0.756688524590164,1.4605263157894737,1.986842105263158,3.4473684210526314,1.4078947368421053,1.894736842105263,0.9473684210526315,0.3157894736842105,3.6184210526315788,12.039473684210526,,76.0
125,417.0,38.073170731707314,0.4264756097560975,0.0,3.7439024390243905,0.7814936708860759,2.292682926829268,4.048780487804878,6.341463414634147,1.6219512195121952,1.2682926829268293,0.8048780487804879,0.6951219512195121,4.121951219512195,14.597560975609756,,82.0
126,418.0,12.25,0.38594736842105265,0.3096774193548388,0.7625,0.8086296296296296,0.35,0.55,0.9,2.55,0.6375,0.6625,0.0625,1.525,5.3,,80.0
127,420.0,9.76923076923077,0.4493023255813954,0.5,0.7115384615384616,0.6706190476190477,0.7884615384615384,1.3461538461538463,2.1346153846153846,0.3076923076923077,0.7692307692307693,0.17307692307692307,0.11538461538461539,1.7692307692307692,3.5,,52.0
128,422.0,14.102941176470589,0.4734915254237289,0.125,0.8676470588235294,0.6341612903225806,0.3235294117647059,0.8088235294117647,1.1323529411764706,3.3823529411764706,1.088235294117647,0.6911764705882353,0.058823529411764705,0.9117647058823529,4.705882352941177,,68.0
129,426.0,18.10909090909091,0.4891458333333332,0.5,1.2545454545454546,0.578054054054054,1.9454545454545455,2.890909090909091,4.836363636363636,0.7090909090909091,0.6545454545454545,0.32727272727272727,0.509090909090909,2.3454545454545452,5.454545454545454,,55.0
130,428.0,35.0958904109589,0.49598630136986305,0.11804166666666667,3.8904109589041096,0.6533521126760563,1.0684931506849316,1.7945205479452055,2.863013698630137,8.547945205479452,3.6986301369863015,1.6575342465753424,0.0684931506849315,2.4383561643835616,18.52054794520548,,73.0
131,431.0,30.160493827160494,0.5017777777777779,0.18181818181818182,3.5555555555555554,0.6664342105263158,3.2962962962962963,5.08641975308642,8.382716049382717,1.7777777777777777,2.493827160493827,0.9506172839506173,1.5185185185185186,3.9382716049382718,14.987654320987655,,81.0
132,433.0,32.275,0.591625,,2.7125,0.7105692307692307,2.8375,6.55,9.3875,1.2125,1.7125,0.5875,0.5875,3.0875,11.6625,,80.0
133,442.0,25.55263157894737,0.4741333333333333,0.0,1.8289473684210527,0.6273448275862069,2.9473684210526314,4.75,7.697368421052632,1.3421052631578947,1.9210526315789473,0.6447368421052632,2.0657894736842106,3.526315789473684,10.407894736842104,,76.0
134,456.0,32.075,0.4911625,0.3281891891891892,2.0625,0.724967741935484,1.5125,3.7,5.2125,2.975,2.3,0.7,0.2125,2.7625,18.425,,80.0
135,457.0,18.285714285714285,0.5930727272727273,0.0,1.4761904761904763,0.7426046511627907,1.7936507936507937,3.015873015873016,4.809523809523809,0.42857142857142855,0.7142857142857143,0.2698412698412698,2.015873015873016,2.6666666666666665,4.936507936507937,,63.0
136,462.0,30.8375,0.44508749999999997,0.0,2.275,0.693483870967742,1.925,4.35,6.275,1.1125,1.9125,1.0875,0.5875,3.575,11.275,,80.0
137,470.0,32.734177215189874,0.42459493670886084,0.3167368421052632,2.7974683544303796,0.8222343750000001,0.5949367088607594,2.607594936708861,3.2025316455696204,4.30379746835443,1.5822784810126582,1.8734177215189873,0.5949367088607594,2.7341772151898733,15.151898734177216,,79.0
138,672.0,3.5,0.47064705882352936,0.0,0.6111111111111112,0.71875,0.3333333333333333,0.4444444444444444,0.7777777777777778,0.1111111111111111,0.16666666666666666,0.16666666666666666,0.0,0.5555555555555556,2.1666666666666665,,18.0
139,698.0,25.765432098765434,0.4722222222222222,0.296864406779661,2.8271604938271606,0.8653050847457626,1.3209876543209877,2.0246913580246915,3.345679012345679,1.3703703703703705,1.5061728395061729,0.7160493827160493,0.1111111111111111,2.234567901234568,16.71604938271605,,81.0
140,705.0,10.790697674418604,0.3973333333333333,0.18181818181818182,0.4418604651162791,0.6428571428571429,0.9302325581395349,1.3488372093023255,2.2790697674418605,0.3953488372093023,0.813953488372093,0.46511627906976744,0.3023255813953488,2.1627906976744184,3.2093023255813953,,43.0
141,716.0,14.340425531914894,0.4104285714285714,0.16666666666666666,1.0,0.5624615384615385,0.425531914893617,1.0851063829787233,1.5106382978723405,2.8085106382978724,1.6170212765957446,0.6808510638297872,0.1702127659574468,1.3829787234042554,5.638297872340425,,47.0
142,738.0,9.166666666666666,0.270875,,0.6666666666666666,0.75,0.08333333333333333,1.1666666666666667,1.25,0.08333333333333333,0.75,0.0,0.25,1.5,1.3333333333333333,,12.0
143,760.0,32.31506849315068,0.4684520547945205,0.3076923076923077,3.1780821917808217,0.6942307692307692,2.315068493150685,4.273972602739726,6.589041095890411,3.1095890410958904,2.041095890410959,1.3835616438356164,1.0410958904109588,3.4383561643835616,14.849315068493151,,73.0
144,763.0,4.6,0.3746111111111111,,0.8,0.5439333333333333,0.6571428571428571,1.0,1.6571428571428573,0.11428571428571428,0.37142857142857144,0.11428571428571428,0.2571428571428571,0.7428571428571429,2.342857142857143,,35.0
145,764.0,37.74390243902439,0.5593780487804879,0.14285714285714285,7.219512195121951,0.7485061728395062,4.085365853658536,8.878048780487806,12.963414634146341,2.5365853658536586,3.292682926829268,1.548780487804878,3.902439024390244,3.2195121951219514,25.621951219512194,,82.0
146,765.0,38.875,0.4681875,0.39588461538461545,5.9875,0.8476962025316456,0.6,3.275,3.875,3.7375,2.6625,2.225,0.4875,2.275,22.0875,,80.0
147,766.0,22.52,0.38392000000000004,0.1111111111111111,1.16,0.775,0.96,2.04,3.0,1.84,1.68,0.76,0.2,2.64,5.44,,25.0
148,767.0,28.607843137254903,0.44621568627450975,0.0,3.156862745098039,0.5969565217391305,3.2941176470588234,3.6666666666666665,6.96078431372549,1.1372549019607843,2.0980392156862746,0.6666666666666666,0.17647058823529413,2.215686274509804,14.607843137254902,,51.0
149,769.0,21.109756097560975,0.4709634146341463,0.5543478260869565,1.1829268292682926,0.8623953488372093,0.3048780487804878,1.5121951219512195,1.8170731707317074,3.6707317073170733,1.3048780487804879,0.8536585365853658,0.04878048780487805,1.4390243902439024,8.78048780487805,,82.0
150,770.0,23.865853658536587,0.6601604938271606,,1.646341463414634,0.633223880597015,2.0853658536585367,4.7926829268292686,6.878048780487805,0.45121951219512196,1.048780487804878,0.3902439024390244,1.9634146341463414,3.2439024390243905,7.670731707317073,,82.0
151,779.0,34.36363636363637,0.4555064935064936,0.35448484848484846,2.220779220779221,0.8170338983050848,1.103896103896104,3.844155844155844,4.9480519480519485,2.4545454545454546,2.155844155844156,1.3116883116883118,0.33766233766233766,2.8051948051948052,17.428571428571427,,77.0
152,781.0,13.135135135135135,0.5194057971014493,0.0,1.0135135135135136,0.6179024390243902,1.6486486486486487,2.891891891891892,4.54054054054054,0.6351351351351351,1.0135135135135136,0.3108108108108108,0.7702702702702703,1.9864864864864864,4.148648648648648,,74.0
153,782.0,39.311688311688314,0.49516883116883115,0.33563793103448275,5.116883116883117,0.8420657894736842,1.9090909090909092,3.961038961038961,5.87012987012987,3.090909090909091,2.987012987012987,1.6363636363636365,0.44155844155844154,2.688311688311688,23.896103896103895,,77.0
154,783.0,25.493333333333332,0.5147466666666667,0.0,2.64,0.8178448275862069,1.72,3.96,5.68,1.7466666666666666,2.1333333333333333,1.1466666666666667,0.5733333333333334,3.4,12.56,,75.0
155,786.0,31.823529411764707,0.4611029411764706,0.19251724137931034,2.485294117647059,0.7720535714285715,1.1470588235294117,1.8970588235294117,3.0441176470588234,4.044117647058823,2.3676470588235294,1.2058823529411764,0.3382352941176471,2.661764705882353,13.794117647058824,,68.0
156,787.0,37.28358208955224,0.5699701492537312,0.2583214285714286,7.08955223880597,0.7155522388059703,3.8507462686567164,6.298507462686567,10.149253731343284,4.2388059701492535,3.1343283582089554,1.6417910447761195,0.4925373134328358,2.582089552238806,27.597014925373134,,67.0
157,788.0,29.6625,0.4985875,0.3888888888888889,1.9875,0.6613225806451613,3.2375,5.5625,8.8,1.2375,1.9125,0.75,0.5,2.9375,13.1375,,80.0
158,891.0,36.03947368421053,0.5143552631578947,0.0,3.1447368421052633,0.7658307692307693,4.0131578947368425,8.092105263157896,12.105263157894736,2.6842105263157894,2.8289473684210527,0.8157894736842105,0.2236842105263158,3.789473684210526,11.223684210526315,,76.0
159,892.0,29.293333333333333,0.43109333333333333,0.2918857142857143,3.08,0.8568035714285714,0.5466666666666666,1.7733333333333334,2.32,5.56,1.9466666666666668,1.5733333333333333,0.08,2.4,13.373333333333333,,75.0
160,893.0,37.0,0.5432195121951219,0.3323888888888889,6.963414634146342,0.8535731707317072,1.4390243902439024,4.560975609756097,6.0,5.524390243902439,2.4634146341463414,2.7195121951219514,1.0121951219512195,2.792682926829268,31.463414634146343,,82.0
161,894.0,27.743589743589745,0.4768846153846154,0.3359298245614036,5.512820512820513,0.9096712328767124,0.8589743589743589,1.5897435897435896,2.448717948717949,2.1538461538461537,1.8846153846153846,0.7692307692307693,0.16666666666666666,2.1794871794871793,20.487179487179485,,78.0
162,895.0,38.97560975609756,0.44193902439024396,0.2,3.6097560975609757,0.7936164383561644,2.2560975609756095,4.926829268292683,7.182926829268292,4.2317073170731705,2.548780487804878,1.975609756097561,0.6463414634146342,3.1341463414634148,17.951219512195124,,82.0
163,896.0,39.207317073170735,0.4772073170731707,0.37498666666666663,3.731707317073171,0.7782666666666668,1.0609756097560976,2.9878048780487805,4.048780487804878,9.670731707317072,3.292682926829268,2.6097560975609757,0.14634146341463414,2.7804878048780486,22.9390243902439,,82.0
164,897.0,12.76086956521739,0.4747179487179487,0.0,0.9347826086956522,0.654875,1.1521739130434783,1.5869565217391304,2.739130434782609,0.5869565217391305,0.6956521739130435,0.5,0.9347826086956522,1.3043478260869565,4.195652173913044,,46.0
165,898.0,25.983870967741936,0.5257903225806451,0.24563157894736842,1.3225806451612903,0.7028333333333333,0.8225806451612904,2.4193548387096775,3.2419354838709675,1.7419354838709677,1.6935483870967742,0.9193548387096774,0.46774193548387094,3.274193548387097,9.290322580645162,,62.0
166,899.0,35.6875,0.5035624999999999,0.35831250000000003,3.6875,0.9612857142857143,0.5,2.3125,2.8125,10.375,3.5,2.625,0.125,1.4375,16.9375,,16.0
167,901.0,37.0609756097561,0.5479268292682927,0.42857142857142855,4.073170731707317,0.6897215189873419,3.5,6.817073170731708,10.317073170731707,2.402439024390244,2.6463414634146343,0.8902439024390244,0.24390243902439024,3.3902439024390243,17.5,,82.0
168,902.0,16.524390243902438,0.3953974358974359,0.14583333333333334,0.8658536585365854,0.7533939393939395,0.6829268292682927,1.1829268292682926,1.8658536585365855,2.8292682926829267,1.1951219512195121,0.7926829268292683,0.14634146341463414,1.8170731707317074,4.890243902439025,,82.0
169,904.0,40.426829268292686,0.544219512195122,0.27153125,6.2560975609756095,0.8725432098765432,1.7195121951219512,3.682926829268293,5.402439024390244,4.012195121951219,2.9878048780487805,2.1097560975609757,0.7682926829268293,2.1463414634146343,25.695121951219512,,82.0
170,906.0,27.863013698630137,0.43716901408450703,0.17900000000000002,1.3835616438356164,0.7535135135135136,0.6986301369863014,2.6164383561643834,3.315068493150685,4.835616438356165,1.8630136986301369,1.1917808219178083,0.0958904109589041,2.219178082191781,7.958904109589041,,73.0
171,917.0,15.102564102564102,0.46477777777777773,,1.435897435897436,0.6154,1.794871794871795,2.769230769230769,4.564102564102564,0.3974358974358974,0.8076923076923077,0.2564102564102564,0.2692307692307692,2.551282051282051,5.564102564102564,,78.0
172,920.0,26.390243902439025,0.43770370370370365,0.20512820512820512,2.7195121951219514,0.7510909090909091,2.451219512195122,3.841463414634146,6.2926829268292686,0.8658536585365854,1.2073170731707317,0.7195121951219512,0.2804878048780488,1.4268292682926829,9.146341463414634,,82.0
173,921.0,38.76315789473684,0.51975,0.0,5.723684210526316,0.7296266666666666,2.3289473684210527,8.592105263157896,10.921052631578947,3.3289473684210527,2.776315789473684,0.9736842105263158,0.6052631578947368,2.513157894736842,21.644736842105264,,76.0
174,922.0,7.431372549019608,0.41583333333333333,,0.6274509803921569,0.5877368421052631,0.7647058823529411,1.0980392156862746,1.8627450980392157,0.19607843137254902,0.3137254901960784,0.21568627450980393,0.7450980392156863,1.392156862745098,2.823529411764706,,51.0
175,925.0,9.28,0.4276136363636364,0.1875,0.56,0.859375,0.36,0.9,1.26,0.7,0.98,0.16,0.02,1.06,4.5,,50.0
176,926.0,32.074074074074076,0.4729999999999999,0.2986578947368421,2.45679012345679,0.7664754098360657,2.3580246913580245,3.308641975308642,5.666666666666667,5.481481481481482,2.617283950617284,3.037037037037037,0.19753086419753085,3.3703703703703702,13.555555555555555,,81.0
177,927.0,22.283783783783782,0.46629166666666666,0.0,2.5135135135135136,0.7464918032786886,1.8513513513513513,2.5675675675675675,4.418918918918919,0.9459459459459459,1.2297297297297298,0.7027027027027027,1.5135135135135136,3.2432432432432434,7.351351351351352,,74.0
178,930.0,21.555555555555557,0.5470563380281691,0.0,2.2777777777777777,0.69185,1.8888888888888888,3.375,5.263888888888889,0.6111111111111112,1.4166666666666667,0.6666666666666666,0.9305555555555556,2.9305555555555554,9.027777777777779,,72.0
179,934.0,35.16216216216216,0.4605890410958904,0.30248148148148146,4.364864864864865,0.690875,3.635135135135135,6.621621621621622,10.256756756756756,2.2027027027027026,2.9324324324324325,0.9594594594594594,1.337837837837838,2.9324324324324325,18.43243243243243,,74.0
180,937.0,36.75609756097561,0.522390243902439,0.2752093023255814,2.926829268292683,0.6769200000000001,1.9878048780487805,5.2682926829268295,7.2560975609756095,6.2317073170731705,2.8292682926829267,2.3536585365853657,1.1341463414634145,3.292682926829268,17.817073170731707,,82.0
181,938.0,33.921875,0.46939062500000006,0.3333333333333333,4.03125,0.6096774193548387,3.234375,7.84375,11.078125,1.484375,3.203125,0.796875,1.34375,3.328125,16.40625,,64.0
182,939.0,12.875,0.4778571428571428,0.0,1.125,0.83325,0.25,2.0,2.25,1.75,1.75,0.375,0.375,1.75,3.625,,8.0
183,940.0,17.666666666666668,0.38842857142857146,0.0,0.1111111111111111,0.25,0.6666666666666666,3.3333333333333335,4.0,0.3333333333333333,0.6666666666666666,0.0,0.3333333333333333,1.7777777777777777,1.8888888888888888,,9.0
184,1006.0,30.533333333333335,0.4751166666666667,0.0,1.3833333333333333,0.6389268292682926,1.4333333333333333,4.516666666666667,5.95,1.5833333333333333,1.8833333333333333,0.5,1.4666666666666666,3.283333333333333,12.45,,60.0
185,1008.0,31.0,0.717,0.16666666666666666,2.5,0.9443333333333334,0.0,4.0,4.0,7.0,2.0,0.75,0.0,1.0,15.75,,4.0
186,1027.0,6.48,0.2918181818181818,0.0,0.52,0.458375,0.64,0.96,1.6,0.44,0.68,0.2,0.04,0.52,2.2,,25.0
187,1037.0,5.354838709677419,0.43683333333333335,,0.3225806451612903,0.6136363636363636,0.4838709677419355,1.1612903225806452,1.6451612903225807,0.12903225806451613,0.7741935483870968,0.03225806451612903,0.9354838709677419,1.3870967741935485,1.8709677419354838,,31.0
188,1054.0,13.306451612903226,0.4875344827586207,0.0,0.9032258064516129,0.6404137931034483,0.8225806451612904,1.903225806451613,2.725806451612903,0.5806451612903226,0.9838709677419355,0.24193548387096775,0.22580645161290322,1.7580645161290323,4.32258064516129,,62.0
189,1068.0,14.123287671232877,0.4972857142857143,0.0,0.863013698630137,0.6085263157894737,0.9041095890410958,2.589041095890411,3.493150684931507,0.6986301369863014,0.7808219178082192,0.3287671232876712,0.3972602739726027,2.4383561643835616,3.547945205479452,,73.0
190,1080.0,13.64864864864865,0.3819714285714286,0.3763548387096774,1.4054054054054055,0.6873181818181818,0.7027027027027027,1.4324324324324325,2.135135135135135,0.8648648648648649,1.0,0.40540540540540543,0.13513513513513514,1.5945945945945945,8.108108108108109,,37.0
191,1091.0,6.333333333333333,0.4333,,0.4,0.5,0.4666666666666667,1.2666666666666666,1.7333333333333334,0.26666666666666666,0.2,0.2,0.2,1.8,1.6,,15.0
192,1100.0,2.0,1.0,,2.0,1.0,0.0,0.0,0.0,0.0,0.0,0.0,0.0,0.0,4.0,,1.0
193,1117.0,8.947368421052632,0.40339534883720923,,0.8421052631578947,0.6184285714285715,1.0175438596491229,1.3333333333333333,2.3508771929824563,0.19298245614035087,0.47368421052631576,0.24561403508771928,0.3508771929824561,1.3157894736842106,2.6315789473684212,,57.0
194,1122.0,38.0,0.4646049382716049,0.2927179487179487,5.8765432098765435,0.8354567901234567,3.2222222222222223,5.814814814814815,9.037037037037036,3.271604938271605,2.4814814814814814,1.5185185185185186,0.8024691358024691,1.9259259259259258,25.938271604938272,,81.0
195,1123.0,27.134146341463413,0.4862278481012658,,0.7682926829268293,0.5739767441860465,2.3048780487804876,4.865853658536586,7.170731707317073,0.7195121951219512,1.2439024390243902,0.3048780487804878,0.9878048780487805,3.6341463414634148,4.817073170731708,,82.0
196,1365.0,32.51851851851852,0.48883950617283956,0.0,2.382716049382716,0.7242615384615384,2.1358024691358026,4.7407407407407405,6.8765432098765435,2.308641975308642,2.271604938271605,0.9382716049382716,0.5679012345679012,3.259259259259259,16.950617283950617,,81.0
197,1381.0,10.24,0.4414285714285714,0.3333333333333333,0.96,0.9285714285714286,0.36,0.92,1.28,0.72,0.56,0.36,0.08,0.68,3.84,,25.0
198,1449.0,37.95,0.45496666666666663,0.32104255319148933,2.716666666666667,0.8781200000000001,0.8833333333333333,7.6,8.483333333333333,7.183333333333334,3.1166666666666667,1.8,0.9666666666666667,1.9666666666666666,19.4,,60.0
199,1450.0,30.397058823529413,0.5541029411764706,0.4107142857142857,3.3529411764705883,0.813140625,2.1323529411764706,4.926470588235294,7.0588235294117645,1.8529411764705883,2.0588235294117645,0.36764705882352944,2.1470588235294117,2.8529411764705883,18.397058823529413,,68.0
200,1453.0,20.887323943661972,0.4449859154929577,0.30862962962962964,1.5070422535211268,0.9371282051282052,1.0,1.5492957746478873,2.5492957746478875,1.7605633802816902,1.2394366197183098,1.1267605633802817,0.04225352112676056,2.112676056338028,13.014084507042254,,71.0
201,1456.0,8.658536585365853,0.3725294117647059,0.0,0.0975609756097561,0.625,0.14634146341463414,0.6585365853658537,0.8048780487804879,0.6097560975609756,0.24390243902439024,0.24390243902439024,0.0975609756097561,0.21951219512195122,1.8048780487804879,,41.0
202,1460.0,38.56410256410256,0.49446153846153834,0.27564,2.717948717948718,0.8003582089552239,1.3717948717948718,3.1923076923076925,4.564102564102564,3.5256410256410255,1.6282051282051282,1.3333333333333333,0.44871794871794873,1.5,21.41025641025641,,78.0
203,1472.0,32.56578947368421,0.43432894736842104,0.23076923076923078,4.9868421052631575,0.8240144927536232,1.368421052631579,5.078947368421052,6.447368421052632,2.5526315789473686,2.3289473684210527,0.8552631578947368,0.6842105263157895,3.0921052631578947,19.88157894736842,,76.0
204,1479.0,16.963414634146343,0.4711265822784809,,1.6097560975609757,0.7386071428571428,1.329268292682927,2.7804878048780486,4.109756097560975,0.5975609756097561,1.0,0.35365853658536583,0.2926829268292683,2.024390243902439,4.7560975609756095,,82.0
205,1489.0,37.69620253164557,0.4088354430379747,0.2727272727272727,4.050632911392405,0.7090845070422536,2.4430379746835444,6.379746835443038,8.822784810126583,3.9873417721518987,2.911392405063291,1.4303797468354431,1.0759493670886076,3.151898734177215,17.9873417721519,,79.0
206,1622.0,34.608108108108105,0.5010540540540541,0.27382142857142855,2.1486486486486487,0.7877307692307691,2.0675675675675675,5.5,7.5675675675675675,3.5,1.7432432432432432,0.9459459459459459,0.6891891891891891,2.7432432432432434,11.405405405405405,,74.0
207,1628.0,8.419354838709678,0.42736363636363633,0.0,0.1935483870967742,0.6666666666666666,0.4838709677419355,1.096774193548387,1.5806451612903225,0.06451612903225806,0.25806451612903225,0.1935483870967742,0.8709677419354839,1.7096774193548387,1.7419354838709677,,31.0
208,1631.0,20.28767123287671,0.47254411764705884,0.0,1.2191780821917808,0.7083333333333334,1.643835616438356,2.6301369863013697,4.273972602739726,1.5205479452054795,1.6027397260273972,0.4383561643835616,0.6575342465753424,2.2054794520547945,6.835616438356165,,73.0
209,1667.0,10.147058823529411,0.38078181818181817,0.3142857142857143,0.5588235294117647,0.9166666666666666,0.20588235294117646,0.5441176470588235,0.75,1.9264705882352942,0.6323529411764706,0.47058823529411764,0.0,1.2205882352941178,3.1470588235294117,,68.0
210,1680.0,10.95890410958904,0.37421538461538456,0.25,0.7123287671232876,0.7292592592592593,0.2465753424657534,0.8493150684931506,1.095890410958904,1.2054794520547945,0.684931506849315,0.4657534246575342,0.0547945205479452,1.0410958904109588,3.8219178082191783,,73.0
211,1683.0,11.805555555555555,0.38239285714285715,0.0,0.4166666666666667,0.5714285714285714,0.8055555555555556,0.6111111111111112,1.4166666666666667,0.9722222222222222,0.75,0.4444444444444444,0.027777777777777776,1.3611111111111112,3.861111111111111,,36.0
212,1839.0,24.063291139240505,0.3942051282051282,0.15384615384615385,2.0126582278481013,0.7336034482758621,2.189873417721519,4.189873417721519,6.379746835443038,0.7974683544303798,1.6582278481012658,1.0253164556962024,0.5569620253164557,3.8987341772151898,8.79746835443038,,79.0
213,1847.0,30.317073170731707,0.45534146341463416,0.0,2.6707317073170733,0.8042647058823529,1.2317073170731707,3.731707317073171,4.963414634146342,1.5121951219512195,1.5853658536585367,0.6463414634146342,1.1097560975609757,1.951219512195122,12.402439024390244,,82.0
214,1848.0,8.714285714285714,0.62,,0.5714285714285714,0.4166666666666667,0.5714285714285714,0.14285714285714285,0.7142857142857143,0.2857142857142857,0.5714285714285714,0.0,0.2857142857142857,2.2857142857142856,2.2857142857142856,,7.0
215,1861.0,12.375,0.3430344827586207,0.23144444444444445,1.109375,0.5539000000000001,0.3125,0.796875,1.109375,2.984375,1.1875,0.3125,0.109375,1.296875,5.296875,,64.0
216,1874.0,14.333333333333334,0.4285,,0.3333333333333333,0.5,1.0,2.0,3.0,0.3333333333333333,0.3333333333333333,0.3333333333333333,0.3333333333333333,2.0,4.333333333333333,,3.0
217,1972.0,18.28787878787879,0.423,0.3181818181818182,1.7121212121212122,0.799219512195122,0.6212121212121212,0.9393939393939394,1.5606060606060606,3.6818181818181817,1.621212121212121,0.9242424242424242,0.2727272727272727,1.696969696969697,5.409090909090909,,66.0
218,76001.0,6.744186046511628,0.4554,,0.5813953488372093,0.5178571428571429,0.627906976744186,1.441860465116279,2.0697674418604652,0.27906976744186046,0.5116279069767442,0.09302325581395349,0.27906976744186046,0.9069767441860465,3.13953488372093,,43.0
219,76009.0,19.308823529411764,0.531983870967742,0.3333333333333333,0.9705882352941176,0.69165,2.0588235294117645,3.2205882352941178,5.279411764705882,0.36764705882352944,0.6176470588235294,0.36764705882352944,0.36764705882352944,3.2058823529411766,4.1911764705882355,,68.0
220,76016.0,25.71794871794872,0.4568076923076923,0.33695652173913043,3.076923076923077,0.7553043478260869,1.7179487179487178,3.076923076923077,4.794871794871795,1.7820512820512822,1.641025641025641,0.6025641025641025,0.2564102564102564,2.6794871794871793,14.153846153846153,,78.0
221,76017.0,21.375,0.4806749999999999,0.41828571428571426,1.425,0.8248571428571428,0.5625,2.0,2.5625,3.5625,1.25,0.7875,0.1625,2.4375,11.125,,80.0
222,76019.0,13.976190476190476,0.41225000000000006,0.28200000000000003,0.9761904761904762,0.8,0.9761904761904762,1.8095238095238095,2.7857142857142856,1.0714285714285714,0.9523809523809523,0.35714285714285715,0.19047619047619047,2.0952380952380953,5.809523809523809,,42.0
223,76024.0,6.9411764705882355,0.49340625,0.3489375,0.7647058823529411,0.8694166666666666,0.29411764705882354,0.4117647058823529,0.7058823529411765,0.6470588235294118,0.47058823529411764,0.23529411764705882,0.029411764705882353,0.3235294117647059,4.4411764705882355,,34.0
224,76046.0,28.536585365853657,0.4755975609756098,0.19117647058823528,2.0121951219512195,0.8452181818181818,1.2560975609756098,3.2195121951219514,4.475609756097561,1.4024390243902438,1.2195121951219512,0.7926829268292683,0.15853658536585366,1.9878048780487805,14.609756097560975,,82.0
225,76050.0,13.08955223880597,0.5451186440677966,,1.3582089552238805,0.7297297297297297,1.8208955223880596,1.955223880597015,3.7761194029850746,0.373134328358209,0.47761194029850745,0.40298507462686567,0.1044776119402985,1.8656716417910448,5.656716417910448,,67.0
226,76079.0,4.333333333333333,0.3611111111111111,,0.5833333333333334,0.625,0.5,0.25,0.75,0.3333333333333333,0.4166666666666667,0.08333333333333333,0.08333333333333333,0.5833333333333334,1.5833333333333333,,12.0
227,76090.0,3.7142857142857144,0.3666,,0.2857142857142857,1.0,0.7142857142857143,0.8571428571428571,1.5714285714285714,0.0,0.2857142857142857,0.0,0.2857142857142857,0.7142857142857143,1.1428571428571428,,7.0
228,76094.0,7.212765957446808,0.5873333333333334,0.0,0.5319148936170213,0.36338888888888893,0.723404255319149,1.3191489361702127,2.0425531914893615,0.19148936170212766,0.5319148936170213,0.10638297872340426,0.14893617021276595,1.553191489361702,2.3617021276595747,,47.0
229,76123.0,16.875,0.4565714285714286,0.10526315789473684,1.25,0.7402666666666666,1.4821428571428572,1.6607142857142858,3.142857142857143,1.1071428571428572,0.9464285714285714,1.0714285714285714,0.32142857142857145,1.9285714285714286,6.053571428571429,,56.0
230,76138.0,9.366666666666667,0.40109090909090905,0.28125,0.9166666666666666,0.68856,0.9166666666666666,1.2666666666666666,2.183333333333333,0.5333333333333333,0.5333333333333333,0.03333333333333333,0.6,1.2666666666666666,4.533333333333333,,60.0
231,76152.0,12.37037037037037,0.3296521739130435,,1.2962962962962963,0.8055,1.1111111111111112,1.2592592592592593,2.3703703703703702,1.037037037037037,0.7407407407407407,0.2962962962962963,0.07407407407407407,1.8518518518518519,4.2592592592592595,,27.0
232,76176.0,37.0625,0.4791,0.36375862068965514,3.525,0.8611562500000001,0.7875,2.4125,3.2,3.7625,1.9875,0.8625,0.2375,1.9125,19.875,,80.0
233,76183.0,5.631578947368421,0.3874642857142857,0.11538461538461539,0.2631578947368421,0.6875,0.10526315789473684,0.42105263157894735,0.5263157894736842,0.6842105263157895,0.47368421052631576,0.23684210526315788,0.05263157894736842,0.9210526315789473,1.6842105263157894,,38.0
234,76195.0,18.5609756097561,0.3509420289855073,0.038461538461538464,0.2926829268292683,0.5882352941176471,0.8048780487804879,3.4634146341463414,4.2682926829268295,0.24390243902439024,0.7682926829268293,0.1951219512195122,3.0121951219512195,2.2439024390243905,1.8902439024390243,,82.0
235,76217.0,30.903225806451612,0.4092096774193549,0.16666666666666666,2.725806451612903,0.7215625,2.838709677419355,4.903225806451613,7.741935483870968,2.370967741935484,2.274193548387097,0.6935483870967742,1.4516129032258065,2.8225806451612905,12.919354838709678,,62.0
236,76247.0,20.616438356164384,0.45555072463768115,,0.4794520547945205,0.42910000000000004,1.5616438356164384,3.164383561643836,4.726027397260274,1.0,0.9452054794520548,0.4794520547945205,1.095890410958904,1.8082191780821917,5.876712328767123,,73.0
237,76268.0,9.8,0.374875,0.229125,0.6666666666666666,0.8611111111111112,0.8,0.6333333333333333,1.4333333333333333,0.5333333333333333,0.5333333333333333,0.13333333333333333,0.0,1.5666666666666667,2.7666666666666666,,30.0
238,76320.0,4.111111111111111,0.25,,0.4444444444444444,0.625,0.8888888888888888,0.8888888888888888,1.7777777777777777,0.1111111111111111,0.4444444444444444,0.0,0.0,1.0,1.5555555555555556,,9.0
239,76334.0,10.59375,0.4087692307692308,0.0,0.859375,0.7145937499999999,0.390625,0.828125,1.21875,0.953125,0.796875,0.34375,0.109375,1.53125,3.203125,,64.0
240,76338.0,37.57142857142857,0.4281688311688312,0.1801111111111111,4.64935064935065,0.8162,2.090909090909091,2.4025974025974026,4.4935064935064934,2.779220779220779,2.4675324675324677,1.5714285714285714,0.6233766233766234,2.6493506493506493,21.792207792207794,,77.0
241,76353.0,8.727272727272727,0.45830000000000004,,1.0,0.875,0.2727272727272727,1.9090909090909092,2.1818181818181817,1.0,1.0909090909090908,0.09090909090909091,0.7272727272727273,1.6363636363636365,3.3636363636363638,,11.0
242,76362.0,28.772151898734176,0.4993924050632912,,1.5696202531645569,0.677625,2.1139240506329116,4.037974683544304,6.151898734177215,1.5949367088607596,1.4303797468354431,0.4050632911392405,0.189873417721519,2.1139240506329116,9.620253164556962,,79.0
243,76385.0,28.25,0.5119078947368421,0.1979375,1.381578947368421,0.8152045454545455,0.2894736842105263,1.986842105263158,2.276315789473684,5.723684210526316,1.4210526315789473,1.6842105263157894,0.13157894736842105,1.8157894736842106,7.7894736842105265,,76.0
244,76387.0,6.111111111111111,0.3729375,,0.5,0.625,0.6111111111111112,0.3888888888888889,1.0,0.1111111111111111,0.3333333333333333,0.16666666666666666,0.05555555555555555,0.8888888888888888,2.388888888888889,,18.0
245,76410.0,6.153846153846154,0.3827142857142857,0.0,0.23076923076923078,0.5,0.8076923076923077,0.7115384615384616,1.5192307692307692,0.057692307692307696,0.09615384615384616,0.11538461538461539,0.07692307692307693,0.8653846153846154,1.3076923076923077,,52.0
246,76431.0,13.621621621621621,0.45238095238095233,0.0,0.918918918918919,0.7307692307692307,0.28378378378378377,1.2297297297297298,1.5135135135135136,2.22972972972973,0.7837837837837838,1.1486486486486487,0.02702702702702703,1.0135135135135136,3.5135135135135136,,74.0
247,76433.0,19.32758620689655,0.38898000000000005,0.0,1.2241379310344827,0.54875,2.310344827586207,3.310344827586207,5.620689655172414,0.4482758620689655,0.8620689655172413,0.603448275862069,1.2413793103448276,1.7241379310344827,5.293103448275862,,58.0
248,76441.0,11.134328358208956,0.37828301886792454,0.0,0.4925373134328358,0.75,0.8059701492537313,2.0,2.8059701492537314,0.3283582089552239,0.3283582089552239,0.1044776119402985,0.9104477611940298,1.791044776119403,2.1940298507462686,,67.0
249,76453.0,5.25,0.3708125,,0.4642857142857143,0.6296666666666666,0.35714285714285715,0.8214285714285714,1.1785714285714286,0.14285714285714285,0.07142857142857142,0.17857142857142858,0.17857142857142858,0.6428571428571429,1.6785714285714286,,28.0
250,76483.0,6.5,0.5833333333333334,,1.75,0.7085,0.75,0.5,1.25,0.0,0.5,0.0,0.0,2.0,3.75,,4.0
251,76497.0,9.966666666666667,0.45753333333333335,0.0,1.2666666666666666,0.53515,0.36666666666666664,0.7,1.0666666666666667,0.5333333333333333,0.6333333333333333,0.23333333333333334,0.03333333333333333,0.8333333333333334,6.133333333333334,,30.0
252,76504.0,12.6,0.35250000000000004,0.5,1.8,0.6071428571428571,0.8,0.5,1.3,0.9,0.6,0.5,0.0,0.8,5.7,,10.0
253,76516.0,17.825,0.4278552631578948,0.26018367346938776,1.1375,0.7611333333333334,0.1625,1.3125,1.475,2.875,0.9625,0.5625,0.2125,2.65,5.3875,,80.0
254,76542.0,4.25,0.625,1.0,0.0,,0.5,0.0,0.5,0.0,0.25,0.0,0.0,0.0,2.25,,4.0
255,76574.0,12.916666666666666,0.515,,0.6666666666666666,0.875,0.0,1.0,1.0,1.5833333333333333,1.0833333333333333,0.16666666666666666,0.0,1.25,3.0,,12.0
256,76583.0,34.146341463414636,0.5519753086419753,,2.0121951219512195,0.688764705882353,2.451219512195122,6.414634146341464,8.865853658536585,0.8414634146341463,1.7804878048780488,0.4146341463414634,1.1341463414634145,2.207317073170732,9.987804878048781,,82.0
257,76599.0,10.340425531914894,0.3944390243902439,0.3611111111111111,0.3617021276595745,0.775,0.0851063829787234,0.5957446808510638,0.6808510638297872,2.4680851063829787,1.0212765957446808,0.3191489361702128,0.02127659574468085,0.8297872340425532,2.9574468085106385,,47.0
258,76618.0,12.764705882352942,0.359,0.25,0.5294117647058824,0.875,1.1764705882352942,1.2941176470588236,2.4705882352941178,1.411764705882353,0.4117647058823529,0.7058823529411765,0.058823529411764705,1.7647058823529411,3.0588235294117645,,17.0
259,76631.0,32.25,0.6023333333333333,,0.8875,0.6347659574468085,2.275,6.0625,8.3375,0.6375,1.2375,0.4875,2.35,3.725,5.1125,,80.0
260,76672.0,20.614285714285714,0.4485970149253731,0.07577272727272727,1.5857142857142856,0.7134358974358975,0.9428571428571428,1.1571428571428573,2.1,2.5285714285714285,1.6285714285714286,0.35714285714285715,0.21428571428571427,1.8142857142857143,8.8,,70.0
261,76673.0,22.126582278481013,0.3874615384615384,0.0,1.5063291139240507,0.8654375,1.3670886075949367,1.8481012658227849,3.2151898734177213,1.3291139240506329,1.2784810126582278,0.5063291139240507,0.31645569620253167,1.7848101265822784,9.658227848101266,,79.0
262,76695.0,16.88888888888889,0.4362962962962963,0.2083125,1.7777777777777777,0.7542,1.0740740740740742,1.4444444444444444,2.5185185185185186,1.4074074074074074,1.4074074074074074,0.48148148148148145,0.07407407407407407,2.1481481481481484,9.444444444444445,,27.0
263,76703.0,7.153846153846154,0.38306666666666667,0.0,0.6346153846153846,0.6805555555555556,0.5576923076923077,1.3653846153846154,1.9230769230769231,0.15384615384615385,0.4807692307692308,0.057692307692307696,0.23076923076923078,1.0,2.6346153846153846,,52.0
264,76726.0,22.5609756097561,0.3661463414634146,0.21445945945945946,2.2560975609756095,0.7148000000000001,0.6341463414634146,1.3048780487804879,1.9390243902439024,3.8658536585365852,1.7073170731707317,1.1585365853658536,0.2073170731707317,1.4878048780487805,12.25609756097561,,82.0
265,76752.0,13.571428571428571,0.30203125,,1.2285714285714286,0.7171052631578947,1.0285714285714285,1.3714285714285714,2.4,1.2571428571428571,1.1428571428571428,0.6285714285714286,0.37142857142857144,1.4285714285714286,5.057142857142857,,35.0
266,76770.0,22.6,0.45640000000000003,0.26666666666666666,2.2,0.869,0.4,1.0,1.4,9.1,2.3,1.0,0.2,2.5,8.3,,10.0
267,76782.0,24.666666666666668,0.4082028985507246,0.14,1.710144927536232,0.7244347826086956,0.6666666666666666,2.2028985507246377,2.869565217391304,4.594202898550725,1.681159420289855,1.4057971014492754,0.14492753623188406,2.739130434782609,8.173913043478262,,69.0
268,76790.0,14.164179104477611,0.3941166666666666,0.0,0.8955223880597015,0.773,0.5970149253731343,1.2985074626865671,1.8955223880597014,3.328358208955224,0.9850746268656716,0.9253731343283582,0.029850746268656716,1.507462686567164,3.8805970149253732,,67.0
269,76801.0,10.607142857142858,0.3840208333333333,0.0,0.5714285714285714,0.7745294117647059,0.3392857142857143,0.5,0.8392857142857143,1.8571428571428572,0.75,0.44642857142857145,0.08928571428571429,1.0357142857142858,3.4285714285714284,,56.0
270,76803.0,13.267857142857142,0.36150943396226415,0.24563157894736842,1.6071428571428572,0.7846470588235295,0.7142857142857143,1.25,1.9642857142857142,0.5357142857142857,0.8035714285714286,0.3392857142857143,0.3392857142857143,1.5714285714285714,7.589285714285714,,56.0
271,76821.0,11.882352941176471,0.3521224489795919,0.10714285714285714,1.0196078431372548,0.7038461538461539,1.0588235294117647,0.9411764705882353,2.0,0.8235294117647058,0.803921568627451,0.5490196078431373,0.17647058823529413,1.4901960784313726,6.901960784313726,,51.0
272,76826.0,27.45,0.4401,0.14285714285714285,1.6,0.7867799999999999,2.325,4.95,7.275,1.1625,1.0625,0.5,0.7,1.2375,10.55,,80.0
273,76827.0,2.0,0.4524285714285714,0.0,0.3,0.75,0.0,0.2,0.2,0.0,0.0,0.1,0.4,0.5,1.3,,10.0
274,76844.0,6.461538461538462,0.44472727272727275,0.5278333333333333,0.38461538461538464,0.5,0.7692307692307693,1.1538461538461537,1.9230769230769231,0.3076923076923077,0.4230769230769231,0.07692307692307693,0.3076923076923077,1.2692307692307692,3.0384615384615383,,26.0
275,76861.0,4.625,0.4,,0.375,1.0,0.25,1.0,1.25,0.0,0.25,0.0,0.125,0.75,1.375,,8.0
276,76874.0,28.455696202531644,0.43953164556962016,0.25332,1.481012658227848,0.8338571428571429,0.4177215189873418,1.3164556962025316,1.7341772151898733,5.227848101265823,1.3670886075949367,0.7215189873417721,0.0759493670886076,1.6455696202531647,10.037974683544304,,79.0
277,76876.0,16.651515151515152,0.45596969696969697,0.0,1.3484848484848484,0.868775,1.4848484848484849,3.257575757575758,4.742424242424242,0.7878787878787878,1.3484848484848484,0.48484848484848486,0.19696969696969696,2.606060606060606,6.712121212121212,,66.0
278,76881.0,16.158730158730158,0.4655454545454545,0.0,1.0952380952380953,0.707388888888889,0.9682539682539683,2.5396825396825395,3.507936507936508,0.8253968253968254,1.126984126984127,0.4603174603174603,0.3968253968253968,2.7301587301587302,3.7936507936507935,,63.0
279,76890.0,13.4,0.343054054054054,0.28075384615384613,0.4533333333333333,0.7647058823529411,0.22666666666666666,0.9733333333333334,1.2,0.49333333333333335,0.64,0.56,0.09333333333333334,1.3333333333333333,5.733333333333333,,75.0
280,76911.0,7.142857142857143,0.23457142857142857,0.0,0.14285714285714285,0.5,0.2857142857142857,0.2857142857142857,0.5714285714285714,1.2857142857142858,0.5714285714285714,0.42857142857142855,0.14285714285714285,0.5714285714285714,2.4285714285714284,,7.0
281,76942.0,22.52777777777778,0.3348611111111111,0.22659374999999998,0.5,0.546875,0.9166666666666666,1.75,2.6666666666666665,2.5,0.9444444444444444,0.5555555555555556,0.1388888888888889,2.0,6.361111111111111,,36.0
282,76961.0,6.833333333333333,0.21340000000000003,0.0,0.3333333333333333,0.5,0.0,0.16666666666666666,0.16666666666666666,0.0,0.5,0.16666666666666666,0.0,0.8333333333333334,1.6666666666666667,,6.0
283,76968.0,4.185185185185185,0.6296111111111111,0.75,0.48148148148148145,1.0,0.5185185185185185,0.5185185185185185,1.037037037037037,0.25925925925925924,0.25925925925925924,0.0,0.0,0.8518518518518519,1.7777777777777777,,27.0
284,76993.0,17.043478260869566,0.46545000000000003,0.3333076923076923,0.6956521739130435,0.8243333333333333,0.34782608695652173,1.2608695652173914,1.608695652173913,2.6956521739130435,1.2173913043478262,0.5217391304347826,0.08695652173913043,1.8695652173913044,5.3478260869565215,,23.0
285,77019.0,24.682926829268293,0.4485925925925926,0.3021139240506329,2.2560975609756095,0.816293103448276,1.329268292682927,2.9878048780487805,4.317073170731708,1.3780487804878048,0.7926829268292683,0.6341463414634146,0.45121951219512196,2.4146341463414633,9.463414634146341,,82.0
286,77030.0,10.11111111111111,0.4881111111111111,,0.1111111111111111,0.25,0.6666666666666666,1.4444444444444444,2.111111111111111,0.4444444444444444,0.6666666666666666,0.0,0.3333333333333333,1.5555555555555556,4.555555555555555,,9.0
287,77034.0,11.547945205479452,0.42343478260869566,0.39385454545454546,0.3561643835616438,0.9615384615384616,0.136986301369863,0.4383561643835616,0.5753424657534246,1.3287671232876712,0.4794520547945205,0.4657534246575342,0.0273972602739726,1.0136986301369864,4.958904109589041,,73.0
288,77053.0,5.166666666666667,0.5909090909090909,0.0,0.5333333333333333,0.7685555555555555,0.6,0.7,1.3,0.1,0.43333333333333335,0.1,0.03333333333333333,0.9666666666666667,2.1333333333333333,,30.0
289,77054.0,11.934426229508198,0.3852181818181818,0.2,0.9016393442622951,0.6552903225806451,0.8032786885245902,0.9836065573770492,1.7868852459016393,1.0655737704918034,0.9672131147540983,0.4098360655737705,0.22950819672131148,1.2950819672131149,4.327868852459017,,61.0
290,77081.0,34.075,0.48491249999999997,0.2989848484848485,2.3875,0.7668813559322033,0.7125,2.0375,2.75,6.725,1.8875,1.6125,0.0875,2.9625,15.1875,,80.0
291,77096.0,9.575757575757576,0.4967777777777779,0.2,1.5151515151515151,0.8082941176470588,0.7272727272727273,0.6363636363636364,1.3636363636363635,0.7272727272727273,0.48484848484848486,0.45454545454545453,0.06060606060606061,0.9696969696969697,5.181818181818182,,33.0
292,77114.0,5.45945945945946,0.38196874999999997,0.3,0.5945945945945946,0.8444444444444444,0.24324324324324326,0.5675675675675675,0.8108108108108109,0.7297297297297297,0.5405405405405406,0.16216216216216217,0.02702702702702703,0.6486486486486487,3.054054054054054,,37.0
293,77129.0,5.0,0.3541875,0.0,0.2857142857142857,0.7000000000000001,0.8095238095238095,0.9523809523809523,1.7619047619047619,0.047619047619047616,0.14285714285714285,0.047619047619047616,0.14285714285714285,0.7619047619047619,1.3333333333333333,,21.0
294,77130.0,31.21917808219178,0.4597945205479452,0.13636363636363635,2.1506849315068495,0.7422758620689656,1.4794520547945205,3.041095890410959,4.52054794520548,1.9452054794520548,1.6712328767123288,1.1095890410958904,0.6438356164383562,3.287671232876712,13.575342465753424,,73.0
295,77134.0,9.5,0.6061904761904762,,0.9166666666666666,0.5625,0.75,1.625,2.375,0.7083333333333334,1.0416666666666667,0.16666666666666666,0.16666666666666666,2.0833333333333335,3.75,,24.0
296,77142.0,37.12658227848101,0.4769620253164556,0.3087702702702703,6.569620253164557,0.8918684210526318,1.3291139240506329,5.6455696202531644,6.974683544303797,12.518987341772151,3.9746835443037973,1.2911392405063291,0.21518987341772153,1.8987341772151898,19.379746835443036,,79.0
297,77167.0,29.146341463414632,0.4030975609756098,0.20511538461538462,1.646341463414634,0.6192542372881357,1.3414634146341464,2.073170731707317,3.4146341463414633,3.3048780487804876,1.4390243902439024,0.9146341463414634,0.18292682926829268,2.024390243902439,11.682926829268293,,82.0
298,77251.0,16.141025641025642,0.3742328767123287,0.0,1.1282051282051282,0.6643749999999999,1.4743589743589745,2.8333333333333335,4.3076923076923075,0.3974358974358974,1.3846153846153846,0.21794871794871795,0.3333333333333333,2.423076923076923,6.230769230769231,,78.0
299,77260.0,16.193548387096776,0.35396610169491527,0.252,1.4838709677419355,0.7566857142857143,0.6774193548387096,1.2419354838709677,1.9193548387096775,1.2258064516129032,1.2419354838709677,0.4838709677419355,0.12903225806451613,2.5483870967741935,6.919354838709677,,62.0
300,77264.0,37.515625,0.457765625,0.20454545454545456,5.984375,0.7983499999999999,1.78125,3.203125,4.984375,4.5625,3.984375,0.875,0.25,2.921875,28.390625,,64.0
301,77294.0,4.2,0.0,,0.6,0.5,0.4,0.2,0.6,0.8,0.4,0.0,0.0,0.8,0.6,,5.0
302,77301.0,4.90625,0.26736,0.18181818181818182,0.21875,0.5,0.3125,0.4375,0.75,0.28125,0.34375,0.15625,0.03125,0.875,1.8125,,32.0
303,77335.0,22.306451612903224,0.4123,0.16666666666666666,0.9354838709677419,0.39905128205128204,4.516129032258065,4.806451612903226,9.32258064516129,1.9838709677419355,1.6935483870967742,0.8225806451612904,0.22580645161290322,3.096774193548387,7.467741935483871,,62.0
304,77362.0,5.520833333333333,0.24358823529411766,0.21428571428571427,0.5208333333333334,0.90275,0.14583333333333334,0.4791666666666667,0.625,0.7083333333333334,0.4166666666666667,0.22916666666666666,0.041666666666666664,0.8125,1.375,,48.0
305,77370.0,2.25,,,0.5,0.5,0.0,0.5,0.5,0.0,0.0,0.0,0.25,0.5,0.5,,4.0
306,77372.0,25.436363636363637,0.41398113207547166,0.41744897959183686,1.5636363636363637,0.8295172413793105,0.32727272727272727,1.690909090909091,2.018181818181818,5.4363636363636365,1.3636363636363635,1.0363636363636364,0.07272727272727272,2.5636363636363635,7.181818181818182,,55.0
307,77374.0,14.142857142857142,0.5023333333333334,0.0,0.8571428571428571,0.6875,0.14285714285714285,0.8571428571428571,1.0,1.0,1.1428571428571428,0.2857142857142857,0.14285714285714285,1.2857142857142858,4.857142857142857,,7.0
308,77376.0,21.5,0.3775,0.0,2.75,0.77075,0.75,3.0,3.75,3.0,2.5,1.5,0.75,1.25,7.25,,4.0
309,77377.0,12.987179487179487,0.4071805555555555,0.25,0.7564102564102564,0.6478484848484848,1.2692307692307692,1.6153846153846154,2.8846153846153846,0.717948717948718,0.6410256410256411,0.3717948717948718,0.5512820512820513,1.8333333333333333,4.0256410256410255,,78.0
310,77384.0,36.41772151898734,0.4930506329113924,0.07692307692307693,3.5569620253164556,0.8101527777777778,1.5063291139240507,3.6835443037974684,5.189873417721519,2.5443037974683542,1.860759493670886,1.240506329113924,1.0759493670886076,2.962025316455696,18.70886075949367,,79.0
311,77386.0,15.407894736842104,0.3936849315068493,0.2718947368421053,0.7631578947368421,0.6058378378378378,1.5394736842105263,1.368421052631579,2.9078947368421053,0.8421052631578947,0.9342105263157895,0.631578947368421,0.25,2.013157894736842,6.671052631578948,,76.0
312,77387.0,29.655172413793103,0.47144827586206894,0.3283,2.0344827586206895,0.8682380952380953,1.6896551724137931,2.1724137931034484,3.8620689655172415,2.4827586206896552,1.1379310344827587,1.5862068965517242,0.27586206896551724,2.2413793103448274,13.96551724137931,,29.0
313,77449.0,23.317073170731707,0.44150617283950616,0.0,3.768292682926829,0.8082432432432431,3.3048780487804876,4.829268292682927,8.134146341463415,0.8292682926829268,1.670731707317073,0.36585365853658536,0.9024390243902439,1.6341463414634145,10.597560975609756,,82.0
314,77474.0,18.027027027027028,0.4038,0.2484047619047619,0.918918918918919,0.6619142857142857,0.7162162162162162,1.054054054054054,1.7702702702702702,0.8783783783783784,0.6621621621621622,0.5,0.4189189189189189,1.4054054054054055,7.0675675675675675,,74.0
315,77496.0,33.515625,0.389453125,0.37555357142857143,3.984375,0.7246428571428571,0.84375,1.9375,2.78125,3.953125,2.484375,1.265625,0.171875,2.640625,14.296875,,64.0
316,77516.0,12.303571428571429,0.5067,0.0,1.1785714285714286,0.7078064516129032,1.0,1.9464285714285714,2.9464285714285716,0.5714285714285714,0.8035714285714286,0.19642857142857142,0.25,1.625,4.5,,56.0
317,77558.0,6.5,0.0,,0.0,,0.0,2.0,2.0,0.0,0.0,0.0,0.0,0.5,0.0,,2.0
318,77571.0,4.076923076923077,0.33327272727272733,1.0,0.15384615384615385,0.5,0.23076923076923078,0.5384615384615384,0.7692307692307693,0.6153846153846154,0.46153846153846156,0.5384615384615384,0.3076923076923077,0.38461538461538464,1.3076923076923077,,13.0
319,77623.0,7.138888888888889,0.3562592592592593,0.3125,0.3333333333333333,0.6666666666666666,0.5555555555555556,1.3055555555555556,1.8611111111111112,0.25,0.19444444444444445,0.2222222222222222,0.08333333333333333,1.6111111111111112,1.5833333333333333,,36.0
320,77626.0,15.222222222222221,0.4678955223880597,0.35628888888888893,1.1388888888888888,0.7750277777777778,0.4305555555555556,1.3472222222222223,1.7777777777777777,1.4444444444444444,0.9166666666666666,0.6944444444444444,0.125,1.5555555555555556,4.680555555555555,,72.0
321,77664.0,2.6363636363636362,0.4166666666666667,,0.6363636363636364,0.6875,0.45454545454545453,0.8181818181818182,1.2727272727272727,0.09090909090909091,0.45454545454545453,0.09090909090909091,0.18181818181818182,0.45454545454545453,1.1818181818181819,,11.0
322,77674.0,20.442307692307693,0.38406250000000003,0.038461538461538464,1.3461538461538463,0.623258064516129,1.7692307692307692,3.1346153846153846,4.903846153846154,1.1538461538461537,0.6153846153846154,0.4807692307692308,0.38461538461538464,1.9423076923076923,4.826923076923077,,52.0
323,77685.0,36.5625,0.5143500000000001,0.2857142857142857,3.3125,0.8221571428571429,2.5125,6.0625,8.575,2.9625,1.6375,0.825,2.5,2.7375,19.2125,,80.0
324,77694.0,12.5,0.3247,0.16666666666666666,1.3,0.625,0.2,1.4,1.6,3.7,1.9,0.4,0.0,2.6,4.4,,10.0
325,77697.0,10.418181818181818,0.47371794871794876,0.32142857142857145,0.509090909090909,0.734375,0.8,1.9454545454545455,2.7454545454545456,0.6545454545454545,0.34545454545454546,0.43636363636363634,0.07272727272727272,0.8363636363636363,2.2363636363636363,,55.0
326,77757.0,4.75,0.25,,0.0,,0.0,0.75,0.75,0.0,0.0,0.0,0.0,0.25,1.5,,4.0
327,77776.0,4.0476190476190474,0.4697272727272727,,0.3333333333333333,0.575,0.23809523809523808,0.5714285714285714,0.8095238095238095,0.19047619047619047,0.19047619047619047,0.047619047619047616,0.047619047619047616,0.8571428571428571,1.0,,21.0
328,77789.0,16.87142857142857,0.35566666666666674,0.22547058823529412,1.0571428571428572,0.7714242424242425,0.5428571428571428,1.1428571428571428,1.6857142857142857,1.2857142857142858,1.0142857142857142,0.2857142857142857,0.08571428571428572,1.0142857142857142,7.2,,70.0
329,77794.0,3.0357142857142856,0.30552380952380953,0.0,0.35714285714285715,0.6875,0.21428571428571427,0.5357142857142857,0.75,0.21428571428571427,0.21428571428571427,0.10714285714285714,0.14285714285714285,0.7142857142857143,1.4285714285714286,,28.0
330,77820.0,24.036585365853657,0.531829268292683,0.38629411764705884,0.4146341463414634,0.8571428571428571,0.18292682926829268,0.926829268292683,1.1097560975609757,3.6219512195121952,0.8414634146341463,0.7560975609756098,0.036585365853658534,1.6585365853658536,8.658536585365853,,82.0
331,77822.0,9.446808510638299,0.3424473684210526,0.23333333333333334,0.5531914893617021,0.9102307692307693,0.3617021276595745,1.0425531914893618,1.4042553191489362,0.3404255319148936,0.44680851063829785,0.2127659574468085,0.1276595744680851,0.9148936170212766,3.5319148936170213,,47.0
332,77839.0,13.451612903225806,0.4564166666666667,0.16666666666666666,0.8064516129032258,0.6611333333333334,1.1129032258064515,2.1129032258064515,3.225806451612903,0.43548387096774194,0.7741935483870968,0.20967741935483872,0.6612903225806451,2.467741935483871,4.5,,62.0
333,77845.0,16.639344262295083,0.46518965517241384,0.3183947368421053,1.8688524590163935,0.8272727272727273,0.8360655737704918,0.9672131147540983,1.8032786885245902,1.4098360655737705,1.3278688524590163,0.7049180327868853,0.01639344262295082,2.1639344262295084,10.21311475409836,,61.0
334,77872.0,3.3684210526315788,0.31456249999999997,,0.47368421052631576,0.9375,0.3684210526315789,0.3684210526315789,0.7368421052631579,0.10526315789473684,0.3157894736842105,0.05263157894736842,0.10526315789473684,0.631578947368421,1.8421052631578947,,19.0
335,77879.0,24.042857142857144,0.4842857142857144,0.2324736842105263,1.5714285714285714,0.8337560975609757,0.7142857142857143,1.8,2.5142857142857142,3.8714285714285714,1.8571428571428572,0.9,0.45714285714285713,2.4857142857142858,7.542857142857143,,70.0
336,77893.0,14.867647058823529,0.4362615384615384,0.29746153846153844,0.38235294117647056,0.6941176470588236,0.9558823529411765,1.1764705882352942,2.1323529411764706,0.7794117647058824,0.7647058823529411,0.3235294117647059,0.19117647058823528,1.4705882352941178,4.6911764705882355,,68.0
337,77905.0,14.327868852459016,0.4451509433962264,0.0,0.9836065573770492,0.7139000000000001,1.2459016393442623,3.0163934426229506,4.262295081967213,1.0327868852459017,0.7377049180327869,0.39344262295081966,0.18032786885245902,1.7049180327868851,3.6721311475409837,,61.0
338,77936.0,12.333333333333334,0.06666666666666667,,0.0,,0.6666666666666666,2.3333333333333335,3.0,1.3333333333333333,1.0,0.3333333333333333,1.0,1.0,1.3333333333333333,,3.0
339,77946.0,23.0375,0.39311250000000003,0.25668,4.2,0.8010857142857143,1.1,2.6375,3.7375,2.5375,2.15,1.1875,0.7,1.5375,12.925,,80.0
340,78014.0,5.45945945945946,0.5624375,,0.21621621621621623,0.55,0.35135135135135137,0.7837837837837838,1.135135135135135,0.10810810810810811,0.40540540540540543,0.05405405405405406,0.5405405405405406,0.9459459459459459,0.972972972972973,,37.0
341,78035.0,10.658536585365853,0.46217948717948715,0.2814666666666667,0.7195121951219512,0.8387096774193549,0.17073170731707318,0.6341463414634146,0.8048780487804879,2.6341463414634148,1.2439024390243902,0.43902439024390244,0.024390243902439025,1.1219512195121952,3.951219512195122,,82.0
342,78055.0,13.92,0.36166666666666664,0.2,0.2,0.3125,1.64,2.8,4.44,0.68,1.08,0.44,0.68,2.16,2.96,,25.0
343,78059.0,16.9625,0.37993749999999993,0.20588235294117646,0.5875,0.8645833333333334,0.9125,1.4,2.3125,1.325,0.8125,0.4625,0.325,2.475,5.7875,,80.0
344,78149.0,25.194805194805195,0.41354545454545455,0.308140350877193,2.155844155844156,0.8615438596491228,1.4025974025974026,4.324675324675325,5.7272727272727275,1.8571428571428572,1.6883116883116882,0.8441558441558441,0.8311688311688312,2.831168831168831,10.415584415584416,,77.0
345,78179.0,6.0,0.4666666666666666,,0.6,0.5835,0.0,0.4,0.4,1.2,0.6,0.2,0.0,1.4,1.8,,5.0
346,78181.0,9.0,0.5,,0.6,0.5,0.4,0.4,0.8,0.8,0.2,0.2,0.0,0.6,1.4,,5.0
347,78183.0,8.0,0.1665,0.0,1.5,0.75,0.0,0.0,0.0,2.5,0.5,0.5,0.5,1.5,2.5,,2.0
348,78195.0,23.74074074074074,0.4943243243243243,,0.14814814814814814,0.22755555555555557,3.728395061728395,5.0246913580246915,8.753086419753087,1.0864197530864197,1.1481481481481481,1.0246913580246915,0.2716049382716049,3.271604938271605,3.308641975308642,,81.0
349,78197.0,8.27659574468085,0.45217777777777773,0.29411764705882354,0.46808510638297873,0.7916666666666666,0.44680851063829785,0.7446808510638298,1.1914893617021276,0.9148936170212766,0.7872340425531915,0.1276595744680851,0.0425531914893617,0.574468085106383,4.638297872340425,,47.0
350,78198.0,25.133333333333333,0.4623733333333334,0.1944,2.9466666666666668,0.7504923076923077,2.3466666666666667,2.84,5.1866666666666665,2.2533333333333334,1.8666666666666667,1.1333333333333333,0.4666666666666667,2.533333333333333,13.92,,75.0
351,78247.0,2.0,0.5,,0.6666666666666666,1.0,0.0,0.0,0.0,0.6666666666666666,0.0,0.0,0.0,0.0,2.0,,3.0
352,78279.0,9.375,0.37430434782608696,0.4078235294117647,0.4583333333333333,1.0,0.125,0.25,0.375,1.0,0.6666666666666666,0.2916666666666667,0.0,0.4583333333333333,4.666666666666667,,24.0
353,78293.0,34.2,0.538,0.0,3.2,0.91675,3.2,7.8,11.0,2.4,2.6,1.2,1.8,4.0,20.4,,5.0
354,78304.0,18.26829268292683,0.4076707317073171,0.0,1.7682926829268293,0.8032156862745098,1.0,1.2073170731707317,2.207317073170732,1.0,1.0121951219512195,0.3780487804878049,0.0975609756097561,2.0121951219512195,9.939024390243903,,82.0
355,78310.0,36.48148148148148,0.4518395061728396,0.31381967213114753,3.6049382716049383,0.8164084507042254,0.8518518518518519,1.9753086419753085,2.8271604938271606,4.666666666666667,3.111111111111111,1.0493827160493827,0.43209876543209874,2.8518518518518516,18.641975308641975,,81.0
356,78317.0,4.153846153846154,0.33258823529411763,,0.46153846153846156,0.5833333333333334,0.5384615384615384,0.6538461538461539,1.1923076923076923,0.38461538461538464,0.5,0.15384615384615385,0.038461538461538464,0.9230769230769231,1.7692307692307692,,26.0
357,78318.0,34.520833333333336,0.42506249999999995,0.2552285714285714,3.7291666666666665,0.7921777777777776,0.7291666666666666,2.6041666666666665,3.3333333333333335,9.291666666666666,3.8541666666666665,1.5625,0.20833333333333334,2.4583333333333335,16.166666666666668,,48.0
358,78320.0,4.666666666666667,0.25,,0.0,,0.0,0.0,0.0,0.3333333333333333,0.3333333333333333,0.3333333333333333,0.0,0.0,0.6666666666666666,,3.0
359,78331.0,14.958333333333334,0.46684848484848485,0.0,0.8611111111111112,0.702,1.0277777777777777,2.138888888888889,3.1666666666666665,0.2916666666666667,0.6527777777777778,0.3194444444444444,0.3194444444444444,1.5555555555555556,4.0,,72.0
360,78347.0,22.112903225806452,0.4103606557377049,0.3148333333333333,2.0483870967741935,0.7223958333333332,1.403225806451613,3.032258064516129,4.435483870967742,1.2258064516129032,1.2903225806451613,0.5645161290322581,0.6129032258064516,3.1451612903225805,8.064516129032258,,62.0
361,78369.0,16.727272727272727,0.4529600000000001,0.35135135135135137,1.974025974025974,0.9152745098039216,0.5974025974025974,1.6883116883116882,2.2857142857142856,2.064935064935065,1.1948051948051948,0.42857142857142855,0.16883116883116883,1.6883116883116882,7.025974025974026,,77.0
362,78375.0,18.369230769230768,0.420953125,0.3773392857142857,0.26153846153846155,0.6333333333333333,0.5076923076923077,1.1076923076923078,1.6153846153846154,1.7076923076923076,0.7076923076923077,0.676923076923077,0.13846153846153847,1.8461538461538463,7.123076923076923,,65.0
363,78377.0,20.1,0.4161428571428572,0.3275862068965517,0.9142857142857143,0.7691481481481481,0.5142857142857142,1.6571428571428573,2.1714285714285713,4.442857142857143,1.3571428571428572,0.9,0.0,1.7714285714285714,5.885714285714286,,70.0
364,78381.0,23.704225352112676,0.4500289855072463,0.2727272727272727,1.1971830985915493,0.7165833333333333,1.5211267605633803,3.591549295774648,5.112676056338028,1.3661971830985915,1.7746478873239437,0.4084507042253521,0.14084507042253522,3.295774647887324,8.577464788732394,,71.0
365,78394.0,10.489795918367347,0.4438913043478262,0.23149999999999998,1.1224489795918366,0.7784736842105263,0.4166666666666667,0.7291666666666666,1.1458333333333333,1.7916666666666667,0.8125,0.5833333333333334,0.10416666666666667,1.6041666666666667,5.510204081632653,,49.0
366,78395.0,28.338461538461537,0.4380307692307692,0.21739130434782608,2.2,0.8519772727272726,0.5692307692307692,2.076923076923077,2.646153846153846,5.4,1.9384615384615385,1.5076923076923077,0.18461538461538463,2.6153846153846154,9.36923076923077,,65.0
367,78404.0,32.266666666666666,0.49304000000000003,0.3269375,3.453333333333333,0.9134776119402985,1.04,1.36,2.4,1.4666666666666666,1.44,0.56,0.13333333333333333,1.6266666666666667,16.346666666666668,,75.0
368,78417.0,19.897959183673468,0.4300416666666666,0.13092857142857142,2.020408163265306,0.8196333333333333,0.3469387755102041,1.836734693877551,2.183673469387755,4.020408163265306,1.8571428571428572,0.6122448979591837,0.10204081632653061,1.510204081632653,8.285714285714286,,49.0
369,78429.0,8.923076923076923,0.35558333333333336,0.3147777777777778,0.6923076923076923,0.857,0.0,0.5384615384615384,0.5384615384615384,1.1538461538461537,0.9230769230769231,0.15384615384615385,0.23076923076923078,1.0769230769230769,4.846153846153846,,13.0
370,78437.0,32.46478873239437,0.38484285714285715,0.0,1.3098591549295775,0.579860465116279,1.971830985915493,5.042253521126761,7.014084507042254,6.464788732394366,2.1690140845070425,1.0985915492957747,0.4647887323943662,2.8028169014084505,7.788732394366197,,71.0
371,78440.0,14.277777777777779,0.4533061224489796,0.0,1.1851851851851851,0.7365357142857142,1.1666666666666667,1.7407407407407407,2.9074074074074074,0.24074074074074073,0.5555555555555556,0.3333333333333333,0.5555555555555556,1.7037037037037037,4.2592592592592595,,54.0
372,78528.0,10.294117647058824,0.3384,0.5333,0.5,0.6875,0.11764705882352941,0.38235294117647056,0.5,2.1470588235294117,1.0,0.7058823529411765,0.0,1.088235294117647,3.323529411764706,,34.0
373,78534.0,9.823529411764707,0.4496935483870968,0.0,0.75,0.5546875,1.0147058823529411,1.6323529411764706,2.6470588235294117,0.22058823529411764,0.7352941176470589,0.25,0.10294117647058823,1.338235294117647,4.102941176470588,,68.0
374,78554.0,28.515151515151516,0.4022121212121212,0.18863157894736843,2.212121212121212,0.7696799999999999,1.2727272727272727,4.090909090909091,5.363636363636363,4.03030303030303,2.0606060606060606,1.1818181818181819,0.18181818181818182,1.9090909090909092,12.454545454545455,,33.0
375,78555.0,7.026666666666666,0.5140576923076924,0.0,0.4533333333333333,0.75335,0.7466666666666667,1.0,1.7466666666666666,0.41333333333333333,0.5466666666666666,0.14666666666666667,0.41333333333333333,1.08,2.933333333333333,,75.0
376,78589.0,9.484375,0.37118333333333337,0.32226666666666665,0.546875,0.7086315789473684,0.53125,0.515625,1.046875,0.390625,0.46875,0.25,0.203125,1.09375,3.734375,,64.0
377,78611.0,18.5,0.3532727272727273,0.317,1.5833333333333333,0.875,0.4166666666666667,1.1666666666666667,1.5833333333333333,4.083333333333333,1.0,0.4166666666666667,0.0,0.8333333333333334,6.75,,12.0
378,78614.0,11.4,0.3425384615384615,0.0666,0.7333333333333333,0.9334,0.2,0.6666666666666666,0.8666666666666667,1.0,0.8,0.3333333333333333,0.3333333333333333,1.2,4.266666666666667,,15.0
379,78615.0,34.39622641509434,0.4933584905660378,0.0,6.60377358490566,0.768509433962264,2.660377358490566,4.150943396226415,6.811320754716981,2.2452830188679247,2.8679245283018866,1.3018867924528301,0.4339622641509434,2.7358490566037736,25.09433962264151,,53.0
380,78621.0,10.933333333333334,0.47291666666666665,0.0,1.0666666666666667,0.646,0.8,2.2,3.0,0.2,0.7333333333333333,0.26666666666666666,0.3333333333333333,1.8666666666666667,3.6,,15.0
381,78627.0,6.5,0.3,0.0,1.0,0.75,0.16666666666666666,0.3333333333333333,0.5,1.3333333333333333,0.6666666666666666,0.16666666666666666,0.0,0.16666666666666666,2.0,,6.0
382,78633.0,11.96,0.3282394366197183,0.29442,0.5466666666666666,0.8611111111111112,0.29333333333333333,0.7066666666666667,1.0,1.88,0.6666666666666666,0.6666666666666666,0.09333333333333334,0.6533333333333333,3.7733333333333334,,75.0
383,78656.0,33.214285714285715,0.4523,0.4,0.9,0.6819999999999999,2.4285714285714284,7.257142857142857,9.685714285714285,1.0,1.1571428571428573,0.7428571428571429,1.8857142857142857,4.385714285714286,12.5,,70.0
384,100263.0,32.53658536585366,0.46542682926829265,0.28227272727272723,1.5,0.7981063829787233,2.1097560975609757,6.878048780487805,8.987804878048781,1.9146341463414633,1.1951219512195121,0.4634146341463415,0.6829268292682927,2.951219512195122,11.024390243902438,,82.0
385,600009.0,29.6875,0.4740125,0.3943170731707317,0.725,0.6885882352941176,0.5625,1.7625,2.325,4.525,1.575,1.0375,0.2,2.3625,10.3875,,80.0
