,PLAYER_ID,MIN,FG_PCT,FG3_PCT,FTM,FT_PCT,OREB,DREB,REB,AST,TOV,STL,BLK,PF,PTS,PLUS_MINUS,no_games_played
0,2.0,32.670731707317074,0.44810975609756104,0.34055263157894733,2.975609756097561,0.8526969696969697,0.9024390243902439,2.8780487804878048,3.7804878048780486,2.7560975609756095,1.451219512195122,1.2804878048780488,0.34146341463414637,1.7073170731707317,14.853658536585366,,82.0
1,3.0,37.353658536585364,0.4933170731707317,0.2647058823529412,3.975609756097561,0.8116708860759494,3.158536585365854,5.2682926829268295,8.426829268292684,2.7439024390243905,2.2560975609756095,1.6951219512195121,0.4878048780487805,3.024390243902439,14.78048780487805,,82.0
2,7.0,16.88372093023256,0.3605121951219512,,1.7209302325581395,0.7814333333333333,1.3488372093023255,2.558139534883721,3.9069767441860463,0.7906976744186046,0.9534883720930233,0.4418604651162791,0.4418604651162791,2.2790697674418605,5.5813953488372094,,43.0
3,9.0,37.4390243902439,0.4757439024390243,0.2574736842105263,2.4634146341463414,0.8073809523809524,0.524390243902439,2.5609756097560976,3.0853658536585367,7.2317073170731705,2.2195121951219514,2.048780487804878,0.1951219512195122,2.817073170731707,15.121951219512194,,82.0
4,17.0,36.19736842105263,0.47305263157894745,0.34548,5.276315789473684,0.8053866666666667,2.1842105263157894,4.394736842105263,6.578947368421052,6.7368421052631575,3.1578947368421053,1.8157894736842106,0.9210526315789473,3.013157894736842,25.039473684210527,,76.0
5,21.0,18.414634146341463,0.34645679012345676,0.1458125,1.4268292682926829,0.7309148936170211,0.4024390243902439,1.2560975609756098,1.6585365853658536,3.8292682926829267,1.1951219512195121,0.7195121951219512,0.10975609756097561,2.073170731707317,5.451219512195122,,82.0
6,22.0,23.945945945945947,0.515972972972973,0.0,2.054054054054054,0.8091132075471699,1.6756756756756757,3.9594594594594597,5.635135135135135,1.5675675675675675,1.7567567567567568,0.3918918918918919,1.3513513513513513,3.1216216216216215,13.837837837837839,,74.0
7,23.0,40.25609756097561,0.5426341463414635,0.2929230769230769,1.024390243902439,0.6049574468085106,6.378048780487805,12.28048780487805,18.658536585365855,2.3292682926829267,1.7073170731707317,0.8292682926829268,0.8536585365853658,3.024390243902439,9.75609756097561,,82.0
8,26.0,15.015151515151516,0.4174516129032258,,0.803030303030303,0.6127,1.0151515151515151,2.878787878787879,3.893939393939394,0.803030303030303,1.2575757575757576,0.5303030303030303,0.9696969696969697,2.378787878787879,4.257575757575758,,66.0
9,28.0,31.75,0.514075,0.175,2.325,0.7966,1.3375,1.875,3.2125,3.5125,1.5,0.825,0.325,2.9875,13.95,,80.0
10,36.0,29.40277777777778,0.5425,0.2777777777777778,5.222222222222222,0.7798985507246378,0.9444444444444444,1.9444444444444444,2.888888888888889,3.375,2.6805555555555554,1.6111111111111112,0.1388888888888889,3.2916666666666665,18.90277777777778,,72.0
11,38.0,15.442857142857143,0.422171875,0.37687272727272725,0.38571428571428573,0.69165,0.9285714285714286,2.6285714285714286,3.557142857142857,1.0571428571428572,0.6571428571428571,0.5714285714285714,1.0142857142857142,2.057142857142857,5.828571428571428,,70.0
12,41.0,28.949367088607595,0.4391772151898734,0.25,1.9113924050632911,0.6315294117647059,2.430379746835443,3.7088607594936707,6.139240506329114,1.5822784810126582,1.6835443037974684,1.1898734177215189,0.3291139240506329,2.4556962025316458,9.367088607594937,,79.0
13,45.0,17.49019607843137,0.3922549019607843,0.32721951219512196,0.9803921568627451,0.6941739130434783,0.8823529411764706,1.7058823529411764,2.588235294117647,2.2745098039215685,1.2156862745098038,0.5098039215686274,0.21568627450980393,1.8627450980392157,6.627450980392157,,51.0
14,47.0,35.013888888888886,0.5019166666666666,0.0,2.0972222222222223,0.78525,1.875,4.638888888888889,6.513888888888889,1.4722222222222223,1.7222222222222223,0.7638888888888888,1.0972222222222223,3.4444444444444446,16.59722222222222,,72.0
15,51.0,18.987654320987655,0.42056790123456783,0.29363043478260875,1.1604938271604939,0.876051282051282,0.2716049382716049,1.1358024691358024,1.4074074074074074,2.3703703703703702,1.4444444444444444,0.5432098765432098,0.04938271604938271,1.6049382716049383,10.333333333333334,,81.0
16,52.0,34.81012658227848,0.4890126582278482,0.19999999999999998,4.708860759493671,0.8668333333333333,0.9240506329113924,2.6455696202531644,3.569620253164557,8.189873417721518,3.037974683544304,2.949367088607595,0.27848101265822783,3.3164556962025316,15.037974683544304,,79.0
17,53.0,21.227848101265824,0.48198571428571446,0.2956190476190476,1.9620253164556962,0.8365272727272728,0.8734177215189873,2.0,2.8734177215189876,2.2025316455696204,1.0506329113924051,0.8607594936708861,0.189873417721519,2.0126582278481013,7.848101265822785,,79.0
18,55.0,8.466666666666667,0.4981333333333334,,0.5333333333333333,0.725,0.7333333333333333,0.8,1.5333333333333334,0.26666666666666666,0.6,0.2,0.15555555555555556,0.8888888888888888,2.6666666666666665,,45.0
19,56.0,31.469135802469136,0.43502469135802463,0.13157894736842105,1.2222222222222223,0.6615333333333333,1.5185185185185186,2.123456790123457,3.6419753086419755,6.246913580246914,2.1481481481481484,1.8148148148148149,0.25925925925925924,3.0617283950617282,9.432098765432098,,81.0
20,61.0,13.162790697674419,0.4954324324324325,0.0,0.5813953488372093,0.5294117647058824,0.7674418604651163,1.5348837209302326,2.302325581395349,0.627906976744186,0.8604651162790697,0.37209302325581395,0.5813953488372093,1.3953488372093024,4.441860465116279,,43.0
21,64.0,37.01587301587302,0.4420952380952382,0.1962888888888889,4.825396825396825,0.8264354838709675,3.0476190476190474,5.777777777777778,8.825396825396826,2.238095238095238,1.3174603174603174,1.0158730158730158,0.9841269841269841,3.0476190476190474,16.523809523809526,,63.0
22,67.0,26.594594594594593,0.4639189189189189,0.0,1.3513513513513513,0.6161304347826086,1.3243243243243243,3.675675675675676,5.0,0.972972972972973,1.5675675675675675,0.5945945945945946,0.35135135135135137,3.189189189189189,11.891891891891891,,37.0
23,70.0,17.645833333333332,0.47500000000000003,0.3807878787878788,0.9375,0.8652631578947367,0.2916666666666667,1.3333333333333333,1.625,2.2916666666666665,0.6458333333333334,0.5625,0.20833333333333334,0.6041666666666666,6.645833333333333,,48.0
24,71.0,35.63414634146341,0.46106097560975606,0.34884931506849315,1.5,0.6780185185185185,1.1097560975609757,2.5609756097560976,3.6707317073170733,8.353658536585366,2.4878048780487805,1.451219512195122,0.3048780487804878,1.853658536585366,16.463414634146343,,82.0
25,72.0,16.96875,0.38115873015873014,0.1833,1.140625,0.7042903225806451,0.59375,1.390625,1.984375,3.171875,1.515625,1.046875,0.140625,1.0625,7.03125,,64.0
26,73.0,30.4,0.49816249999999995,0.0,3.375,0.7370833333333333,2.85,4.7375,7.5875,2.45,1.0375,0.75,2.275,2.3875,11.9,,80.0
27,76.0,11.40625,0.47424193548387095,0.16666666666666666,1.703125,0.688025,0.9375,1.4375,2.375,0.78125,1.109375,0.25,0.171875,0.8125,7.21875,,64.0
28,78.0,16.2375,0.46064102564102566,0.0,0.725,0.8139000000000001,1.225,3.5375,4.7625,1.275,1.225,0.65,0.425,2.5875,4.925,,80.0
29,80.0,26.09090909090909,0.4797402597402598,0.14583333333333334,1.5714285714285714,0.5423666666666667,2.051948051948052,3.7662337662337664,5.818181818181818,1.6233766233766234,1.2987012987012987,0.6883116883116883,0.8571428571428571,1.8831168831168832,12.064935064935066,,77.0
30,81.0,20.23170731707317,0.45030487804878044,0.24076315789473687,1.2439024390243902,0.6714905660377358,1.5731707317073171,1.5609756097560976,3.1341463414634148,1.829268292682927,1.2804878048780488,0.7804878048780488,0.15853658536585366,1.7317073170731707,9.012195121951219,,82.0
31,87.0,38.25352112676056,0.488225352112676,,4.52112676056338,0.6298985507246379,4.450704225352113,7.802816901408451,12.253521126760564,2.1971830985915495,3.5492957746478875,0.6056338028169014,2.9577464788732395,3.8450704225352115,16.577464788732396,,71.0
32,88.0,5.545454545454546,0.5,,0.8181818181818182,0.8056666666666666,0.9090909090909091,0.36363636363636365,1.2727272727272727,0.0,0.09090909090909091,0.2727272727272727,0.09090909090909091,0.9090909090909091,1.9090909090909092,,11.0
33,95.0,14.285714285714286,0.43587755102040815,0.0,0.7142857142857143,0.6449565217391304,1.5535714285714286,2.0357142857142856,3.5892857142857144,0.7321428571428571,0.5357142857142857,0.4642857142857143,0.14285714285714285,1.875,4.107142857142857,,56.0
34,96.0,32.5625,0.533126582278481,0.3062093023255814,4.5625,0.8463636363636362,2.525,7.1,9.625,3.9,2.3875,0.775,0.4625,3.575,17.25,,80.0
35,97.0,8.333333333333334,0.6666666666666666,,2.0,0.5415,1.0,2.6666666666666665,3.6666666666666665,0.3333333333333333,1.0,0.3333333333333333,0.3333333333333333,1.3333333333333333,3.3333333333333335,,3.0
36,98.0,36.71666666666667,0.45655,0.341,3.3666666666666667,0.6889272727272727,1.6333333333333333,4.766666666666667,6.4,2.716666666666667,2.1,1.6166666666666667,0.55,2.2,19.933333333333334,,60.0
37,101.0,31.69333333333333,0.4011081081081081,0.3372777777777778,3.3066666666666666,0.8780689655172413,0.48,2.2133333333333334,2.6933333333333334,7.253333333333333,3.1066666666666665,0.9866666666666667,0.06666666666666667,2.506666666666667,14.093333333333334,,75.0
38,104.0,30.80952380952381,0.4777936507936508,0.0,2.7142857142857144,0.6855714285714286,2.0634920634920637,6.079365079365079,8.142857142857142,1.2063492063492063,2.7777777777777777,0.6190476190476191,1.873015873015873,2.9365079365079363,13.952380952380953,,63.0
39,105.0,34.792682926829265,0.48036585365853657,0.35585897435897434,2.792682926829268,0.7525714285714286,1.8048780487804879,4.085365853658536,5.890243902439025,3.341463414634146,1.2439024390243902,1.5975609756097562,0.524390243902439,1.9268292682926829,17.29268292682927,,82.0
40,107.0,27.049382716049383,0.457358024691358,0.39116049382716045,2.0246913580246915,0.7606166666666667,1.1358024691358024,1.9876543209876543,3.123456790123457,1.2839506172839505,1.4691358024691359,0.7037037037037037,0.2222222222222222,1.8641975308641976,15.703703703703704,,81.0
41,117.0,36.074074074074076,0.5075432098765432,0.1,3.1604938271604937,0.87388,0.6049382716049383,2.271604938271605,2.876543209876543,2.2222222222222223,1.728395061728395,0.691358024691358,0.06172839506172839,1.5555555555555556,20.234567901234566,,81.0
42,120.0,29.60655737704918,0.44644262295081966,0.30767307692307694,1.5573770491803278,0.7100000000000001,1.3278688524590163,1.7540983606557377,3.081967213114754,4.557377049180328,2.4918032786885247,0.9672131147540983,0.3114754098360656,2.6557377049180326,11.950819672131148,,61.0
43,121.0,38.41463414634146,0.5295975609756097,0.1,4.597560975609756,0.7546133333333332,2.7804878048780486,8.451219512195122,11.231707317073171,1.9024390243902438,2.548780487804878,1.0731707317073171,2.9878048780487805,3.3780487804878048,24.024390243902438,,82.0
44,122.0,21.825,0.4683,0.4506296296296296,1.6,0.728423076923077,1.2875,1.925,3.2125,1.525,1.525,0.65,0.5,2.2125,9.6125,,80.0
45,123.0,12.416666666666666,0.37626865671641785,0.0,1.4166666666666667,0.7866341463414634,0.4444444444444444,0.9027777777777778,1.3472222222222223,1.9444444444444444,1.2777777777777777,0.5555555555555556,0.05555555555555555,1.4027777777777777,4.611111111111111,,72.0
46,124.0,27.194444444444443,0.4773333333333334,0.28207692307692306,2.388888888888889,0.7749166666666666,2.4166666666666665,4.444444444444445,6.861111111111111,1.6666666666666667,2.4444444444444446,1.5277777777777777,0.9722222222222222,3.1666666666666665,11.25,,36.0
47,128.0,15.077922077922079,0.4517945205479452,0.20833333333333334,1.051948051948052,0.8222222222222223,1.3636363636363635,2.4805194805194803,3.844155844155844,0.44155844155844154,0.922077922077922,0.24675324675324675,0.5714285714285714,1.6103896103896105,5.636363636363637,,77.0
48,134.0,37.1025641025641,0.47934615384615387,0.23038235294117648,5.743589743589744,0.8026363636363637,0.782051282051282,2.9615384615384617,3.7435897435897436,10.717948717948717,3.4871794871794872,1.4871794871794872,0.2948717948717949,2.3076923076923075,19.692307692307693,,78.0
49,137.0,33.75,0.4065250000000001,0.33424050632911395,2.575,0.754655172413793,0.4625,2.575,3.0375,4.075,2.225,1.3,0.35,2.5,17.15,,80.0
50,140.0,11.966666666666667,0.4188823529411765,,1.5333333333333334,0.6825238095238094,1.0833333333333333,0.9833333333333333,2.066666666666667,0.5666666666666667,0.65,0.4166666666666667,0.11666666666666667,1.2166666666666666,4.2,,60.0
51,146.0,10.357142857142858,0.4374782608695652,0.0,0.42857142857142855,0.578125,0.6428571428571429,1.2142857142857142,1.8571428571428572,0.8214285714285714,0.4642857142857143,0.6785714285714286,0.25,1.1071428571428572,2.5,,28.0
52,149.0,35.833333333333336,0.38239743589743586,0.29905128205128206,4.012820512820513,0.8839428571428573,0.7435897435897436,3.230769230769231,3.9743589743589745,7.615384615384615,2.717948717948718,1.858974358974359,0.11538461538461539,2.076923076923077,18.05128205128205,,78.0
53,156.0,23.049382716049383,0.4821749999999999,0.2,2.0,0.7269841269841271,1.5802469135802468,2.691358024691358,4.271604938271605,0.7777777777777778,1.4074074074074074,0.3950617283950617,1.1851851851851851,3.259259259259259,10.876543209876543,,81.0
54,157.0,34.646153846153844,0.43271875000000004,0.29342372881355927,3.046153846153846,0.777,0.7538461538461538,1.8615384615384616,2.6153846153846154,5.7384615384615385,2.3692307692307693,1.5538461538461539,0.26153846153846155,2.3076923076923075,17.723076923076924,,65.0
55,165.0,37.65714285714286,0.5046428571428571,0.0,4.685714285714286,0.7533846153846152,3.5142857142857142,8.557142857142857,12.071428571428571,2.242857142857143,2.6714285714285713,1.8142857142857143,4.3428571428571425,3.757142857142857,21.571428571428573,,70.0
56,166.0,38.34146341463415,0.44671951219512196,0.2729166666666667,3.573170731707317,0.7385064935064934,1.4634146341463414,3.9878048780487805,5.451219512195122,5.085365853658536,3.073170731707317,1.853658536585366,0.8780487804878049,2.426829268292683,18.23170731707317,,82.0
57,170.0,14.157142857142857,0.45762500000000006,0.5,0.4857142857142857,0.7083181818181818,1.3428571428571427,2.8857142857142857,4.228571428571429,0.45714285714285713,0.38571428571428573,0.32857142857142857,0.2,1.4142857142857144,4.6571428571428575,,70.0
58,173.0,14.288135593220339,0.39932727272727275,0.31845945945945947,0.4406779661016949,0.6875,1.1016949152542372,1.305084745762712,2.406779661016949,0.6440677966101694,0.7966101694915254,0.6779661016949152,0.2542372881355932,1.847457627118644,3.711864406779661,,59.0
59,174.0,21.539473684210527,0.46334666666666674,0.1,1.9078947368421053,0.8625818181818182,0.25,1.2236842105263157,1.4736842105263157,2.0921052631578947,1.1973684210526316,0.47368421052631576,0.06578947368421052,1.5263157894736843,10.25,,76.0
60,175.0,11.26923076923077,0.5746086956521739,,0.5384615384615384,0.4582857142857143,0.8076923076923077,2.730769230769231,3.5384615384615383,0.5384615384615384,0.7692307692307693,0.19230769230769232,0.6153846153846154,2.3461538461538463,3.923076923076923,,26.0
61,177.0,34.02439024390244,0.4661829268292683,0.06059090909090909,1.146341463414634,0.7737179487179487,0.7073170731707317,2.158536585365854,2.8658536585365852,9.060975609756097,1.9024390243902438,2.073170731707317,0.07317073170731707,1.9024390243902438,8.902439024390244,,82.0
62,178.0,24.13157894736842,0.5079315068493151,0.0,1.644736842105263,0.5762777777777778,2.5657894736842106,4.4868421052631575,7.052631578947368,0.6052631578947368,1.0921052631578947,0.5921052631578947,0.2631578947368421,2.1710526315789473,8.06578947368421,,76.0
63,181.0,33.76543209876543,0.4610246913580247,0.4158730158730159,2.7037037037037037,0.844920634920635,0.41975308641975306,1.7654320987654322,2.185185185185185,6.938271604938271,2.802469135802469,1.2839506172839505,0.08641975308641975,1.382716049382716,14.037037037037036,,81.0
64,182.0,31.375,0.5185000000000001,0.14285714285714285,2.55,0.6219861111111111,3.0375,4.95,7.9875,2.35,2.2375,1.125,0.8125,3.45,14.2625,,80.0
65,183.0,18.854166666666668,0.5036363636363638,,1.9791666666666667,0.6671621621621622,2.3958333333333335,3.2708333333333335,5.666666666666667,0.6875,1.7916666666666667,0.8541666666666666,1.1041666666666667,2.8958333333333335,9.104166666666666,,48.0
66,184.0,6.5,0.446,0.0,0.7,0.55,0.4,0.4,0.8,0.4,0.8,0.3,0.1,0.3,3.1,,10.0
67,187.0,30.7,0.4878285714285714,0.3181818181818182,2.5285714285714285,0.6792096774193547,3.5285714285714285,5.485714285714286,9.014285714285714,1.457142857142857,1.6428571428571428,0.8285714285714286,0.4857142857142857,3.0,17.285714285714285,,70.0
68,190.0,28.6375,0.5068875,0.0,1.7,0.628655737704918,2.45,4.8,7.25,0.7375,1.55,0.5875,2.6875,3.5125,7.95,,80.0
69,192.0,33.77777777777778,0.4013333333333333,0.28233333333333327,3.5555555555555554,0.8963125,0.7777777777777778,2.888888888888889,3.6666666666666665,1.9444444444444444,1.7222222222222223,1.1111111111111112,0.5,2.7222222222222223,19.944444444444443,,18.0
70,193.0,26.804878048780488,0.45839024390243904,,2.0365853658536586,0.65565625,2.6341463414634148,4.353658536585366,6.987804878048781,1.2926829268292683,1.2317073170731707,0.5609756097560976,0.24390243902439024,2.792682926829268,6.987804878048781,,82.0
71,194.0,33.09615384615385,0.4872115384615384,0.40906060606060607,2.25,0.8554615384615385,1.3461538461538463,3.3653846153846154,4.711538461538462,3.1346153846153846,2.0576923076923075,1.0576923076923077,0.7307692307692307,1.9423076923076923,14.576923076923077,,52.0
72,198.0,13.779411764705882,0.3761587301587302,0.3409090909090909,0.8970588235294118,0.826,0.7794117647058824,2.3529411764705883,3.1323529411764706,1.1029411764705883,0.6764705882352942,0.3235294117647059,0.22058823529411764,1.9852941176470589,5.088235294117647,,68.0
73,199.0,32.382716049382715,0.4743703703703704,0.3471571428571429,2.6666666666666665,0.8099718309859155,1.7901234567901234,3.2098765432098766,5.0,2.9012345679012346,2.1358024691358026,1.8271604938271604,0.8395061728395061,3.3333333333333335,18.19753086419753,,81.0
74,201.0,23.195121951219512,0.40157499999999996,,0.975609756097561,0.4729019607843138,4.182926829268292,4.829268292682927,9.012195121951219,0.7073170731707317,0.9634146341463414,0.4634146341463415,2.182926829268293,3.3536585365853657,5.609756097560975,,82.0
75,202.0,26.26923076923077,0.4512307692307692,0.3048157894736842,0.5641025641025641,0.7951666666666667,0.4358974358974359,1.9230769230769231,2.358974358974359,6.897435897435898,2.3974358974358974,1.7692307692307692,0.1794871794871795,2.3205128205128207,7.8076923076923075,,78.0
76,203.0,22.944444444444443,0.3915633802816902,0.2194081632653061,0.75,0.6544117647058824,1.2777777777777777,2.2222222222222223,3.5,4.986111111111111,1.5555555555555556,1.7916666666666667,0.4027777777777778,3.0277777777777777,6.041666666666667,,72.0
77,204.0,37.93827160493827,0.5042962962962962,0.3994025974025975,3.4444444444444446,0.8803972602739725,1.308641975308642,3.7160493827160495,5.0246913580246915,5.074074074074074,2.0987654320987654,1.9506172839506173,0.38271604938271603,2.691358024691358,20.14814814814815,,81.0
78,209.0,26.233766233766232,0.4776233766233766,0.3964393939393939,1.6493506493506493,0.8447457627118644,0.7402597402597403,2.6233766233766236,3.3636363636363638,2.2987012987012987,1.7402597402597402,1.2077922077922079,0.2597402597402597,2.0259740259740258,15.7012987012987,,77.0
79,210.0,19.573170731707318,0.392780487804878,0.02631578947368421,1.2195121951219512,0.8280212765957448,0.5975609756097561,1.3780487804878048,1.975609756097561,3.8536585365853657,1.6585365853658536,0.9878048780487805,0.2682926829268293,1.3048780487804879,7.378048780487805,,82.0
80,216.0,22.58730158730159,0.36879365079365073,0.1979375,1.1428571428571428,0.72915625,0.7936507936507936,2.4444444444444446,3.238095238095238,3.9682539682539684,1.5714285714285714,0.9047619047619048,0.3492063492063492,1.8253968253968254,7.857142857142857,,63.0
81,229.0,19.958333333333332,0.4335833333333334,0.0,2.75,0.75095,0.7638888888888888,2.0416666666666665,2.8055555555555554,0.7361111111111112,1.0,0.3333333333333333,0.4583333333333333,3.2777777777777777,9.694444444444445,,72.0
82,236.0,22.71604938271605,0.4227407407407408,0.21153846153846154,2.0,0.857140350877193,0.691358024691358,1.9135802469135803,2.6049382716049383,2.0987654320987654,1.4814814814814814,1.2222222222222223,0.24691358024691357,1.7037037037037037,10.11111111111111,,81.0
83,238.0,23.0,0.4997682926829268,0.0,1.9878048780487805,0.7164754098360655,2.2195121951219514,5.012195121951219,7.2317073170731705,0.573170731707317,1.2926829268292683,0.8902439024390244,0.524390243902439,3.841463414634146,8.182926829268293,,82.0
84,244.0,28.483870967741936,0.452225806451613,0.23529411764705882,1.935483870967742,0.7865238095238095,0.4838709677419355,2.064516129032258,2.5483870967741935,5.290322580645161,1.903225806451613,1.064516129032258,0.22580645161290322,2.3870967741935485,11.709677419354838,,31.0
85,246.0,34.0609756097561,0.4433536585365854,0.0,2.0365853658536586,0.6298529411764705,4.109756097560975,7.365853658536586,11.475609756097562,0.9512195121951219,2.451219512195122,1.0731707317073171,0.7926829268292683,3.207317073170732,11.524390243902438,,82.0
86,247.0,38.926829268292686,0.4358170731707317,0.3841818181818182,5.024390243902439,0.8504556962025317,1.0,1.2926829268292683,2.292682926829268,4.573170731707317,2.3536585365853657,0.8658536585365854,0.14634146341463414,1.7682926829268293,19.9390243902439,,82.0
87,251.0,38.048780487804876,0.4918170731707318,0.312859649122807,3.475609756097561,0.8788169014084507,1.7439024390243902,3.6097560975609757,5.353658536585366,2.6097560975609757,1.853658536585366,1.024390243902439,0.35365853658536583,1.8170731707317074,16.317073170731707,,82.0
88,252.0,37.7037037037037,0.5254320987654322,0.2,8.308641975308642,0.7739382716049382,2.7777777777777777,8.444444444444445,11.222222222222221,2.9753086419753085,3.0617283950617282,1.3333333333333333,0.6296296296296297,2.7901234567901234,28.049382716049383,,81.0
89,262.0,30.01219512195122,0.5825487804878049,0.0,1.2926829268292683,0.6288867924528303,3.2439024390243905,5.634146341463414,8.878048780487806,1.1219512195121952,0.9512195121951219,1.2073170731707317,0.6707317073170732,2.8902439024390243,8.78048780487805,,82.0
90,265.0,37.3125,0.471984375,0.14285714285714285,2.75,0.7694200000000001,2.453125,4.296875,6.75,2.65625,1.703125,1.15625,0.421875,2.78125,18.046875,,64.0
91,270.0,35.2962962962963,0.5822592592592593,0.0,2.9012345679012346,0.7005915492957746,4.246913580246914,5.716049382716049,9.962962962962964,2.6790123456790123,1.2098765432098766,1.2345679012345678,1.617283950617284,2.419753086419753,14.185185185185185,,81.0
92,271.0,30.01818181818182,0.46734545454545445,0.30328,4.290909090909091,0.7670833333333333,1.290909090909091,1.9636363636363636,3.2545454545454544,2.6545454545454548,2.3454545454545452,1.2727272727272727,0.2545454545454545,3.290909090909091,15.254545454545454,,55.0
93,273.0,24.21212121212121,0.5278333333333333,0.30554166666666666,2.515151515151515,0.7605576923076924,1.5909090909090908,1.5909090909090908,3.1818181818181817,1.393939393939394,1.5,0.7424242424242424,0.25757575757575757,2.0303030303030303,12.712121212121213,,66.0
94,278.0,30.548780487804876,0.46839024390243894,0.16666666666666666,2.597560975609756,0.6684225352112676,2.3292682926829267,2.792682926829268,5.121951219512195,2.451219512195122,2.207317073170732,1.5121951219512195,0.32926829268292684,1.9634146341463414,13.341463414634147,,82.0
95,279.0,18.2,0.3677777777777778,,0.26666666666666666,0.4791875,1.4,2.8266666666666667,4.226666666666667,0.8266666666666667,0.52,0.5733333333333334,1.2266666666666666,2.8533333333333335,1.1466666666666667,,75.0
96,280.0,24.278688524590162,0.3881803278688525,,2.0163934426229506,0.6925416666666666,2.737704918032787,4.39344262295082,7.131147540983607,0.8688524590163934,1.1475409836065573,0.4426229508196721,1.2950819672131149,3.9508196721311477,6.639344262295082,,61.0
97,281.0,10.952380952380953,0.48546938775510207,0.0,0.7619047619047619,0.6474230769230769,1.4285714285714286,2.492063492063492,3.9206349206349205,0.7936507936507936,0.5555555555555556,0.20634920634920634,0.5714285714285714,1.9365079365079365,3.3968253968253967,,63.0
98,285.0,13.102941176470589,0.36541071428571426,0.46153846153846156,0.29411764705882354,0.8636363636363636,0.20588235294117646,0.8088235294117647,1.0147058823529411,3.1911764705882355,0.6764705882352942,0.6617647058823529,0.029411764705882353,1.1176470588235294,3.3088235294117645,,68.0
99,287.0,12.135593220338983,0.5603469387755103,0.0,0.6440677966101694,0.7119047619047618,0.8305084745762712,2.6610169491525424,3.4915254237288136,0.5254237288135594,0.6610169491525424,0.15254237288135594,0.3050847457627119,1.9322033898305084,3.3220338983050848,,59.0
100,288.0,34.20987654320987,0.508074074074074,0.0,4.234567901234568,0.8107368421052632,2.888888888888889,5.2592592592592595,8.148148148148149,1.4567901234567902,2.049382716049383,0.6296296296296297,1.0493827160493827,2.1728395061728394,16.876543209876544,,81.0
101,289.0,22.50769230769231,0.429171875,0.18,2.1384615384615384,0.6889772727272727,0.6,2.1384615384615384,2.7384615384615385,1.9230769230769231,1.1538461538461537,0.7230769230769231,0.1076923076923077,2.230769230769231,13.169230769230769,,65.0
102,291.0,23.666666666666668,0.5380375,0.0,2.5555555555555554,0.7772857142857144,3.111111111111111,3.8518518518518516,6.962962962962963,0.7654320987654321,0.9012345679012346,0.8641975308641975,0.691358024691358,1.9506172839506173,7.567901234567901,,81.0
103,293.0,26.73469387755102,0.44824489795918365,0.0,4.326530612244898,0.8059302325581396,1.9387755102040816,4.204081632653061,6.142857142857143,1.1428571428571428,1.4081632653061225,0.8367346938775511,2.0,3.2448979591836733,14.571428571428571,,49.0
104,296.0,18.950617283950617,0.4598333333333333,0.2799210526315789,1.7160493827160495,0.7644000000000001,0.9012345679012346,1.8148148148148149,2.7160493827160495,1.5555555555555556,1.5185185185185186,0.9629629629629629,0.37037037037037035,2.8395061728395063,7.950617283950617,,81.0
105,302.0,35.388888888888886,0.42418055555555556,0.2453611111111111,1.75,0.7021698113207547,1.4027777777777777,2.3333333333333335,3.736111111111111,6.833333333333333,2.111111111111111,2.361111111111111,0.5555555555555556,2.5277777777777777,13.833333333333334,,72.0
106,304.0,36.609756097560975,0.48369512195121955,0.3666575342465753,3.7560975609756095,0.8221866666666667,0.8292682926829268,2.4634146341463414,3.292682926829268,13.731707317073171,3.4878048780487805,2.975609756097561,0.2682926829268293,2.8536585365853657,15.817073170731707,,82.0
107,305.0,28.924050632911392,0.5471518987341772,,2.2658227848101267,0.7351333333333333,2.7721518987341773,6.151898734177215,8.924050632911392,0.8860759493670886,1.6582278481012658,0.8607594936708861,1.2278481012658229,2.1772151898734178,14.113924050632912,,79.0
108,313.0,21.182926829268293,0.46314634146341466,0.21739130434782608,1.6097560975609757,0.7310175438596492,0.8414634146341463,1.7073170731707317,2.548780487804878,3.2439024390243905,1.7073170731707317,0.6829268292682927,0.08536585365853659,1.6341463414634145,8.853658536585366,,82.0
109,317.0,25.829268292682926,0.4391341463414634,0.2982666666666666,2.8658536585365852,0.8058181818181818,0.5487804878048781,1.7804878048780488,2.3292682926829267,3.3658536585365852,1.829268292682927,1.2560975609756098,0.21951219512195122,2.817073170731707,13.890243902439025,,82.0
110,323.0,11.183673469387756,0.38277272727272726,0.0,0.7142857142857143,0.68335,0.8775510204081632,2.0816326530612246,2.9591836734693877,0.7142857142857143,0.7346938775510204,0.12244897959183673,0.24489795918367346,1.6938775510204083,4.346938775510204,,49.0
111,330.0,35.41463414634146,0.5394268292682927,0.0,3.402439024390244,0.7550533333333332,2.792682926829268,4.085365853658536,6.878048780487805,3.475609756097561,2.5609756097560976,1.646341463414634,1.4878048780487805,3.573170731707317,19.25609756097561,,82.0
112,333.0,30.4390243902439,0.5139878048780487,0.20834999999999998,1.6951219512195121,0.8956538461538461,0.975609756097561,2.5121951219512195,3.4878048780487805,2.6707317073170733,1.1829268292682926,0.9146341463414634,0.45121951219512196,2.4390243902439024,13.512195121951219,,82.0
113,335.0,33.14035087719298,0.4486666666666667,0.153125,1.8771929824561404,0.7826666666666666,1.087719298245614,4.175438596491228,5.2631578947368425,5.298245614035087,2.456140350877193,0.9473684210526315,0.8947368421052632,2.6491228070175437,13.052631578947368,,57.0
114,340.0,12.363636363636363,0.47988888888888886,0.0,1.2727272727272727,0.7857142857142857,0.09090909090909091,0.9090909090909091,1.0,2.727272727272727,1.0,0.2727272727272727,0.36363636363636365,1.5454545454545454,4.181818181818182,,11.0
115,341.0,17.313432835820894,0.37196875,0.1,0.7910447761194029,0.8108846153846153,1.4477611940298507,2.1343283582089554,3.582089552238806,0.9104477611940298,0.8955223880597015,0.47761194029850745,0.208955223880597,1.8507462686567164,3.791044776119403,,67.0
116,344.0,17.746666666666666,0.48637333333333327,0.477842857142857,0.8,0.7715161290322581,0.22666666666666666,0.8533333333333334,1.08,1.6666666666666667,0.7466666666666667,0.68,0.05333333333333334,1.12,8.253333333333334,,75.0
117,345.0,33.951219512195124,0.47103658536585363,0.3747283950617284,3.841463414634146,0.8402328767123287,0.6219512195121951,2.4878048780487805,3.1097560975609757,5.817073170731708,2.292682926829268,1.548780487804878,0.14634146341463414,1.8902439024390243,18.109756097560975,,82.0
118,349.0,30.382716049382715,0.4927407407407407,0.21718181818181817,2.111111111111111,0.7747543859649123,1.1728395061728396,2.5925925925925926,3.765432098765432,8.567901234567902,2.6049382716049383,1.382716049382716,0.16049382716049382,1.8888888888888888,11.308641975308642,,81.0
119,351.0,16.050632911392405,0.48105128205128206,0.4,1.5063291139240507,0.7382448979591838,1.1012658227848102,1.4936708860759493,2.5949367088607596,0.9746835443037974,0.9620253164556962,0.26582278481012656,0.31645569620253167,1.6329113924050633,6.974683544303797,,79.0
120,355.0,18.7,0.5040131578947369,0.1,1.3875,0.6773962264150943,1.1125,1.8,2.9125,2.35,1.05,0.5875,0.2875,1.6,6.225,,80.0
121,356.0,31.09090909090909,0.4769480519480519,0.17833333333333332,2.142857142857143,0.7288888888888889,2.5844155844155843,3.831168831168831,6.415584415584416,2.5584415584415585,2.220779220779221,1.6753246753246753,1.051948051948052,2.74025974025974,11.415584415584416,,77.0
122,357.0,8.970149253731343,0.3673148148148148,0.327609756097561,0.5074626865671642,0.7456315789473684,0.08955223880597014,0.6119402985074627,0.7014925373134329,1.3582089552238805,1.044776119402985,0.3880597014925373,0.13432835820895522,1.6567164179104477,3.671641791044776,,67.0
123,359.0,10.261904761904763,0.4348717948717949,0.0,0.7142857142857143,0.6637058823529413,0.7380952380952381,1.2142857142857142,1.9523809523809523,0.6190476190476191,0.6904761904761905,0.2857142857142857,0.16666666666666666,1.1428571428571428,3.5714285714285716,,42.0
124,361.0,25.902439024390244,0.46802439024390247,0.09090909090909091,2.6707317073170733,0.6504647887323943,1.7073170731707317,3.3658536585365852,5.073170731707317,1.670731707317073,1.8780487804878048,1.0365853658536586,1.3048780487804879,3.341463414634146,12.390243902439025,,82.0
125,364.0,25.772727272727273,0.45554545454545453,0.23773333333333332,1.6363636363636365,0.6671250000000001,0.45454545454545453,2.1818181818181817,2.6363636363636362,4.045454545454546,2.0454545454545454,0.6818181818181818,0.36363636363636365,2.3181818181818183,12.272727272727273,,22.0
126,365.0,33.78846153846154,0.45840384615384616,0.35237142857142856,3.6153846153846154,0.8408666666666668,1.8269230769230769,3.326923076923077,5.153846153846154,2.3076923076923075,2.1923076923076925,1.1730769230769231,0.9038461538461539,2.730769230769231,14.942307692307692,,52.0
127,368.0,12.121212121212121,0.4116071428571429,0.0,0.30303030303030304,0.8333333333333334,1.303030303030303,2.272727272727273,3.5757575757575757,0.6060606060606061,0.5757575757575758,0.18181818181818182,0.8484848484848485,2.0303030303030303,3.3333333333333335,,33.0
128,371.0,20.902439024390244,0.428280487804878,0.3333333333333333,1.3902439024390243,0.7684509803921569,2.2804878048780486,3.2439024390243905,5.524390243902439,1.024390243902439,1.0,0.5853658536585366,0.5,2.4390243902439024,9.048780487804878,,82.0
129,378.0,32.0,0.4525873015873016,0.4077704918032787,1.380952380952381,0.6769761904761905,1.492063492063492,3.380952380952381,4.873015873015873,3.7777777777777777,1.6507936507936507,1.2380952380952381,0.3492063492063492,2.380952380952381,12.317460317460318,,63.0
130,380.0,13.015873015873016,0.342448275862069,0.0,0.7777777777777778,0.6051724137931035,0.49206349206349204,0.7142857142857143,1.2063492063492063,1.7301587301587302,0.7936507936507936,0.6190476190476191,0.12698412698412698,1.4444444444444444,4.365079365079365,,63.0
131,383.0,36.78481012658228,0.4653670886075949,0.19842857142857143,3.5949367088607596,0.7657432432432432,2.088607594936709,3.0,5.0886075949367084,4.1645569620253164,2.278481012658228,1.9493670886075949,0.5822784810126582,3.0,20.531645569620252,,79.0
132,386.0,8.74,0.3649523809523809,0.14285714285714285,0.54,0.5888666666666666,0.28,0.5,0.78,1.56,1.0,0.68,0.06,0.72,2.52,,50.0
133,393.0,36.01754385964912,0.4507017543859649,0.3076923076923077,3.192982456140351,0.6641538461538462,1.6140350877192982,3.0350877192982457,4.649122807017544,8.614035087719298,2.807017543859649,2.0701754385964914,0.2982456140350877,2.1403508771929824,13.807017543859649,,57.0
134,397.0,38.048780487804876,0.4992804878048781,0.3665487804878049,5.390243902439025,0.8463205128205127,1.0,2.8780487804878048,3.8780487804878048,3.8292682926829267,1.9146341463414633,1.2804878048780488,0.3170731707317073,2.5609756097560976,20.670731707317074,,82.0
135,400.0,12.0,0.0,,3.0,0.75,1.0,4.0,5.0,1.0,1.0,0.0,0.0,1.0,3.0,,1.0
136,402.0,19.337662337662337,0.3909027777777778,0.0,0.24675324675324675,0.6785714285714286,0.8051948051948052,2.5844155844155843,3.3896103896103895,1.7142857142857142,0.7012987012987013,0.6493506493506493,0.8701298701298701,2.688311688311688,3.1298701298701297,,77.0
137,404.0,27.097560975609756,0.47143902439024393,0.0,1.9024390243902438,0.6960166666666666,1.8414634146341464,4.219512195121951,6.060975609756097,1.2073170731707317,1.7439024390243902,0.4634146341463415,0.45121951219512196,3.2195121951219514,10.731707317073171,,82.0
138,416.0,23.308823529411764,0.42886764705882346,0.4230769230769231,2.8823529411764706,0.7972,1.1176470588235294,2.4705882352941178,3.588235294117647,1.8088235294117647,1.75,0.6764705882352942,0.5441176470588235,2.735294117647059,11.205882352941176,,68.0
139,417.0,26.23170731707317,0.41154878048780485,0.2,2.548780487804878,0.784265625,1.9268292682926829,3.841463414634146,5.7682926829268295,1.146341463414634,1.1829268292682926,0.6463414634146342,0.47560975609756095,2.8048780487804876,10.060975609756097,,82.0
140,418.0,13.195121951219512,0.3982222222222222,0.26248333333333335,0.6219512195121951,0.8118387096774194,0.32926829268292684,0.8780487804878049,1.2073170731707317,2.5,0.6219512195121951,0.8048780487804879,0.08536585365853659,1.0,5.085365853658536,,82.0
141,420.0,12.92,0.28718181818181815,,1.12,0.636,1.24,1.66,2.9,0.24,0.88,0.4,0.4,2.2,4.12,,50.0
142,422.0,17.89855072463768,0.4341304347826087,0.25,0.9565217391304348,0.6303235294117646,0.18840579710144928,0.9710144927536232,1.1594202898550725,3.8550724637681157,1.5942028985507246,0.8840579710144928,0.13043478260869565,1.289855072463768,5.594202898550725,,69.0
143,423.0,11.333333333333334,0.5678163265306123,0.0,1.3333333333333333,0.6359117647058824,1.3888888888888888,1.9814814814814814,3.3703703703703702,0.2962962962962963,0.8148148148148148,0.5740740740740741,0.6666666666666666,1.8703703703703705,5.666666666666667,,54.0
144,426.0,31.602941176470587,0.47345588235294117,0.0,2.661764705882353,0.6390357142857142,3.3529411764705883,6.529411764705882,9.882352941176471,0.8382352941176471,1.7205882352941178,0.38235294117647056,0.4264705882352941,2.9705882352941178,10.191176470588236,,68.0
145,428.0,17.904761904761905,0.4498809523809524,0.1,1.7380952380952381,0.6393666666666667,0.30952380952380953,1.1904761904761905,1.5,4.095238095238095,1.619047619047619,0.5952380952380952,0.21428571428571427,1.8571428571428572,7.333333333333333,,42.0
146,431.0,28.25,0.4971875,0.0,4.21875,0.7066229508196721,4.125,6.265625,10.390625,1.34375,2.4375,1.09375,1.9375,4.078125,15.53125,,64.0
147,432.0,11.840579710144928,0.42952631578947364,1.0,0.3333333333333333,0.84375,1.1304347826086956,1.5797101449275361,2.710144927536232,0.5507246376811594,0.5942028985507246,0.463768115942029,0.2463768115942029,1.0144927536231885,3.63768115942029,,69.0
148,433.0,31.4875,0.6073875000000001,0.0,2.7625,0.7532027027027027,3.25,5.55,8.8,1.35,1.625,0.775,0.5125,3.05,11.2625,,80.0
149,442.0,38.04545454545455,0.544560606060606,0.3333333333333333,3.4393939393939394,0.7233333333333334,3.287878787878788,7.924242424242424,11.212121212121213,2.878787878787879,2.9696969696969697,0.9393939393939394,2.6818181818181817,3.3636363636363638,20.03030303030303,,66.0
150,456.0,36.08641975308642,0.4705555555555555,0.34340000000000004,1.6419753086419753,0.6841666666666666,1.4074074074074074,3.8518518518518516,5.2592592592592595,4.716049382716049,2.6666666666666665,0.8395061728395061,0.2222222222222222,3.049382716049383,18.48148148148148,,81.0
151,457.0,24.25925925925926,0.513975,0.0,1.5555555555555556,0.7597407407407408,2.0987654320987654,4.6419753086419755,6.7407407407407405,0.5308641975308642,1.0740740740740742,0.5925925925925926,2.4814814814814814,3.7777777777777777,7.679012345679013,,81.0
152,462.0,24.647058823529413,0.4757647058823529,0.0,2.627450980392157,0.6936170212765957,1.8823529411764706,4.333333333333333,6.215686274509804,1.588235294117647,1.6470588235294117,0.9607843137254902,0.45098039215686275,3.1176470588235294,10.980392156862745,,51.0
153,470.0,28.084745762711865,0.41638983050847456,0.2855909090909091,2.76271186440678,0.8258541666666667,0.3898305084745763,2.1016949152542375,2.4915254237288136,3.9491525423728815,1.5593220338983051,1.88135593220339,0.3220338983050847,2.8135593220338984,10.864406779661017,,59.0
154,475.0,22.460526315789473,0.38706666666666667,0.0,1.1710526315789473,0.7275526315789473,1.6973684210526316,3.4473684210526314,5.144736842105263,1.6973684210526316,1.2763157894736843,0.8157894736842105,0.4473684210526316,3.4078947368421053,8.828947368421053,,76.0
155,672.0,15.975,0.4507564102564102,0.41542647058823534,0.475,0.7576666666666666,0.9125,1.875,2.7875,0.9375,0.7,0.325,0.2625,1.6125,6.4,,80.0
156,698.0,29.209876543209877,0.432320987654321,0.19772549019607844,3.5925925925925926,0.8584166666666666,1.4567901234567902,2.1481481481481484,3.6049382716049383,1.9876543209876543,1.6049382716049383,0.6790123456790124,0.13580246913580246,2.45679012345679,17.11111111111111,,81.0
157,716.0,27.40740740740741,0.449358024691358,0.3305818181818182,2.1604938271604937,0.6148412698412699,0.7901234567901234,1.9135802469135803,2.7037037037037037,5.506172839506172,2.54320987654321,1.2962962962962963,0.2962962962962963,2.197530864197531,13.024691358024691,,81.0
158,737.0,4.961538461538462,0.27599999999999997,0.0,0.15384615384615385,0.2916666666666667,0.46153846153846156,0.6923076923076923,1.1538461538461537,0.23076923076923078,0.2692307692307692,0.23076923076923078,0.15384615384615385,0.8846153846153846,1.1538461538461537,,26.0
159,738.0,3.0,0.1,,1.0,1.0,1.0,0.0,1.0,0.0,0.0,0.0,0.0,0.5,2.0,,2.0
160,753.0,9.553571428571429,0.5183749999999999,0.0,0.6785714285714286,0.6413043478260869,0.4642857142857143,0.7678571428571429,1.2321428571428572,1.0535714285714286,0.75,0.625,0.21428571428571427,1.2142857142857142,3.4285714285714284,,56.0
161,760.0,33.15584415584416,0.4655844155844156,0.125,2.25974025974026,0.7140606060606061,3.1298701298701297,5.090909090909091,8.220779220779221,3.155844155844156,1.948051948051948,1.4805194805194806,0.922077922077922,3.2987012987012987,12.61038961038961,,77.0
162,763.0,5.0,0.4428571428571429,,0.5,0.5,0.3888888888888889,1.0,1.3888888888888888,0.0,0.5,0.05555555555555555,0.05555555555555555,1.1666666666666667,1.6111111111111112,,18.0
163,764.0,37.705882352941174,0.5589558823529411,0.125,5.779411764705882,0.7031911764705882,3.838235294117647,8.352941176470589,12.191176470588236,2.661764705882353,2.676470588235294,2.323529411764706,4.485294117647059,3.2205882352941178,23.205882352941178,,68.0
164,765.0,37.19753086419753,0.4566049382716049,0.36718666666666666,4.9753086419753085,0.8626301369863013,0.654320987654321,2.691358024691358,3.345679012345679,3.0617283950617282,2.3333333333333335,1.9382716049382716,0.5308641975308642,2.1481481481481484,18.962962962962962,,81.0
165,766.0,26.25925925925926,0.47659259259259257,0.07142857142857142,1.2962962962962963,0.6900799999999999,0.9876543209876543,2.3333333333333335,3.3209876543209877,3.049382716049383,1.5308641975308641,1.5185185185185186,0.25925925925925924,2.0,7.8765432098765435,,81.0
166,767.0,31.153846153846153,0.49523376623376625,0.0,3.076923076923077,0.6939565217391305,3.2948717948717947,3.7435897435897436,7.038461538461538,1.3974358974358974,1.7692307692307692,0.7435897435897436,0.20512820512820512,2.5128205128205128,14.794871794871796,,78.0
167,769.0,22.865853658536587,0.47714634146341467,0.40585185185185185,1.2682926829268293,0.7852000000000001,0.23170731707317074,1.5365853658536586,1.7682926829268293,3.2439024390243905,1.146341463414634,0.5609756097560976,0.06097560975609756,1.0731707317073171,9.865853658536585,,82.0
168,770.0,17.51219512195122,0.6358933333333332,,1.329268292682927,0.6514339622641508,1.6341463414634145,2.902439024390244,4.536585365853658,0.2682926829268293,1.0,0.17073170731707318,0.975609756097561,2.9146341463414633,6.109756097560975,,82.0
169,779.0,38.063291139240505,0.4607088607594937,0.3835569620253164,3.367088607594937,0.835970588235294,1.0632911392405062,3.9240506329113924,4.987341772151899,2.329113924050633,1.8354430379746836,1.139240506329114,0.4430379746835443,2.151898734177215,22.341772151898734,,79.0
170,781.0,13.077922077922079,0.5214117647058824,0.5,0.5844155844155844,0.4370277777777778,1.4025974025974026,2.6493506493506493,4.0519480519480515,1.0389610389610389,0.935064935064935,0.2077922077922078,0.5584415584415584,1.7272727272727273,4.545454545454546,,77.0
171,782.0,38.6875,0.47000000000000003,0.405041095890411,4.125,0.8103333333333335,0.775,3.2125,3.9875,5.1375,3.0875,1.15,0.425,2.8875,22.5375,,80.0
172,783.0,23.93846153846154,0.5283384615384615,0.5,1.9230769230769231,0.7816222222222222,1.5076923076923077,3.7846153846153845,5.292307692307692,1.876923076923077,1.7230769230769232,0.9230769230769231,0.35384615384615387,3.4307692307692306,11.384615384615385,,65.0
173,785.0,9.56,0.44219565217391305,0.1411764705882353,0.92,0.7428571428571429,0.42,0.66,1.08,1.84,1.0,0.6,0.14,1.04,4.06,,50.0
174,786.0,28.585365853658537,0.43259756097560975,0.3637758620689655,1.4146341463414633,0.7333333333333333,0.9024390243902439,1.6097560975609757,2.5121951219512195,2.6707317073170733,1.3780487804878048,0.926829268292683,0.2073170731707317,2.3780487804878048,12.390243902439025,,82.0
175,787.0,38.413333333333334,0.5569466666666667,0.22669841269841273,6.053333333333334,0.6741780821917808,3.6133333333333333,7.453333333333333,11.066666666666666,4.1066666666666665,3.1333333333333333,1.8133333333333332,0.5866666666666667,2.6133333333333333,23.066666666666666,,75.0
176,788.0,36.5679012345679,0.4791234567901235,0.09615384615384616,3.6049382716049383,0.7889178082191781,5.160493827160494,10.37037037037037,15.530864197530864,2.1358024691358026,2.432098765432099,0.8888888888888888,0.6666666666666666,2.753086419753086,18.271604938271604,,81.0
177,891.0,28.158536585365855,0.48931707317073175,0.0,1.048780487804878,0.7420217391304347,3.1219512195121952,5.414634146341464,8.536585365853659,1.6219512195121952,1.5,0.8170731707317073,0.18292682926829268,3.1463414634146343,6.170731707317073,,82.0
178,892.0,35.37662337662338,0.4463246753246752,0.33704687499999997,3.4025974025974026,0.8827611940298506,0.38961038961038963,2.5064935064935066,2.896103896103896,7.103896103896104,2.9740259740259742,1.6233766233766234,0.3116883116883117,2.5064935064935066,15.987012987012987,,77.0
179,893.0,38.775,0.5171749999999999,0.24238596491228068,6.1375,0.8357974683544303,1.1375,5.25,6.3875,6.1125,2.5,2.275,0.9375,2.5125,30.05,,80.0
180,894.0,34.07692307692308,0.4753461538461539,0.25598360655737706,5.346153846153846,0.9225733333333334,1.1923076923076923,1.794871794871795,2.9871794871794872,3.08974358974359,2.423076923076923,1.1025641025641026,0.2564102564102564,2.730769230769231,21.666666666666668,,78.0
181,895.0,27.5875,0.4887125,0.0,2.175,0.8387857142857141,2.0375,3.8625,5.9,1.75,1.2125,1.025,0.25,2.4125,9.75,,80.0
182,896.0,41.135802469135804,0.45676543209876547,0.3032125,3.6790123456790123,0.7688205128205128,1.0,2.8271604938271606,3.8271604938271606,9.962962962962964,3.2962962962962963,2.0246913580246915,0.16049382716049382,2.567901234567901,23.37037037037037,,81.0
183,897.0,31.0375,0.5270875,0.35714285714285715,1.9125,0.7172807017543861,2.55,4.3375,6.8875,1.675,1.7625,0.55,1.45,2.9625,12.275,,80.0
184,898.0,28.185185185185187,0.5175432098765432,0.3607058823529412,1.3950617283950617,0.7640204081632654,1.0617283950617284,2.617283950617284,3.6790123456790123,1.691358024691358,1.5061728395061729,1.0,0.5679012345679012,2.9135802469135803,12.567901234567902,,81.0
185,899.0,29.694444444444443,0.497,0.3924722222222223,3.75,0.9392459016393442,0.5277777777777778,1.875,2.4027777777777777,7.430555555555555,2.2083333333333335,1.3055555555555556,0.16666666666666666,1.5694444444444444,17.319444444444443,,72.0
186,901.0,37.26829268292683,0.5880487804878048,0.0,3.707317073170732,0.6387948717948718,3.475609756097561,7.036585365853658,10.512195121951219,3.048780487804878,2.8902439024390243,0.6341463414634146,0.45121951219512196,3.7439024390243905,17.317073170731707,,82.0
187,902.0,24.395061728395063,0.43604938271604937,0.21297222222222223,2.6666666666666665,0.8164827586206898,0.8518518518518519,1.4814814814814814,2.3333333333333335,4.518518518518518,2.0617283950617282,0.9012345679012346,0.16049382716049382,1.8641975308641976,10.074074074074074,,81.0
188,904.0,41.30864197530864,0.5277160493827161,0.3682602739726028,4.320987654320987,0.8092337662337662,1.5679012345679013,3.9876543209876543,5.555555555555555,3.5308641975308643,2.493827160493827,2.1358024691358026,0.7654320987654321,2.111111111111111,25.604938271604937,,81.0
189,905.0,20.328125,0.5357704918032787,0.0,1.359375,0.6095869565217391,2.46875,3.9375,6.40625,0.46875,0.765625,0.421875,1.15625,2.984375,6.171875,,64.0
190,912.0,15.460526315789474,0.43776,0.23153571428571432,0.7368421052631579,0.7731481481481481,0.8552631578947368,1.3157894736842106,2.1710526315789473,0.8947368421052632,0.6052631578947368,0.3684210526315789,0.3684210526315789,1.4342105263157894,5.842105263157895,,76.0
191,913.0,37.15853658536585,0.4907439024390244,0.23529411764705882,4.134146341463414,0.8040526315789475,3.9390243902439024,7.024390243902439,10.963414634146341,3.5609756097560976,1.951219512195122,0.9878048780487805,0.6219512195121951,2.7439024390243905,19.21951219512195,,82.0
192,914.0,20.327272727272728,0.5293207547169811,0.0,1.8363636363636364,0.5006279069767442,2.0545454545454547,4.054545454545455,6.109090909090909,0.7090909090909091,1.4181818181818182,0.4,1.509090909090909,4.0181818181818185,10.418181818181818,,55.0
193,917.0,8.040816326530612,0.3285294117647059,,0.2857142857142857,0.44090909090909086,0.6326530612244898,1.3061224489795917,1.9387755102040816,0.14285714285714285,0.5102040816326531,0.14285714285714285,0.16326530612244897,1.530612244897959,1.5510204081632653,,49.0
194,920.0,35.390243902439025,0.4803292682926829,0.15714285714285714,4.146341463414634,0.7425131578947367,3.731707317073171,5.560975609756097,9.292682926829269,1.4268292682926829,1.353658536585366,1.1097560975609757,0.43902439024390244,1.7195121951219512,13.609756097560975,,82.0
195,921.0,36.205479452054796,0.5702328767123288,0.0,5.671232876712328,0.7714109589041095,2.6164383561643834,7.794520547945205,10.41095890410959,3.589041095890411,2.5342465753424657,0.8904109589041096,1.0684931506849316,2.6027397260273974,21.45205479452055,,73.0
196,922.0,23.160493827160494,0.4149230769230769,0.0,1.7037037037037037,0.6254310344827586,1.9135802469135803,3.308641975308642,5.222222222222222,0.7283950617283951,0.9012345679012346,0.654320987654321,1.962962962962963,2.506172839506173,7.135802469135802,,81.0
197,925.0,16.210526315789473,0.4128378378378379,0.1875,0.8157894736842105,0.9029411764705882,0.7631578947368421,1.9210526315789473,2.6842105263157894,1.0789473684210527,1.0789473684210527,0.42105263157894735,0.15789473684210525,1.5263157894736843,7.657894736842105,,38.0
198,926.0,30.036585365853657,0.41656097560975613,0.2686266666666666,1.8414634146341464,0.7631896551724138,2.1341463414634148,2.1341463414634148,4.2682926829268295,4.390243902439025,2.7195121951219514,2.5609756097560976,0.3902439024390244,3.207317073170732,12.317073170731707,,82.0
199,927.0,24.63888888888889,0.5190140845070422,0.0,2.5833333333333335,0.72284375,1.4722222222222223,2.638888888888889,4.111111111111111,1.6111111111111112,1.4166666666666667,0.6805555555555556,1.5277777777777777,3.0833333333333335,9.5,,72.0
200,929.0,18.61904761904762,0.38975609756097557,0.3585757575757576,1.5476190476190477,0.8567777777777777,0.7380952380952381,1.2142857142857142,1.9523809523809523,1.1428571428571428,1.0476190476190477,0.7619047619047619,0.09523809523809523,2.3095238095238093,8.452380952380953,,42.0
201,930.0,27.109756097560975,0.5204756097560975,0.0,2.3902439024390243,0.6950588235294117,2.158536585365854,4.914634146341464,7.073170731707317,1.5975609756097562,1.7073170731707317,0.7195121951219512,0.8414634146341463,3.3292682926829267,12.707317073170731,,82.0
202,934.0,33.95384615384615,0.49855384615384624,0.2246304347826087,4.615384615384615,0.7836271186440678,3.123076923076923,6.384615384615385,9.507692307692308,3.1538461538461537,3.8153846153846156,0.8307692307692308,1.5076923076923077,2.5846153846153848,19.83076923076923,,65.0
203,937.0,38.58536585365854,0.5109146341463414,0.20030769230769233,4.024390243902439,0.7416493506493508,2.2560975609756095,5.426829268292683,7.682926829268292,6.975609756097561,3.0853658536585367,1.8902439024390243,1.1341463414634145,2.951219512195122,20.975609756097562,,82.0
204,938.0,35.44303797468354,0.4827974683544304,0.0,4.6835443037974684,0.7334605263157894,3.8860759493670884,7.936708860759493,11.822784810126583,1.379746835443038,2.7341772151898733,0.5063291139240507,1.5316455696202531,3.518987341772152,16.40506329113924,,79.0
205,941.0,9.08695652173913,0.4456315789473684,0.0,1.173913043478261,0.8636363636363636,0.2608695652173913,0.6521739130434783,0.9130434782608695,1.4782608695652173,0.6086956521739131,0.6086956521739131,0.13043478260869565,0.5217391304347826,3.0,,23.0
206,1006.0,27.2,0.4081866666666667,0.16666666666666666,1.6533333333333333,0.7129423076923076,1.4133333333333333,4.64,6.053333333333334,1.2533333333333334,1.52,0.4666666666666667,1.3066666666666666,2.52,11.453333333333333,,75.0
207,1008.0,34.329268292682926,0.4284390243902439,0.3060172413793104,2.0,0.8886206896551723,0.5121951219512195,2.2560975609756095,2.768292682926829,6.914634146341464,2.231707317073171,1.0853658536585367,0.06097560975609756,1.9268292682926829,12.048780487804878,,82.0
208,1034.0,3.5517241379310347,0.4446,,0.3103448275862069,0.479125,0.41379310344827586,0.41379310344827586,0.8275862068965517,0.034482758620689655,0.3793103448275862,0.20689655172413793,0.3103448275862069,0.3793103448275862,1.4827586206896552,,29.0
209,1037.0,5.7894736842105265,0.5000625,,0.3684210526315789,0.6,0.42105263157894735,1.0526315789473684,1.4736842105263157,0.2631578947368421,0.5263157894736842,0.0,0.8947368421052632,1.1578947368421053,1.9473684210526316,,19.0
210,1054.0,10.576923076923077,0.48537209302325585,,0.9423076923076923,0.6313846153846154,0.8653846153846154,1.9230769230769231,2.7884615384615383,0.8653846153846154,0.9807692307692307,0.40384615384615385,0.3076923076923077,1.1346153846153846,4.480769230769231,,52.0
211,1063.0,31.0,0.417,0.5,1.0,0.5,0.0,0.0,0.0,1.0,1.0,1.0,0.0,3.0,12.0,,1.0
212,1068.0,8.483333333333333,0.4813846153846154,1.0,0.5,0.7450588235294118,0.36666666666666664,1.2333333333333334,1.6,0.4166666666666667,0.5166666666666667,0.16666666666666666,0.26666666666666666,2.05,1.95,,60.0
213,1080.0,13.323076923076924,0.36340000000000006,0.2488139534883721,0.9384615384615385,0.8,0.5384615384615384,1.1846153846153846,1.7230769230769232,0.38461538461538464,0.6615384615384615,0.24615384615384617,0.16923076923076924,1.4461538461538461,6.430769230769231,,65.0
214,1091.0,1.5,,,0.0,,0.0,0.5,0.5,0.0,0.0,0.0,0.0,0.0,0.0,,2.0
215,1101.0,5.325,0.3041666666666667,0.0,0.85,0.8095714285714285,0.5,0.725,1.225,0.3,0.45,0.1,0.125,1.05,2.2,,40.0
216,1106.0,20.745098039215687,0.47253061224489795,,1.9607843137254901,0.6156410256410256,2.3137254901960786,3.0784313725490198,5.392156862745098,0.7647058823529411,1.4705882352941178,0.49019607843137253,0.45098039215686275,2.5098039215686274,8.352941176470589,,51.0
217,1114.0,10.8,0.48075,,0.8,0.6666666666666666,1.0,1.0,2.0,0.6,0.8,0.4,0.0,1.4,5.2,,5.0
218,1122.0,38.11904761904762,0.4591666666666668,0.24439024390243902,7.0,0.8279761904761904,2.4523809523809526,4.571428571428571,7.023809523809524,3.761904761904762,2.9047619047619047,1.2380952380952381,0.5714285714285714,1.8333333333333333,28.071428571428573,,42.0
219,1123.0,20.541666666666668,0.4202,0.0,0.5555555555555556,0.5618064516129032,2.1666666666666665,3.4166666666666665,5.583333333333333,0.6111111111111112,0.8472222222222222,0.4166666666666667,0.7916666666666666,2.9444444444444446,3.1666666666666665,,72.0
220,1125.0,29.32894736842105,0.4998933333333333,0.0,2.473684210526316,0.779542372881356,2.4473684210526314,3.460526315789474,5.907894736842105,1.5789473684210527,1.4736842105263157,0.6710526315789473,0.5789473684210527,2.960526315789474,10.447368421052632,,76.0
221,1365.0,28.585365853658537,0.453280487804878,0.23810714285714285,1.670731707317073,0.7252203389830508,2.1463414634146343,3.4634146341463414,5.609756097560975,1.8170731707317074,1.7926829268292683,0.6951219512195121,0.2926829268292683,2.9390243902439024,13.71951219512195,,82.0
222,1429.0,9.333333333333334,0.4005769230769231,0.07142857142857142,0.6296296296296297,0.75,0.3333333333333333,0.6666666666666666,1.0,0.7407407407407407,0.3333333333333333,0.3333333333333333,0.07407407407407407,0.8148148148148148,3.5555555555555554,,27.0
223,1449.0,36.93333333333333,0.4642888888888889,0.41092499999999993,3.3333333333333335,0.9134857142857143,1.0222222222222221,8.622222222222222,9.644444444444444,6.8,2.7777777777777777,0.9333333333333333,0.7333333333333333,1.8222222222222222,20.177777777777777,,45.0
224,1450.0,24.964285714285715,0.49905357142857143,0.0,2.392857142857143,0.8118333333333334,2.125,3.767857142857143,5.892857142857143,1.4642857142857142,1.4642857142857142,0.19642857142857142,1.0535714285714286,2.0,13.928571428571429,,56.0
225,1453.0,16.108695652173914,0.4525652173913044,0.34615384615384615,1.7826086956521738,0.8941,0.43478260869565216,1.0869565217391304,1.5217391304347827,1.4782608695652173,0.9782608695652174,0.6304347826086957,0.021739130434782608,1.5,9.934782608695652,,46.0
226,1456.0,4.791666666666667,0.3974615384615384,,0.041666666666666664,0.5,0.041666666666666664,0.3333333333333333,0.375,0.4583333333333333,0.125,0.08333333333333333,0.0,0.16666666666666666,0.7083333333333334,,24.0
227,1460.0,39.03703703703704,0.44548148148148137,0.1635925925925926,3.074074074074074,0.8297391304347826,1.8148148148148149,3.8333333333333335,5.648148148148148,4.666666666666667,2.3518518518518516,1.4074074074074074,0.42592592592592593,1.6481481481481481,19.90740740740741,,54.0
228,1472.0,28.159420289855074,0.41189855072463766,0.32142857142857145,3.739130434782609,0.8143620689655172,1.2463768115942029,4.565217391304348,5.811594202898551,2.0579710144927534,1.4927536231884058,0.8260869565217391,0.5362318840579711,2.8405797101449277,16.347826086956523,,69.0
229,1474.0,23.39240506329114,0.4381518987341772,0.0,1.6075949367088607,0.7277777777777777,1.6582278481012658,3.7721518987341773,5.430379746835443,1.4430379746835442,1.4556962025316456,0.6835443037974683,0.1518987341772152,2.759493670886076,9.025316455696203,,79.0
230,1479.0,21.74390243902439,0.44214634146341475,0.0,2.317073170731707,0.6675692307692307,2.2804878048780486,3.524390243902439,5.804878048780488,0.9878048780487805,1.2804878048780488,0.5121951219512195,0.4146341463414634,2.3902439024390243,7.7073170731707314,,82.0
231,1489.0,37.11538461538461,0.44510256410256416,0.2,3.6025641025641026,0.7570416666666665,1.9102564102564104,6.217948717948718,8.128205128205128,4.32051282051282,2.7948717948717947,1.7307692307692308,1.6923076923076923,2.628205128205128,17.128205128205128,,78.0
232,1593.0,19.430555555555557,0.46788732394366195,0.0,0.875,0.6542285714285714,2.013888888888889,3.75,5.763888888888889,0.6388888888888888,0.8611111111111112,0.5277777777777778,0.7083333333333334,2.8472222222222223,6.569444444444445,,72.0
233,1622.0,28.08,0.4158266666666667,0.2546981132075472,1.4666666666666666,0.7185217391304348,1.9866666666666666,4.253333333333333,6.24,2.92,1.5333333333333334,0.64,0.4,2.4,9.026666666666667,,75.0
234,1628.0,8.534883720930232,0.5588928571428571,,0.37209302325581395,0.5884615384615385,0.6976744186046512,1.0232558139534884,1.7209302325581395,0.16279069767441862,0.4418604651162791,0.11627906976744186,0.6511627906976745,1.697674418604651,2.511627906976744,,43.0
235,1631.0,1.0,,,0.0,,0.0,0.0,0.0,0.0,0.0,0.0,0.0,0.0,0.0,,1.0
236,1667.0,7.72,0.33028205128205124,0.46026923076923076,0.46,0.7692307692307693,0.34,0.48,0.82,1.64,0.8,0.3,0.02,1.0,3.0,,50.0
237,1680.0,8.205882352941176,0.3198709677419355,0.0,0.4411764705882353,0.605,0.29411764705882354,0.5882352941176471,0.8823529411764706,0.5882352941176471,0.7058823529411765,0.29411764705882354,0.058823529411764705,0.9705882352941176,2.3823529411764706,,34.0
238,1683.0,6.0,0.2,,0.0,,2.0,0.0,2.0,1.0,1.0,0.0,0.0,3.0,2.0,,1.0
239,1819.0,8.214285714285714,0.46596875,,0.7380952380952381,0.5021578947368421,0.9047619047619048,0.9523809523809523,1.8571428571428572,0.2857142857142857,0.7619047619047619,0.14285714285714285,0.09523809523809523,0.9523809523809523,2.7857142857142856,,42.0
240,1821.0,8.166666666666666,0.4398260869565217,0.2,0.5925925925925926,0.73335,0.7222222222222222,0.5925925925925926,1.3148148148148149,0.6111111111111112,0.46296296296296297,0.2222222222222222,0.05555555555555555,0.7222222222222222,3.1666666666666665,,54.0
241,1839.0,15.707692307692307,0.3816229508196722,0.08068421052631579,1.9076923076923078,0.7551190476190476,1.476923076923077,2.1538461538461537,3.6307692307692307,0.47692307692307695,1.0461538461538462,0.47692307692307695,0.3384615384615385,2.4153846153846152,6.430769230769231,,65.0
242,1847.0,25.047619047619047,0.41534523809523816,0.0,2.5595238095238093,0.7974057971014493,1.4523809523809523,4.321428571428571,5.773809523809524,0.9285714285714286,1.2857142857142858,0.4166666666666667,1.3928571428571428,1.9047619047619047,11.321428571428571,,84.0
243,1855.0,30.31578947368421,0.3706052631578947,0.10604545454545455,1.7763157894736843,0.7356538461538461,1.0526315789473684,1.8421052631578947,2.8947368421052633,2.210526315789474,2.039473684210526,2.026315789473684,0.18421052631578946,3.1842105263157894,10.592105263157896,,76.0
244,1861.0,15.023809523809524,0.452225,0.35,0.7857142857142857,0.6798421052631579,0.38095238095238093,0.7142857142857143,1.0952380952380953,2.6666666666666665,1.380952380952381,0.5714285714285714,0.07142857142857142,1.380952380952381,5.785714285714286,,42.0
245,1874.0,9.75,0.38808333333333334,,0.5833333333333334,0.8333333333333334,0.75,1.4166666666666667,2.1666666666666665,0.75,0.4166666666666667,0.4166666666666667,0.25,1.25,3.9166666666666665,,12.0
246,1972.0,10.8,0.4348636363636364,0.125,1.28,0.8140769230769231,0.24,0.8,1.04,1.28,1.12,0.52,0.04,0.92,4.24,,25.0
247,2349.0,16.875,0.5187733333333333,0.0,1.2875,0.70775,1.325,2.875,4.2,0.4,1.1375,0.5625,0.775,2.2,7.3625,,80.0
248,76001.0,13.154929577464788,0.4811911764705883,,1.0704225352112675,0.732,1.1408450704225352,2.5211267605633805,3.6619718309859155,0.4225352112676056,0.9295774647887324,0.352112676056338,0.23943661971830985,1.8591549295774648,6.084507042253521,,71.0
249,76009.0,13.617647058823529,0.4781111111111111,0.3333333333333333,0.75,0.7323636363636364,1.4264705882352942,2.2794117647058822,3.7058823529411766,0.3235294117647059,0.4852941176470588,0.36764705882352944,0.22058823529411764,2.0588235294117645,3.0588235294117645,,68.0
250,76016.0,21.093333333333334,0.4179189189189189,0.1793478260869565,2.1066666666666665,0.6823750000000002,0.8933333333333333,2.2533333333333334,3.1466666666666665,1.68,1.4,0.68,0.14666666666666667,2.28,11.346666666666666,,75.0
251,76017.0,19.691358024691358,0.44311249999999996,0.34475641025641024,1.3333333333333333,0.8344878048780487,0.49382716049382713,1.3333333333333333,1.8271604938271604,2.493827160493827,0.8641975308641975,0.9012345679012346,0.14814814814814814,1.8271604938271604,9.679012345679013,,81.0
252,76046.0,29.658536585365855,0.46012195121951227,0.36050877192982456,1.7439024390243902,0.8598620689655172,1.170731707317073,2.2195121951219514,3.3902439024390243,1.646341463414634,1.329268292682927,1.048780487804878,0.13414634146341464,1.5609756097560976,13.695121951219512,,82.0
253,76050.0,4.5,0.302125,,0.5,0.8333333333333334,0.2,0.4,0.6,0.2,0.3,0.0,0.0,0.7,2.1,,10.0
254,76079.0,3.888888888888889,0.59375,,0.6666666666666666,0.6666666666666666,0.2222222222222222,1.0,1.2222222222222223,0.6666666666666666,0.5555555555555556,0.1111111111111111,0.0,0.0,2.0,,9.0
255,76082.0,23.863013698630137,0.4300555555555556,0.22989655172413792,0.9315068493150684,0.6713055555555556,0.5205479452054794,1.6849315068493151,2.2054794520547945,6.575342465753424,2.0273972602739727,0.7808219178082192,0.0547945205479452,1.6849315068493151,7.178082191780822,,73.0
256,76097.0,1.0,,,0.0,,1.0,0.0,1.0,0.0,0.0,0.0,0.0,0.0,0.0,,1.0
257,76123.0,5.75,0.5833333333333334,0.0,0.625,0.8333333333333334,0.25,0.75,1.0,0.25,0.25,0.125,0.125,0.625,2.0,,16.0
258,76138.0,11.34375,0.4971851851851852,0.0,0.4375,0.6785714285714286,0.75,1.21875,1.96875,0.375,0.46875,0.1875,0.5625,1.75,3.5625,,32.0
259,76152.0,15.425925925925926,0.36707407407407405,0.0,0.6481481481481481,0.6298421052631579,1.1666666666666667,1.8333333333333333,3.0,0.7037037037037037,0.6111111111111112,0.35185185185185186,0.16666666666666666,2.259259259259259,3.611111111111111,,54.0
260,76176.0,33.693333333333335,0.4526133333333333,0.33895312499999997,3.1866666666666665,0.8836935483870968,1.04,2.1466666666666665,3.1866666666666665,2.72,2.04,0.6666666666666666,0.29333333333333333,1.7866666666666666,18.32,,75.0
261,76183.0,4.395348837209302,0.44999999999999996,0.3333333333333333,0.18604651162790697,0.79175,0.20930232558139536,0.3023255813953488,0.5116279069767442,0.4418604651162791,0.32558139534883723,0.32558139534883723,0.023255813953488372,0.6046511627906976,1.4883720930232558,,43.0
262,76195.0,17.845070422535212,0.36250943396226415,0.0,0.16901408450704225,0.4791666666666667,0.7605633802816901,2.3661971830985915,3.1267605633802815,0.30985915492957744,0.5774647887323944,0.15492957746478872,2.887323943661972,1.9577464788732395,1.5492957746478873,,71.0
263,76217.0,30.690140845070424,0.43367605633802814,0.31665,2.9859154929577465,0.7440172413793105,2.859154929577465,5.28169014084507,8.140845070422536,2.619718309859155,2.112676056338028,0.5774647887323944,1.6901408450704225,2.9859154929577465,14.95774647887324,,71.0
264,76247.0,17.55223880597015,0.4603846153846154,0.0,0.6119402985074627,0.5197777777777778,1.462686567164179,2.7313432835820897,4.1940298507462686,1.328358208955224,0.6119402985074627,0.40298507462686567,1.4776119402985075,1.7462686567164178,5.417910447761194,,67.0
265,76265.0,7.297297297297297,0.4037428571428571,0.2,0.4594594594594595,0.8055555555555556,0.35135135135135137,0.7027027027027027,1.054054054054054,0.2972972972972973,0.4864864864864865,0.21621621621621623,0.05405405405405406,0.5135135135135135,2.8378378378378377,,37.0
266,76268.0,11.491228070175438,0.39755769230769233,0.2602258064516129,0.8421052631578947,0.7438148148148147,0.5614035087719298,0.9122807017543859,1.4736842105263157,0.8421052631578947,0.6140350877192983,0.5263157894736842,0.08771929824561403,1.4385964912280702,4.754385964912281,,57.0
267,76277.0,5.75,0.625,0.25,0.0,,0.0,0.75,0.75,1.5,1.0,0.25,0.0,0.5,2.25,,4.0
268,76316.0,11.64516129032258,0.40989655172413786,0.16666666666666666,1.2258064516129032,0.7632,0.3225806451612903,0.7741935483870968,1.096774193548387,1.903225806451613,1.064516129032258,0.5161290322580645,0.12903225806451613,1.8709677419354838,6.032258064516129,,31.0
269,76332.0,8.285714285714286,0.1805,0.3333333333333333,0.2857142857142857,0.75,0.14285714285714285,0.5714285714285714,0.7142857142857143,1.7142857142857142,0.7142857142857143,0.14285714285714285,0.0,1.1428571428571428,1.5714285714285714,,7.0
270,76338.0,31.294871794871796,0.4480897435897437,0.2962962962962963,3.076923076923077,0.7828253968253969,1.8076923076923077,1.858974358974359,3.6666666666666665,2.9358974358974357,2.1153846153846154,1.0769230769230769,0.3974358974358974,2.641025641025641,16.756410256410255,,78.0
271,76362.0,22.984375,0.458984375,,1.5,0.5723333333333334,1.453125,3.609375,5.0625,1.359375,1.171875,0.34375,0.21875,2.046875,8.0,,64.0
272,76385.0,19.392857142857142,0.47655357142857147,0.5,0.4642857142857143,0.6,0.5178571428571429,1.1785714285714286,1.6964285714285714,3.3035714285714284,0.6428571428571429,1.4821428571428572,0.0,1.3035714285714286,4.625,,56.0
273,76431.0,17.530864197530864,0.4115890410958904,0.0,1.0,0.7361000000000001,0.7777777777777778,1.4938271604938271,2.271604938271605,3.6296296296296298,0.9753086419753086,1.1975308641975309,0.12345679012345678,1.0617283950617284,3.54320987654321,,81.0
274,76433.0,5.2272727272727275,0.6758181818181818,,0.18181818181818182,0.625,0.5909090909090909,0.9545454545454546,1.5454545454545454,0.09090909090909091,0.13636363636363635,0.22727272727272727,0.18181818181818182,0.45454545454545453,1.5454545454545454,,22.0
275,76441.0,9.82857142857143,0.35172413793103446,,0.2,0.5278333333333333,1.0857142857142856,1.8,2.8857142857142857,0.6,0.42857142857142855,0.11428571428571428,0.7714285714285715,1.6285714285714286,2.2,,35.0
276,76446.0,4.0,0.5513750000000001,,0.12121212121212122,0.3332857142857143,0.42424242424242425,0.6666666666666666,1.0909090909090908,0.09090909090909091,0.24242424242424243,0.06060606060606061,0.18181818181818182,0.8787878787878788,1.4545454545454546,,33.0
277,76448.0,4.8,0.31542857142857145,0.0,0.2,1.0,0.1,0.6,0.7,0.5,0.4,0.2,0.0,0.5,1.6,,10.0
278,76450.0,14.529411764705882,0.39135416666666667,0.24074074074074073,1.7843137254901962,0.8762000000000001,0.35294117647058826,1.1764705882352942,1.5294117647058822,2.764705882352941,1.4509803921568627,0.8823529411764706,0.0392156862745098,1.8431372549019607,5.0,,51.0
279,76482.0,6.431372549019608,0.39161904761904764,0.44447619047619047,0.29411764705882354,0.85,0.3137254901960784,0.49019607843137253,0.803921568627451,0.3333333333333333,0.2549019607843137,0.13725490196078433,0.0392156862745098,0.6862745098039216,2.235294117647059,,51.0
280,76497.0,8.909090909090908,0.23688888888888884,0.0,1.1818181818181819,0.8055,0.18181818181818182,0.9090909090909091,1.0909090909090908,0.36363636363636365,0.9090909090909091,0.45454545454545453,0.09090909090909091,0.5454545454545454,2.8181818181818183,,11.0
281,76516.0,13.0,0.46896296296296297,0.3076923076923077,0.3333333333333333,0.770875,0.12121212121212122,0.8787878787878788,1.0,2.0,0.8181818181818182,0.3333333333333333,0.09090909090909091,1.7272727272727273,2.787878787878788,,33.0
282,76583.0,18.53448275862069,0.45085185185185184,,1.0517241379310345,0.7410714285714286,1.706896551724138,3.2758620689655173,4.982758620689655,0.5689655172413793,0.8275862068965517,0.13793103448275862,0.8448275862068966,1.7758620689655173,4.913793103448276,,58.0
283,76631.0,24.97530864197531,0.4830526315789474,,0.6419753086419753,0.54478125,1.8518518518518519,4.209876543209877,6.061728395061729,0.49382716049382713,0.7407407407407407,0.4444444444444444,2.5308641975308643,2.950617283950617,3.2839506172839505,,81.0
284,76635.0,3.25,0.17766666666666667,,0.0,,0.0,0.25,0.25,0.0,0.0,0.0,0.0,0.75,1.0,,4.0
285,76672.0,20.555555555555557,0.3999259259259259,0.16666666666666666,1.8271604938271604,0.8462592592592593,0.9135802469135802,1.1604938271604939,2.074074074074074,1.7654320987654322,1.0987654320987654,0.3950617283950617,0.1111111111111111,1.9753086419753085,10.938271604938272,,81.0
286,76703.0,5.147058823529412,0.45982142857142855,,0.47058823529411764,0.8452857142857143,0.6176470588235294,1.1764705882352942,1.7941176470588236,0.17647058823529413,0.5588235294117647,0.058823529411764705,0.08823529411764706,0.6470588235294118,2.411764705882353,,34.0
287,76726.0,20.26829268292683,0.351280487804878,0.25893442622950824,1.646341463414634,0.7892291666666665,0.4146341463414634,1.4146341463414633,1.829268292682927,2.9146341463414633,1.5609756097560976,0.6951219512195121,0.25609756097560976,1.5609756097560976,9.073170731707316,,82.0
288,76748.0,14.0,0.5367777777777777,,1.0,0.6666666666666666,0.8,1.8,2.6,0.8,0.5,0.5,0.4,2.4,4.6,,10.0
289,76752.0,12.909090909090908,0.3890166666666667,0.25,0.9545454545454546,0.6243870967741935,1.1363636363636365,1.0454545454545454,2.1818181818181817,1.0757575757575757,0.8787878787878788,0.6060606060606061,0.3939393939393939,1.378787878787879,5.893939393939394,,66.0
290,76782.0,28.32051282051282,0.4344615384615385,0.3541666666666667,2.1923076923076925,0.8408928571428572,0.8589743589743589,1.5769230769230769,2.4358974358974357,5.269230769230769,2.2435897435897436,1.2564102564102564,0.28205128205128205,2.641025641025641,10.846153846153847,,78.0
291,76790.0,13.725,0.3957714285714286,0.25,0.45,0.6923076923076923,0.3,1.1,1.4,2.45,1.1,0.9,0.1,1.35,3.425,,40.0
292,76801.0,14.814285714285715,0.4467343750000001,0.16666666666666666,1.2428571428571429,0.8309428571428571,0.5142857142857142,0.9857142857142858,1.5,2.3142857142857145,1.1714285714285715,0.5857142857142857,0.04285714285714286,1.4,5.9714285714285715,,70.0
293,76821.0,24.293333333333333,0.40098666666666666,0.25,1.0266666666666666,0.5973720930232558,1.4266666666666667,2.04,3.466666666666667,2.3333333333333335,1.3733333333333333,0.88,0.4,2.28,11.453333333333333,,75.0
294,76826.0,14.257142857142858,0.4237714285714286,0.25,0.6,0.7436153846153846,1.0571428571428572,2.3142857142857145,3.3714285714285714,0.8857142857142857,0.5714285714285714,0.3142857142857143,0.4857142857142857,1.0571428571428572,5.771428571428571,,35.0
295,76827.0,2.0,,,0.0,,0.0,0.0,0.0,0.0,0.0,0.0,0.0,0.0,0.0,,1.0
296,76842.0,22.025641025641026,0.4073589743589744,0.3725438596491228,1.6153846153846154,0.7597755102040817,0.9230769230769231,2.0384615384615383,2.9615384615384617,2.2435897435897436,1.1666666666666667,1.2307692307692308,0.2692307692307692,2.4743589743589745,10.14102564102564,,78.0
297,76874.0,14.115384615384615,0.4238260869565218,0.16666666666666666,0.5,0.75,0.11538461538461539,0.8076923076923077,0.9230769230769231,2.6153846153846154,0.6923076923076923,0.6538461538461539,0.038461538461538464,1.0769230769230769,4.076923076923077,,26.0
298,76875.0,7.314285714285714,0.31042424242424244,0.16666666666666666,0.42857142857142855,0.5063846153846154,0.6285714285714286,0.5714285714285714,1.2,0.6285714285714286,0.7714285714285715,0.37142857142857144,0.17142857142857143,0.8857142857142857,4.0285714285714285,,35.0
299,76876.0,14.0875,0.4078266666666667,,0.9125,0.8275555555555556,1.15,3.125,4.275,0.45,0.775,0.3625,0.1375,1.85,4.5875,,80.0
300,76942.0,11.897058823529411,0.4248852459016393,0.23809523809523808,0.11764705882352941,0.425,0.25,0.8823529411764706,1.1323529411764706,1.0147058823529411,0.4117647058823529,0.39705882352941174,0.04411764705882353,1.9705882352941178,2.5441176470588234,,68.0
301,76968.0,10.525,0.2972,0.0,0.6,0.8999999999999999,0.75,1.7,2.45,0.65,0.55,0.25,0.375,1.4,1.45,,40.0
302,76993.0,6.0,0.3140769230769231,0.4166666666666667,0.5625,0.76,0.0625,0.4375,0.5,0.625,0.5,0.1875,0.0,0.75,2.25,,16.0
303,77019.0,21.4,0.4044583333333333,0.2952916666666667,1.92,0.7922666666666667,1.2,2.2,3.4,0.88,0.6,0.6,0.52,3.0,10.2,,25.0
304,77034.0,9.910714285714286,0.3394230769230769,0.33402439024390246,0.2857142857142857,0.96875,0.125,0.30357142857142855,0.42857142857142855,0.9642857142857143,0.39285714285714285,0.25,0.017857142857142856,0.5892857142857143,4.25,,56.0
305,77053.0,3.6363636363636362,0.25,,0.45454545454545453,0.5,0.09090909090909091,0.8181818181818182,0.9090909090909091,0.18181818181818182,0.2727272727272727,0.0,0.0,0.5454545454545454,0.8181818181818182,,11.0
306,77054.0,18.507042253521128,0.45544117647058824,0.21425714285714284,2.5211267605633805,0.6800476190476189,1.4788732394366197,1.4225352112676057,2.9014084507042255,1.4366197183098592,1.408450704225352,0.9436619718309859,0.5492957746478874,1.619718309859155,10.464788732394366,,71.0
307,77065.0,11.777777777777779,0.49364,0.5,0.8148148148148148,0.7272727272727273,0.6296296296296297,1.2592592592592593,1.8888888888888888,0.5185185185185185,0.5555555555555556,0.4074074074074074,0.2962962962962963,2.037037037037037,4.851851851851852,,27.0
308,77081.0,31.845070422535212,0.4604366197183099,0.27341935483870966,2.7464788732394365,0.7972857142857143,0.6197183098591549,1.971830985915493,2.591549295774648,6.563380281690141,2.084507042253521,1.676056338028169,0.18309859154929578,2.9577464788732395,13.95774647887324,,71.0
309,77083.0,1.0,,,0.0,,0.0,0.0,0.0,0.0,0.0,0.0,0.0,0.0,0.0,,1.0
310,77098.0,24.615384615384617,0.44698039215686275,0.37658536585365854,2.0576923076923075,0.8218125000000001,0.5192307692307693,1.3653846153846154,1.8846153846153846,3.730769230769231,1.7692307692307692,0.6346153846153846,0.019230769230769232,1.5192307692307692,9.346153846153847,,52.0
311,77114.0,7.875,0.35328888888888893,0.27380952380952384,0.5208333333333334,0.9375,0.4583333333333333,0.4375,0.8958333333333334,0.6875,0.5,0.3541666666666667,0.0,0.8125,3.9791666666666665,,48.0
312,77129.0,2.806451612903226,0.3333529411764706,0.0,0.22580645161290322,0.5833333333333334,0.3870967741935484,0.5806451612903226,0.967741935483871,0.03225806451612903,0.0967741935483871,0.03225806451612903,0.16129032258064516,0.5483870967741935,0.8064516129032258,,31.0
313,77130.0,27.525,0.44350000000000006,0.1111111111111111,1.3,0.7134807692307692,1.1875,2.7125,3.9,1.975,1.3,0.9,0.6125,2.925,8.5625,,80.0
314,77167.0,22.5,0.3893833333333333,0.2771142857142857,0.9166666666666666,0.5787222222222222,1.1166666666666667,1.9166666666666667,3.033333333333333,2.4166666666666665,1.2333333333333334,0.6833333333333333,0.23333333333333334,1.55,7.966666666666667,,60.0
315,77251.0,15.545454545454545,0.38871621621621627,,1.2207792207792207,0.79925,1.4805194805194806,2.5974025974025974,4.077922077922078,0.44155844155844154,0.7532467532467533,0.22077922077922077,0.4155844155844156,2.4025974025974026,5.324675324675325,,77.0
316,77260.0,8.147058823529411,0.4231379310344828,0.28125,0.5882352941176471,0.6444666666666666,0.38235294117647056,0.5588235294117647,0.9411764705882353,0.5,0.4411764705882353,0.29411764705882354,0.17647058823529413,1.088235294117647,3.2941176470588234,,34.0
317,77263.0,9.833333333333334,0.3073333333333333,0.2,1.1666666666666667,0.9165,0.16666666666666666,1.6666666666666667,1.8333333333333333,0.8333333333333334,0.3333333333333333,0.5,0.0,1.1666666666666667,5.166666666666667,,6.0
318,77294.0,5.431818181818182,0.4843793103448276,0.1,0.3409090909090909,0.5151818181818182,0.13636363636363635,0.45454545454545453,0.5909090909090909,1.1590909090909092,0.45454545454545453,0.045454545454545456,0.045454545454545456,0.5909090909090909,1.5,,44.0
319,77335.0,12.642857142857142,0.37672727272727274,,0.6428571428571429,0.3566,2.2857142857142856,2.4285714285714284,4.714285714285714,1.2142857142857142,1.0,0.14285714285714285,0.07142857142857142,2.0,2.642857142857143,,14.0
320,77358.0,6.673913043478261,0.47377142857142857,0.30415000000000003,0.21739130434782608,0.5815714285714285,0.3695652173913043,0.391304347826087,0.7608695652173914,0.4782608695652174,0.2608695652173913,0.2391304347826087,0.021739130434782608,0.8478260869565217,2.608695652173913,,46.0
321,77370.0,2.6,0.75,,0.4,1.0,0.6,0.4,1.0,0.2,0.2,0.2,0.0,0.6,2.0,,5.0
322,77372.0,11.483870967741936,0.367037037037037,0.28488,0.6129032258064516,0.7777777777777778,0.1774193548387097,0.8387096774193549,1.0161290322580645,2.306451612903226,0.6774193548387096,0.5,0.04838709677419355,0.9354838709677419,3.725806451612903,,62.0
323,77376.0,28.516129032258064,0.37348387096774194,0.33399999999999996,1.935483870967742,0.75,1.8064516129032258,3.3870967741935485,5.193548387096774,3.4516129032258065,1.1612903225806452,1.4838709677419355,0.3870967741935484,2.3548387096774195,11.193548387096774,,31.0
324,77377.0,12.91139240506329,0.46553623188405796,0.2,0.759493670886076,0.6542285714285714,1.379746835443038,1.4936708860759493,2.8734177215189876,0.8354430379746836,0.5316455696202531,0.34177215189873417,0.569620253164557,1.6962025316455696,3.9367088607594938,,79.0
325,77384.0,37.4390243902439,0.4990121951219513,0.29411764705882354,3.5609756097560976,0.8606027397260274,1.4268292682926829,3.3780487804878048,4.804878048780488,2.2560975609756095,1.6585365853658536,1.524390243902439,1.2804878048780488,3.1463414634146343,20.76829268292683,,82.0
326,77386.0,20.36,0.4019577464788733,0.32455263157894737,1.7466666666666666,0.67688,1.92,2.1866666666666665,4.1066666666666665,0.7733333333333333,1.2,0.88,0.38666666666666666,2.2133333333333334,9.306666666666667,,75.0
327,77387.0,17.294117647058822,0.43086153846153846,0.1111111111111111,1.4558823529411764,0.850027027027027,0.5294117647058824,1.2058823529411764,1.7352941176470589,1.088235294117647,1.0588235294117647,0.6323529411764706,0.17647058823529413,1.911764705882353,6.5588235294117645,,68.0
328,77426.0,14.89090909090909,0.4276274509803922,0.375,0.6363636363636364,0.7361111111111112,0.5454545454545454,1.0,1.5454545454545454,1.509090909090909,0.8,0.6727272727272727,0.16363636363636364,1.9454545454545455,4.072727272727272,,55.0
329,77449.0,30.621951219512194,0.46698780487804875,0.375,4.829268292682927,0.7494177215189873,3.902439024390244,5.170731707317073,9.073170731707316,1.1341463414634145,1.829268292682927,0.9024390243902439,0.7804878048780488,1.6585365853658536,15.597560975609756,,82.0
330,77493.0,10.625,0.3172608695652174,0.35183333333333333,1.0,0.638923076923077,0.125,0.5416666666666666,0.6666666666666666,1.4583333333333333,1.2916666666666667,0.6666666666666666,0.08333333333333333,1.7083333333333333,4.125,,24.0
331,77496.0,16.0,0.394,0.3,1.0,1.0,0.5,0.5,1.0,0.5,1.5,0.0,0.0,2.0,8.5,,2.0
332,77516.0,4.909090909090909,0.42000000000000004,,0.6363636363636364,0.7,0.6363636363636364,0.9090909090909091,1.5454545454545454,0.4090909090909091,0.36363636363636365,0.09090909090909091,0.0,0.8181818181818182,1.9090909090909092,,22.0
333,77545.0,4.5,0.25,,0.0,,0.0,0.5,0.5,0.0,0.0,0.0,0.0,0.5,2.0,,2.0
334,77628.0,8.236842105263158,0.3419677419354839,0.19446666666666665,0.5,0.8333333333333334,0.3157894736842105,0.5526315789473685,0.868421052631579,0.7105263157894737,0.6052631578947368,0.3157894736842105,0.05263157894736842,0.5,3.4473684210526314,,38.0
335,77674.0,9.127659574468085,0.4559166666666667,0.5,0.40425531914893614,0.5448461538461539,0.7659574468085106,1.574468085106383,2.3404255319148937,0.23404255319148937,0.3829787234042553,0.19148936170212766,0.1702127659574468,0.851063829787234,2.0851063829787235,,47.0
336,77685.0,35.55555555555556,0.5329753086419753,0.0,3.246913580246914,0.8232083333333333,2.6296296296296298,5.6419753086419755,8.271604938271604,2.8641975308641974,1.0740740740740742,0.9876543209876543,3.0,2.4691358024691357,16.97530864197531,,81.0
337,77697.0,9.711538461538462,0.49510256410256415,0.32529032258064516,0.3076923076923077,0.6334,0.4807692307692308,1.6538461538461537,2.1346153846153846,0.7115384615384616,0.3269230769230769,0.3076923076923077,0.038461538461538464,0.8653846153846154,3.076923076923077,,52.0
338,77707.0,2.25,0.25,,0.0,,0.0,0.25,0.25,0.25,0.75,0.0,0.0,0.5,0.5,,4.0
339,77785.0,4.0,0.2735,,0.4,0.8,0.4,0.35,0.75,0.15,0.1,0.25,0.2,0.55,1.3,,20.0
340,77820.0,24.632911392405063,0.5054050632911391,0.23038235294117648,0.3670886075949367,0.7727272727272727,0.26582278481012656,0.9493670886075949,1.2151898734177216,3.050632911392405,0.5569620253164557,0.620253164556962,0.11392405063291139,1.7974683544303798,7.025316455696203,,79.0
341,77822.0,7.204081632653061,0.3964594594594595,0.36669999999999997,0.1836734693877551,0.6945,0.2653061224489796,0.8367346938775511,1.1020408163265305,0.3469387755102041,0.3877551020408163,0.32653061224489793,0.16326530612244897,0.6938775510204082,2.938775510204082,,49.0
342,77839.0,6.2592592592592595,0.4222222222222222,0.0,0.25925925925925924,0.75,0.4444444444444444,1.2222222222222223,1.6666666666666667,0.3333333333333333,0.18518518518518517,0.18518518518518517,0.2222222222222222,1.2962962962962963,1.5925925925925926,,27.0
343,77845.0,36.91463414634146,0.5042317073170731,0.389746835443038,2.8292682926829267,0.771686567164179,1.1829268292682926,1.9634146341463414,3.1463414634146343,3.073170731707317,2.6219512195121952,1.2804878048780488,0.13414634146341464,3.024390243902439,20.621951219512194,,82.0
344,77872.0,5.2,0.5625,0.0,0.2,0.5,0.4,0.6,1.0,0.6,0.8,0.4,0.2,1.0,1.4,,5.0
345,77879.0,13.553571428571429,0.3566326530612245,0.125,0.5,0.654,0.39285714285714285,1.3035714285714286,1.6964285714285714,2.5357142857142856,1.1428571428571428,0.5178571428571429,0.3392857142857143,1.5357142857142858,2.6964285714285716,,56.0
346,77893.0,8.35897435897436,0.28643750000000007,0.24736842105263154,0.41025641025641024,0.6136363636363636,0.41025641025641024,0.8974358974358975,1.3076923076923077,0.3076923076923077,0.41025641025641024,0.41025641025641024,0.20512820512820512,0.8205128205128205,2.948717948717949,,39.0
347,77905.0,13.607142857142858,0.37716,,0.5,0.75,0.8214285714285714,2.9642857142857144,3.7857142857142856,1.3214285714285714,0.8928571428571429,0.42857142857142855,0.5,1.6428571428571428,3.2142857142857144,,28.0
348,77946.0,25.195652173913043,0.3677608695652174,0.13723529411764707,3.4347826086956523,0.8487297297297297,1.0217391304347827,2.217391304347826,3.239130434782609,3.282608695652174,2.0869565217391304,1.3695652173913044,0.3695652173913043,1.5,12.065217391304348,,46.0
349,77970.0,8.133333333333333,0.2380909090909091,0.0,0.6666666666666666,0.9,0.6666666666666666,0.6,1.2666666666666666,1.4,1.1333333333333333,0.4666666666666667,0.06666666666666667,0.9333333333333333,2.0,,15.0
350,77986.0,8.666666666666666,0.40599999999999997,0.0,0.7777777777777778,0.875,0.7777777777777778,1.3333333333333333,2.111111111111111,1.0,0.7777777777777778,0.5555555555555556,0.0,0.4444444444444444,3.2222222222222223,,9.0
351,78014.0,11.813559322033898,0.5036944444444443,,0.4406779661016949,0.8571428571428571,1.0338983050847457,1.8644067796610169,2.8983050847457625,0.2542372881355932,0.3050847457627119,0.23728813559322035,1.0508474576271187,1.4406779661016949,2.0,,59.0
352,78035.0,8.276923076923078,0.3572833333333333,0.19608823529411765,0.49230769230769234,0.7708125,0.23076923076923078,0.6,0.8307692307692308,1.676923076923077,0.7538461538461538,0.23076923076923078,0.015384615384615385,0.9846153846153847,2.9692307692307693,,65.0
353,78041.0,16.076923076923077,0.49050000000000005,,0.8461538461538461,0.6785714285714286,1.2307692307692308,2.3846153846153846,3.6153846153846154,0.38461538461538464,1.5384615384615385,0.5384615384615384,0.3076923076923077,3.4615384615384617,3.923076923076923,,13.0
354,78055.0,10.8,0.2617,0.0,0.4,0.625,1.1,1.9,3.0,0.4,1.0,0.3,0.8,1.4,2.2,,10.0
355,78059.0,20.419354838709676,0.5314814814814816,0.5,1.1612903225806452,0.7726428571428572,0.8709677419354839,2.225806451612903,3.096774193548387,1.7096774193548387,0.7096774193548387,0.7741935483870968,0.3225806451612903,2.6774193548387095,7.129032258064516,,31.0
356,78110.0,5.255813953488372,0.4534074074074074,0.0,0.46511627906976744,0.7592222222222222,0.3488372093023256,0.627906976744186,0.9767441860465116,0.32558139534883723,0.3488372093023256,0.023255813953488372,0.23255813953488372,0.46511627906976744,2.372093023255814,,43.0
357,78194.0,14.75,0.40513636363636363,0.08886666666666666,0.9375,0.81,0.625,1.0625,1.6875,2.0625,1.3125,0.9166666666666666,0.020833333333333332,2.0416666666666665,5.145833333333333,,48.0
358,78195.0,17.77777777777778,0.5087435897435898,0.0,0.08888888888888889,0.45,2.3777777777777778,3.311111111111111,5.688888888888889,0.7333333333333333,0.9777777777777777,0.4666666666666667,0.15555555555555556,2.688888888888889,2.311111111111111,,45.0
359,78198.0,15.945454545454545,0.32447999999999994,0.35294117647058826,1.2727272727272727,0.77524,0.7272727272727273,1.3818181818181818,2.109090909090909,1.0363636363636364,1.1272727272727272,0.6545454545454545,0.23636363636363636,1.5454545454545454,5.636363636363637,,55.0
360,78273.0,4.25,0.3125,0.0,0.5,0.5,0.25,0.0,0.25,0.25,0.5,0.25,0.25,0.5,2.5,,4.0
361,78279.0,2.6666666666666665,0.333,1.0,0.0,,0.0,0.0,0.0,0.6666666666666666,0.0,0.0,0.0,0.6666666666666666,1.0,,3.0
362,78304.0,19.536585365853657,0.4068292682926829,0.25,1.8414634146341464,0.7383898305084745,1.1097560975609757,1.1219512195121952,2.231707317073171,1.3780487804878048,1.3902439024390243,0.8048780487804879,0.10975609756097561,1.8048780487804879,10.731707317073171,,82.0
363,78316.0,4.333333333333333,0.3112,0.10253846153846154,0.2777777777777778,0.75,0.16666666666666666,0.4444444444444444,0.6111111111111112,0.6111111111111112,0.4722222222222222,0.1111111111111111,0.027777777777777776,0.5555555555555556,1.3333333333333333,,36.0
364,78318.0,37.41025641025641,0.43848717948717947,0.2796111111111111,3.7435897435897436,0.7908904109589041,0.8717948717948718,2.2948717948717947,3.1666666666666665,7.17948717948718,3.230769230769231,1.5128205128205128,0.19230769230769232,2.4871794871794872,18.525641025641026,,78.0
365,78333.0,4.7894736842105265,0.4308571428571429,0.0,0.15789473684210525,0.25,0.5789473684210527,0.42105263157894735,1.0,0.42105263157894735,0.2631578947368421,0.3157894736842105,0.15789473684210525,0.47368421052631576,1.631578947368421,,19.0
366,78347.0,8.857142857142858,0.3812,0.25,0.6285714285714286,0.5048823529411764,0.4,1.1714285714285715,1.5714285714285714,0.6,0.5714285714285714,0.2857142857142857,0.17142857142857143,2.085714285714286,2.5714285714285716,,35.0
367,78375.0,17.291666666666668,0.4502608695652174,0.335,0.6666666666666666,0.78125,0.3333333333333333,1.2083333333333333,1.5416666666666667,1.125,0.5833333333333334,0.875,0.125,1.625,6.458333333333333,,24.0
368,78377.0,12.442857142857143,0.4100597014925373,0.07142857142857142,0.8714285714285714,0.743939393939394,0.24285714285714285,1.042857142857143,1.2857142857142858,2.5285714285714285,1.2,0.8142857142857143,0.02857142857142857,0.8428571428571429,4.057142857142857,,70.0
369,78381.0,21.213333333333335,0.40915068493150686,0.125,1.0533333333333332,0.698780487804878,0.8266666666666667,2.453333333333333,3.28,1.2266666666666666,1.4133333333333333,0.32,0.21333333333333335,3.0533333333333332,7.066666666666666,,75.0
370,78404.0,14.26865671641791,0.43189552238805967,0.376952380952381,0.9701492537313433,0.778125,0.4626865671641791,0.8507462686567164,1.3134328358208955,0.8507462686567164,0.40298507462686567,0.22388059701492538,0.11940298507462686,1.2985074626865671,6.970149253731344,,67.0
371,78416.0,9.0,0.5,,0.0,,0.0,0.0,0.0,2.0,1.0,0.0,0.0,3.0,2.0,,1.0
372,78417.0,22.692307692307693,0.45797368421052626,0.09090909090909091,2.8205128205128207,0.8648,0.48717948717948717,2.1025641025641026,2.58974358974359,3.7948717948717947,1.8461538461538463,0.8974358974358975,0.10256410256410256,1.4102564102564104,10.538461538461538,,39.0
373,78421.0,19.68831168831169,0.4157894736842105,0.29852000000000006,1.6233766233766234,0.6154,1.3376623376623376,2.103896103896104,3.4415584415584415,3.2467532467532467,1.3246753246753247,0.8571428571428571,0.38961038961038963,2.311688311688312,8.597402597402597,,77.0
374,78437.0,20.824324324324323,0.37578082191780826,0.0,0.8783783783783784,0.6224999999999999,1.1486486486486487,2.0675675675675675,3.2162162162162162,2.77027027027027,1.0675675675675675,0.8513513513513513,0.24324324324324326,1.8108108108108107,5.22972972972973,,74.0
375,78523.0,11.612244897959183,0.34428571428571425,0.0,0.7142857142857143,0.6306818181818182,0.8775510204081632,1.0408163265306123,1.9183673469387754,0.4489795918367347,0.5102040816326531,0.40816326530612246,0.02040816326530612,1.3673469387755102,4.3061224489795915,,49.0
376,78528.0,16.41509433962264,0.4051489361702128,0.28256521739130436,0.4528301886792453,0.6428571428571429,0.4528301886792453,1.0754716981132075,1.528301886792453,3.3962264150943398,1.1320754716981132,0.8867924528301887,0.05660377358490566,1.679245283018868,3.849056603773585,,53.0
377,78555.0,9.416666666666666,0.48534042553191487,0.0,0.43333333333333335,0.6236842105263157,1.0666666666666667,1.0833333333333333,2.15,0.6666666666666666,0.36666666666666664,0.3333333333333333,0.6833333333333333,1.65,4.2,,60.0
378,78589.0,4.2631578947368425,0.4656470588235294,0.5,0.42105263157894735,0.8,0.3157894736842105,0.47368421052631576,0.7894736842105263,0.42105263157894735,0.10526315789473684,0.10526315789473684,0.10526315789473684,0.2631578947368421,1.8421052631578947,,19.0
379,78615.0,25.76829268292683,0.5019756097560975,0.1111111111111111,2.9390243902439024,0.683830985915493,1.329268292682927,1.8414634146341464,3.1707317073170733,1.0731707317073171,1.6219512195121952,0.5,0.4024390243902439,1.8780487804878048,13.975609756097562,,82.0
380,78633.0,16.5,0.3910847457627119,0.355,0.9193548387096774,0.8397692307692307,0.25806451612903225,0.9516129032258065,1.2096774193548387,2.774193548387097,0.7580645161290323,0.7419354838709677,0.06451612903225806,0.8548387096774194,4.516129032258065,,62.0
381,78656.0,24.296296296296298,0.46917283950617283,0.22021428571428572,0.37037037037037035,0.7407222222222223,1.1604938271604939,3.691358024691358,4.851851851851852,1.3209876543209877,0.6296296296296297,0.43209876543209874,0.5925925925925926,2.876543209876543,9.0,,81.0
382,100263.0,27.580246913580247,0.44617283950617287,0.30033333333333334,0.8271604938271605,0.9133428571428571,1.2839506172839505,4.283950617283951,5.567901234567901,1.9753086419753085,1.2592592592592593,0.6296296296296297,0.6666666666666666,2.7777777777777777,9.666666666666666,,81.0
383,600009.0,10.630434782608695,0.30658974358974356,0.2727272727272727,0.17391304347826086,0.5416666666666666,0.06521739130434782,0.5434782608695652,0.6086956521739131,1.8043478260869565,0.717391304347826,0.2608695652173913,0.10869565217391304,1.2391304347826086,2.760869565217391,,46.0
