,PLAYER_ID,MIN,FG_PCT,FG3_PCT,FTM,FT_PCT,OREB,DREB,REB,AST,TOV,STL,BLK,PF,PTS,PLUS_MINUS,no_games_played
0,2.0,28.93103448275862,0.43967241379310346,0.32718367346938776,2.689655172413793,0.8686170212765958,0.46551724137931033,1.8448275862068966,2.310344827586207,2.706896551724138,1.206896551724138,0.9482758620689655,0.22413793103448276,1.6896551724137931,13.655172413793103,,58.0
1,3.0,35.89473684210526,0.45976315789473676,0.2391304347826087,3.4342105263157894,0.7575507246376811,2.5921052631578947,4.881578947368421,7.473684210526316,2.3947368421052633,1.75,1.368421052631579,0.40789473684210525,3.473684210526316,13.960526315789474,,76.0
2,7.0,16.057142857142857,0.31076666666666664,0.0,1.6,0.8322307692307692,1.0285714285714285,2.5285714285714285,3.557142857142857,1.1142857142857143,0.9285714285714286,0.5142857142857142,0.5142857142857142,2.1142857142857143,4.6,,70.0
3,9.0,35.28048780487805,0.5050365853658536,0.2521282051282051,2.158536585365854,0.7977368421052631,0.573170731707317,2.7560975609756095,3.3292682926829267,6.878048780487805,2.1097560975609757,1.7317073170731707,0.13414634146341464,3.024390243902439,15.060975609756097,,82.0
4,17.0,34.10204081632653,0.4226530612244898,0.22040909090909092,5.0,0.8514375000000002,2.5714285714285716,3.7346938775510203,6.3061224489795915,5.673469387755102,2.3469387755102042,1.9387755102040816,0.7551020408163265,3.2448979591836733,19.918367346938776,,49.0
5,21.0,24.271428571428572,0.4061739130434783,0.1281923076923077,1.5285714285714285,0.6777435897435897,0.6,1.8285714285714285,2.4285714285714284,5.685714285714286,1.4857142857142858,1.6142857142857143,0.17142857142857143,2.0142857142857142,6.557142857142857,,70.0
6,22.0,25.580246913580247,0.4764074074074074,,2.0617283950617282,0.7304385964912281,1.5555555555555556,3.7777777777777777,5.333333333333333,1.4938271604938271,1.8148148148148149,0.3333333333333333,0.9135802469135802,3.5185185185185186,14.25925925925926,,81.0
7,23.0,38.87096774193548,0.4404098360655737,0.14428947368421055,1.403225806451613,0.5006744186046511,5.919354838709677,12.338709677419354,18.258064516129032,1.6451612903225807,1.6612903225806452,0.7741935483870968,0.7258064516129032,3.2419354838709675,7.548387096774194,,62.0
8,24.0,17.0,0.6445000000000001,0.45825,1.75,0.7166,0.25,1.125,1.375,2.875,0.875,0.5,0.0,2.25,8.625,,8.0
9,26.0,19.0,0.46994230769230777,,0.9636363636363636,0.7040344827586208,1.290909090909091,3.0727272727272728,4.363636363636363,0.9272727272727272,1.6,0.8545454545454545,1.4,3.0727272727272728,5.8,,55.0
10,28.0,38.8,0.5134,0.09523809523809523,3.1125,0.8350281690140846,1.1125,1.975,3.0875,2.9375,2.0625,1.0625,0.2625,3.4875,19.2875,,80.0
11,30.0,27.5,0.5157659574468085,0.3333333333333333,3.1666666666666665,0.6934615384615385,2.0833333333333335,2.5625,4.645833333333333,1.25,1.9166666666666667,1.7708333333333333,0.8125,2.6458333333333335,15.770833333333334,,48.0
12,31.0,6.62962962962963,0.5573888888888889,,0.07407407407407407,0.25,0.6296296296296297,1.4074074074074074,2.037037037037037,0.18518518518518517,0.2962962962962963,0.18518518518518517,0.6296296296296297,1.0740740740740742,1.3333333333333333,,27.0
13,36.0,27.866666666666667,0.5133666666666666,0.2120909090909091,5.4,0.7902413793103448,1.3333333333333333,1.9,3.2333333333333334,3.5,2.533333333333333,1.7,0.06666666666666667,3.066666666666667,17.366666666666667,,30.0
14,38.0,22.075,0.43519480519480525,0.36770422535211267,0.9125,0.7227222222222223,0.7375,2.7125,3.45,1.5875,1.1625,0.5875,0.925,2.225,9.05,,80.0
15,41.0,25.2,0.4289104477611941,0.0,2.0428571428571427,0.5899074074074073,2.6857142857142855,3.8142857142857145,6.5,1.3714285714285714,1.5,1.2285714285714286,0.24285714285714285,2.6142857142857143,8.585714285714285,,70.0
16,45.0,19.23076923076923,0.3963835616438356,0.28896875000000005,0.9615384615384616,0.6870810810810811,0.7692307692307693,1.858974358974359,2.628205128205128,2.4615384615384617,1.3717948717948718,0.6794871794871795,0.14102564102564102,2.1153846153846154,7.243589743589744,,78.0
17,47.0,30.039473684210527,0.5185921052631578,0.0,2.3026315789473686,0.7464262295081967,1.6710526315789473,4.907894736842105,6.578947368421052,1.4210526315789473,1.5394736842105263,0.6842105263157895,0.618421052631579,3.6447368421052633,16.61842105263158,,76.0
18,51.0,33.45679012345679,0.4457160493827161,0.31676119402985076,2.6790123456790123,0.9287500000000001,0.6296296296296297,2.1481481481481484,2.7777777777777777,4.246913580246914,2.308641975308642,1.037037037037037,0.09876543209876543,2.2098765432098766,19.17283950617284,,81.0
19,52.0,35.01315789473684,0.4436842105263158,0.2054423076923077,5.5131578947368425,0.9121470588235294,1.105263157894737,2.486842105263158,3.5921052631578947,8.697368421052632,2.986842105263158,2.1710526315789473,0.3026315789473684,3.526315789473684,15.144736842105264,,76.0
20,53.0,21.426829268292682,0.45145679012345685,0.39921538461538464,2.231707317073171,0.8583030303030302,0.7195121951219512,1.9146341463414633,2.6341463414634148,2.158536585365854,1.0853658536585367,0.9024390243902439,0.24390243902439024,1.7682926829268293,8.634146341463415,,82.0
21,55.0,10.152173913043478,0.42800000000000005,0.0,1.2391304347826086,0.71996,1.0434782608695652,1.6304347826086956,2.6739130434782608,0.8043478260869565,0.6086956521739131,0.2826086956521739,0.10869565217391304,0.9347826086956522,4.760869565217392,,46.0
22,56.0,31.073170731707318,0.48391463414634145,0.20689655172413793,1.8414634146341464,0.7773214285714286,1.1585365853658536,2.268292682926829,3.426829268292683,4.865853658536586,1.8048780487804879,2.158536585365854,0.25609756097560976,3.048780487804878,13.536585365853659,,82.0
23,57.0,14.434782608695652,0.38000000000000006,0.16666666666666666,2.1739130434782608,0.749,1.0434782608695652,1.173913043478261,2.217391304347826,2.3043478260869565,2.1739130434782608,0.9565217391304348,0.21739130434782608,2.3043478260869565,6.173913043478261,,23.0
24,61.0,22.22222222222222,0.5361875,0.0,1.5432098765432098,0.6951538461538462,1.8271604938271604,3.7777777777777777,5.604938271604938,0.7530864197530864,1.1358024691358024,0.5802469135802469,0.41975308641975306,2.345679012345679,7.469135802469136,,81.0
25,64.0,29.759493670886076,0.4850886075949367,0.3234285714285714,3.1645569620253164,0.8435538461538462,2.0632911392405062,4.569620253164557,6.632911392405063,1.9746835443037976,1.3670886075949367,0.759493670886076,1.0379746835443038,2.848101265822785,13.113924050632912,,79.0
26,67.0,13.203703703703704,0.4397755102040816,0.0,0.7037037037037037,0.5700434782608695,0.7037037037037037,1.6481481481481481,2.3518518518518516,0.4444444444444444,0.6296296296296297,0.3333333333333333,0.2222222222222222,1.4259259259259258,4.592592592592593,,54.0
27,70.0,9.25,0.38979487179487177,0.1926875,0.4230769230769231,0.875,0.09615384615384616,0.7692307692307693,0.8653846153846154,1.3461538461538463,0.5192307692307693,0.19230769230769232,0.019230769230769232,0.6923076923076923,2.576923076923077,,52.0
28,71.0,32.37837837837838,0.4821351351351351,0.09090909090909091,1.2432432432432432,0.7277857142857143,0.8513513513513513,2.7567567567567566,3.608108108108108,7.743243243243243,2.2567567567567566,1.2702702702702702,0.16216216216216217,1.7837837837837838,10.391891891891891,,74.0
29,72.0,36.54545454545455,0.4273090909090909,0.2236842105263158,3.272727272727273,0.7703478260869564,0.9272727272727272,3.1818181818181817,4.109090909090909,8.163636363636364,2.7818181818181817,1.7454545454545454,0.2,2.5454545454545454,16.854545454545455,,55.0
30,73.0,30.671641791044777,0.4562089552238806,,3.1641791044776117,0.7210806451612902,1.8955223880597014,4.298507462686567,6.1940298507462686,2.2686567164179103,1.7313432835820894,0.7164179104477612,1.5671641791044777,2.5522388059701493,11.014925373134329,,67.0
31,76.0,21.716216216216218,0.5531643835616438,0.0,2.527027027027027,0.7139454545454544,2.324324324324324,3.189189189189189,5.513513513513513,1.0405405405405406,1.4324324324324325,0.7297297297297297,0.3918918918918919,1.3918918918918919,12.824324324324325,,74.0
32,77.0,22.0,0.46481818181818185,0.25,1.3111111111111111,0.7683999999999999,0.5555555555555556,1.8,2.3555555555555556,3.488888888888889,1.6,0.6888888888888889,0.13333333333333333,1.8,8.133333333333333,,45.0
33,78.0,11.587301587301587,0.44982456140350874,0.0,0.4603174603174603,0.76665,0.873015873015873,1.9523809523809523,2.8253968253968256,0.5396825396825397,0.746031746031746,0.4603174603174603,0.38095238095238093,2.1746031746031744,3.761904761904762,,63.0
34,80.0,32.5921052631579,0.4977105263157895,0.25268,1.7236842105263157,0.5869827586206897,2.75,4.7631578947368425,7.5131578947368425,2.1710526315789473,1.644736842105263,0.7763157894736842,0.75,2.0526315789473686,14.960526315789474,,76.0
35,81.0,21.354166666666668,0.4423617021276596,0.11538461538461539,1.8958333333333333,0.6257352941176471,1.4791666666666667,1.7916666666666667,3.2708333333333335,1.4583333333333333,1.125,0.6458333333333334,0.16666666666666666,2.5,8.8125,,48.0
36,84.0,35.5974025974026,0.4585714285714285,0.33317241379310336,2.74025974025974,0.7427301587301587,1.025974025974026,2.4935064935064934,3.5194805194805197,3.831168831168831,2.6363636363636362,1.6363636363636365,0.6363636363636364,2.155844155844156,15.35064935064935,,77.0
37,85.0,12.632352941176471,0.3507575757575757,0.08387096774193549,0.7941176470588235,0.7970869565217391,0.4117647058823529,1.1029411764705883,1.5147058823529411,2.264705882352941,1.25,0.8235294117647058,0.04411764705882353,1.3235294117647058,3.8529411764705883,,68.0
38,87.0,36.9390243902439,0.5110731707317073,,4.085365853658536,0.699975,4.195121951219512,8.853658536585366,13.048780487804878,1.7926829268292683,2.6341463414634148,0.524390243902439,3.5,3.4634146341463414,13.792682926829269,,82.0
39,88.0,5.724137931034483,0.5277619047619048,,0.5517241379310345,0.6538461538461539,0.5172413793103449,0.7241379310344828,1.2413793103448276,0.1724137931034483,0.1724137931034483,0.20689655172413793,0.034482758620689655,1.2758620689655173,2.2758620689655173,,29.0
40,93.0,16.3,0.4224468085106382,0.26785714285714285,0.86,0.8023809523809524,0.26,0.86,1.12,1.66,0.9,0.44,0.08,1.42,5.38,,50.0
41,95.0,17.45,0.4905526315789473,0.0,1.3,0.6933454545454546,1.65,2.4,4.05,0.5125,0.8125,0.4625,0.2875,2.825,5.95,,80.0
42,96.0,37.78048780487805,0.4815609756097561,0.11520588235294117,6.402439024390244,0.7987249999999999,2.5609756097560976,6.951219512195122,9.512195121951219,6.012195121951219,2.9634146341463414,0.9634146341463414,0.32926829268292684,3.7195121951219514,19.109756097560975,,82.0
43,98.0,36.962025316455694,0.43721518987341773,0.2853552631578947,3.7721518987341773,0.7429,1.5443037974683544,4.493670886075949,6.037974683544304,3.3544303797468356,2.0759493670886076,1.620253164556962,0.7088607594936709,2.5316455696202533,19.924050632911392,,79.0
44,100.0,19.242424242424242,0.4185757575757576,0.25732000000000005,1.7272727272727273,0.779695652173913,0.7575757575757576,1.0303030303030303,1.7878787878787878,1.393939393939394,0.8484848484848485,0.7272727272727273,0.18181818181818182,1.9090909090909092,8.757575757575758,,33.0
45,101.0,39.56410256410256,0.45634615384615373,0.3365394736842106,3.7051282051282053,0.89775,0.6666666666666666,3.051282051282051,3.717948717948718,9.423076923076923,3.423076923076923,1.1025641025641026,0.02564102564102564,3.128205128205128,15.397435897435898,,78.0
46,103.0,27.197183098591548,0.42514084507042255,0.31814925373134334,3.0,0.7425172413793104,2.028169014084507,2.0704225352112675,4.098591549295775,1.647887323943662,1.6619718309859155,1.056338028169014,0.676056338028169,3.1267605633802815,13.845070422535212,,71.0
47,104.0,12.779661016949152,0.49635714285714283,,1.1694915254237288,0.6776764705882353,0.864406779661017,2.6779661016949152,3.542372881355932,0.3728813559322034,1.3220338983050848,0.5254237288135594,0.8135593220338984,2.2711864406779663,5.677966101694915,,59.0
48,105.0,39.01219512195122,0.46039024390243904,0.3647073170731707,2.475609756097561,0.7712,1.4634146341463414,3.207317073170732,4.670731707317073,3.792682926829268,1.6219512195121952,1.6829268292682926,0.4024390243902439,2.1951219512195124,16.926829268292682,,82.0
49,107.0,33.30487804878049,0.49201234567901236,0.3964444444444445,1.9146341463414633,0.7707241379310344,0.9878048780487805,2.817073170731707,3.8048780487804876,1.3048780487804879,1.353658536585366,0.9512195121951219,0.21951219512195122,2.182926829268293,16.658536585365855,,82.0
50,109.0,29.49367088607595,0.4521012658227849,0.2635135135135135,1.8101265822784811,0.6761754385964912,1.4303797468354431,3.5316455696202533,4.962025316455696,2.4177215189873418,1.9746835443037976,1.0126582278481013,1.0253164556962024,2.6582278481012658,10.139240506329115,,79.0
51,111.0,33.52439024390244,0.5058780487804878,0.13636363636363635,2.8902439024390243,0.7211621621621621,3.341463414634146,5.7317073170731705,9.073170731707316,1.8414634146341464,1.8658536585365855,0.8780487804878049,1.353658536585366,3.573170731707317,14.695121951219512,,82.0
52,114.0,18.945205479452056,0.4476712328767124,0.35714285714285715,2.232876712328767,0.7527843137254903,1.0136986301369864,1.0,2.0136986301369864,1.0,1.2602739726027397,0.4657534246575342,0.1095890410958904,1.7808219178082192,10.273972602739725,,73.0
53,116.0,9.34375,0.41481250000000003,0.17857142857142858,0.71875,0.8518333333333333,0.59375,0.921875,1.515625,0.53125,0.453125,0.203125,0.1875,1.453125,2.421875,,64.0
54,117.0,32.379746835443036,0.483607594936709,0.3333333333333333,2.9873417721518987,0.8881388888888889,0.3924050632911392,1.7974683544303798,2.189873417721519,1.620253164556962,1.5822784810126582,0.5316455696202531,0.05063291139240506,1.481012658227848,18.088607594936708,,79.0
55,120.0,33.541666666666664,0.46199999999999997,0.33323913043478265,3.2291666666666665,0.7635641025641026,1.1666666666666667,2.9375,4.104166666666667,5.5625,2.6875,1.0416666666666667,0.3125,3.0833333333333335,15.958333333333334,,48.0
56,121.0,37.074074074074076,0.501432098765432,0.14285714285714285,4.938271604938271,0.7299620253164556,2.3580246913580245,9.74074074074074,12.098765432098766,1.8641975308641976,3.271604938271605,0.9135802469135802,1.9876543209876543,3.5308641975308643,24.185185185185187,,81.0
57,122.0,18.835443037974684,0.4861645569620254,0.4127142857142857,1.7088607594936709,0.8338936170212765,1.1518987341772151,1.8481012658227849,3.0,1.4936708860759493,0.8481012658227848,0.7215189873417721,0.34177215189873417,1.7468354430379747,7.582278481012659,,79.0
58,123.0,20.506493506493506,0.44084210526315787,0.125,3.103896103896104,0.7659677419354839,0.6753246753246753,1.4025974025974026,2.0779220779220777,4.35064935064935,2.4025974025974026,1.051948051948052,0.12987012987012986,2.3636363636363638,10.519480519480519,,77.0
59,124.0,30.79268292682927,0.4769390243902438,0.24345098039215687,2.8658536585365852,0.6846142857142857,2.682926829268293,6.2073170731707314,8.890243902439025,2.8292682926829267,2.6097560975609757,1.5609756097560976,1.6585365853658536,3.792682926829268,12.804878048780488,,82.0
60,128.0,20.9390243902439,0.44155555555555553,0.3468301886792453,1.3902439024390243,0.7348444444444444,1.4146341463414633,3.3658536585365852,4.780487804878049,0.524390243902439,1.0975609756097562,0.5487804878048781,0.524390243902439,2.451219512195122,8.097560975609756,,82.0
61,134.0,33.53061224489796,0.49936734693877555,0.125,4.612244897959184,0.837088888888889,0.6122448979591837,1.510204081632653,2.122448979591837,7.836734693877551,3.0816326530612246,1.7346938775510203,0.3877551020408163,2.0408163265306123,16.142857142857142,,49.0
62,137.0,31.704225352112676,0.3936197183098592,0.30387323943661965,2.3098591549295775,0.7190188679245283,0.4084507042253521,2.704225352112676,3.112676056338028,4.183098591549296,1.971830985915493,1.2112676056338028,0.11267605633802817,1.7464788732394365,13.830985915492958,,71.0
63,138.0,27.865853658536587,0.4131097560975609,0.0,1.3658536585365855,0.6335306122448979,2.1951219512195124,4.048780487804878,6.2439024390243905,1.1097560975609757,1.7073170731707317,0.6951219512195121,0.8902439024390244,2.8902439024390243,9.829268292682928,,82.0
64,140.0,21.246753246753247,0.47629729729729725,0.0,4.12987012987013,0.8036406249999999,1.5064935064935066,2.324675324675325,3.831168831168831,1.0389610389610389,1.4675324675324675,0.4675324675324675,0.3246753246753247,2.324675324675325,9.168831168831169,,77.0
65,145.0,10.3125,0.34017391304347827,0.26425714285714286,0.7291666666666666,0.9041874999999999,0.8333333333333334,0.8958333333333334,1.7291666666666667,0.22916666666666666,0.6458333333333334,0.16666666666666666,0.10416666666666667,1.2291666666666667,5.666666666666667,,48.0
66,146.0,18.385714285714286,0.40740624999999997,0.26955172413793105,0.9285714285714286,0.8127096774193548,1.1571428571428573,1.6285714285714286,2.7857142857142856,1.3428571428571427,0.7857142857142857,0.6714285714285714,0.2714285714285714,1.4,6.242857142857143,,70.0
67,149.0,35.7,0.4283428571428572,0.3007941176470588,3.3857142857142857,0.8457833333333332,0.7428571428571429,2.6857142857142855,3.4285714285714284,7.514285714285714,2.5,1.4285714285714286,0.05714285714285714,2.085714285714286,14.785714285714286,,70.0
68,156.0,27.422535211267604,0.5328450704225353,0.0,2.4507042253521125,0.7768571428571428,1.5070422535211268,3.9577464788732395,5.464788732394366,1.3661971830985915,1.352112676056338,0.49295774647887325,1.2253521126760563,3.7183098591549295,13.126760563380282,,71.0
69,157.0,34.0,0.40866129032258064,0.4145666666666667,3.8548387096774195,0.7508245614035088,0.6774193548387096,1.3064516129032258,1.9838709677419355,5.387096774193548,2.193548387096774,1.2903225806451613,0.25806451612903225,2.338709677419355,18.161290322580644,,62.0
70,165.0,39.53658536585366,0.5278414634146341,0.0,5.414634146341464,0.7607,3.451219512195122,9.573170731707316,13.024390243902438,3.548780487804878,3.1951219512195124,1.829268292682927,4.170731707317073,3.7195121951219514,26.097560975609756,,82.0
71,166.0,37.125,0.45492499999999997,0.24238571428571426,3.8375,0.779887323943662,1.4625,3.85,5.3125,4.5,2.775,2.2125,0.875,2.65,18.0375,,80.0
72,170.0,14.474358974358974,0.4181780821917808,0.0,0.5256410256410257,0.75,1.4487179487179487,2.9871794871794872,4.435897435897436,0.5,0.47435897435897434,0.21794871794871795,0.20512820512820512,1.5769230769230769,3.2948717948717947,,78.0
73,173.0,13.55072463768116,0.40128813559322035,0.3479,0.42028985507246375,0.7023809523809523,1.0724637681159421,1.7971014492753623,2.869565217391304,0.4492753623188406,0.5362318840579711,0.4492753623188406,0.42028985507246375,2.0434782608695654,3.289855072463768,,69.0
74,174.0,12.121951219512194,0.3519024390243903,0.1,1.3658536585365855,0.785,0.0975609756097561,0.6097560975609756,0.7073170731707317,1.3170731707317074,0.5365853658536586,0.21951219512195122,0.12195121951219512,0.9512195121951219,5.439024390243903,,41.0
75,175.0,8.7,0.47584615384615386,,0.35,0.5278333333333333,0.75,1.45,2.2,0.25,0.9,0.0,0.45,2.0,2.25,,20.0
76,177.0,34.97530864197531,0.45290123456790127,0.19047619047619047,1.728395061728395,0.82926,0.6296296296296297,3.049382716049383,3.6790123456790123,8.777777777777779,1.9012345679012346,1.9876543209876543,0.06172839506172839,2.2098765432098766,9.975308641975309,,81.0
77,178.0,19.388059701492537,0.4742272727272727,0.0,0.9850746268656716,0.47573170731707315,2.701492537313433,3.537313432835821,6.2388059701492535,0.43283582089552236,0.8059701492537313,0.4626865671641791,0.31343283582089554,1.8805970149253732,7.253731343283582,,67.0
78,179.0,22.17948717948718,0.4034594594594595,0.0,2.5384615384615383,0.8282068965517241,1.0,2.1794871794871793,3.1794871794871793,1.2564102564102564,1.1282051282051282,0.6153846153846154,0.1282051282051282,2.1025641025641026,8.897435897435898,,39.0
79,180.0,6.075,0.48719999999999997,0.1481111111111111,0.65,0.6764705882352942,0.1,0.325,0.425,1.375,0.75,0.275,0.0,0.725,2.55,,40.0
80,181.0,29.536585365853657,0.5095975609756097,0.45555555555555555,2.3780487804878048,0.8838030303030303,0.34146341463414637,1.6097560975609757,1.951219512195122,5.439024390243903,1.9878048780487805,0.975609756097561,0.08536585365853659,1.3414634146341464,12.987804878048781,,82.0
81,182.0,32.45945945945946,0.4891621621621622,0.08333333333333333,3.1621621621621623,0.6313823529411764,2.918918918918919,4.216216216216216,7.135135135135135,3.891891891891892,2.864864864864865,0.9459459459459459,0.7567567567567568,2.8378378378378377,16.54054054054054,,37.0
82,183.0,11.428571428571429,0.4673,0.0,0.7619047619047619,0.8095714285714285,1.1428571428571428,1.5238095238095237,2.6666666666666665,0.23809523809523808,1.1904761904761905,0.6666666666666666,0.8095238095238095,2.2857142857142856,4.571428571428571,,21.0
83,184.0,4.483870967741935,0.5302592592592593,0.375,0.4838709677419355,0.5416666666666666,0.1935483870967742,0.3548387096774194,0.5483870967741935,0.3225806451612903,0.5806451612903226,0.3225806451612903,0.06451612903225806,0.6129032258064516,3.0,,31.0
84,187.0,9.5,0.369125,,0.625,0.611,0.75,1.625,2.375,0.5,0.25,0.125,0.125,2.125,3.375,,8.0
85,190.0,22.01818181818182,0.5315849056603773,0.0,1.8727272727272728,0.6042222222222222,2.036363636363636,3.4727272727272727,5.509090909090909,0.6363636363636364,1.0545454545454545,0.5818181818181818,1.5818181818181818,3.4909090909090907,8.236363636363636,,55.0
86,192.0,32.574074074074076,0.4098333333333333,0.37988,1.7037037037037037,0.773421052631579,0.7037037037037037,2.740740740740741,3.4444444444444446,2.5185185185185186,1.9259259259259258,1.0555555555555556,0.3333333333333333,2.425925925925926,15.88888888888889,,54.0
87,193.0,30.641975308641975,0.5026172839506173,,2.45679012345679,0.6974090909090909,2.8518518518518516,5.049382716049383,7.901234567901234,2.0987654320987654,1.691358024691358,0.5308641975308642,0.2345679012345679,2.962962962962963,10.25925925925926,,81.0
88,194.0,22.87012987012987,0.4530394736842106,0.3039117647058824,0.8701298701298701,0.7424333333333333,0.4675324675324675,2.051948051948052,2.5194805194805197,2.272727272727273,1.0909090909090908,0.7012987012987013,0.18181818181818182,1.7012987012987013,8.025974025974026,,77.0
89,195.0,18.329268292682926,0.4479367088607596,0.33471666666666666,0.47560975609756095,0.578,0.3170731707317073,1.1219512195121952,1.4390243902439024,3.3292682926829267,1.0365853658536586,0.7195121951219512,0.08536585365853659,1.8048780487804879,5.170731707317073,,82.0
90,198.0,19.223684210526315,0.4463684210526316,0.35708510638297875,1.3026315789473684,0.8795128205128205,1.0657894736842106,2.6052631578947367,3.6710526315789473,1.8026315789473684,1.0921052631578947,0.3815789473684211,0.631578947368421,2.25,7.5394736842105265,,76.0
91,199.0,34.45569620253165,0.4589367088607595,0.24343939393939396,3.0126582278481013,0.7837971014492754,1.6708860759493671,3.7468354430379747,5.417721518987341,3.7341772151898733,2.4556962025316458,1.5949367088607596,0.9620253164556962,3.5949367088607596,16.974683544303797,,79.0
92,201.0,19.690140845070424,0.3756617647058823,,0.8028169014084507,0.5170714285714285,3.028169014084507,4.197183098591549,7.225352112676056,0.22535211267605634,0.7605633802816901,0.23943661971830985,1.4366197183098592,2.7464788732394365,3.4507042253521125,,71.0
93,202.0,21.945945945945947,0.43178082191780826,0.25,0.7432432432432432,0.7318529411764707,0.36486486486486486,1.5135135135135136,1.8783783783783783,4.77027027027027,1.7432432432432432,1.4324324324324325,0.12162162162162163,2.27027027027027,6.5675675675675675,,74.0
94,203.0,27.08219178082192,0.4542465753424658,0.396675,1.3013698630136987,0.69068,1.1506849315068493,3.041095890410959,4.191780821917808,5.260273972602739,1.904109589041096,2.3698630136986303,0.4383561643835616,3.287671232876712,7.47945205479452,,73.0
95,204.0,36.20253164556962,0.4667974683544305,0.3757972972972973,3.1645569620253164,0.8488208955223879,1.0632911392405062,3.2658227848101267,4.329113924050633,6.936708860759493,2.810126582278481,1.6582278481012658,0.26582278481012656,2.569620253164557,19.126582278481013,,79.0
96,209.0,26.175,0.44535,0.3667066666666667,1.7,0.8841249999999999,0.6375,2.9375,3.575,2.25,1.6125,1.0875,0.2875,1.875,15.3375,,80.0
97,210.0,19.78048780487805,0.44818292682926825,0.29570967741935483,1.4390243902439024,0.8247777777777778,0.45121951219512196,1.7317073170731707,2.182926829268293,3.682926829268293,1.3048780487804879,0.9634146341463414,0.32926829268292684,1.4878048780487805,8.841463414634147,,82.0
98,216.0,23.573529411764707,0.35391176470588226,0.2788703703703704,0.8970588235294118,0.7944666666666667,1.0294117647058822,2.75,3.7794117647058822,3.4558823529411766,1.411764705882353,0.7058823529411765,0.27941176470588236,2.3970588235294117,7.323529411764706,,68.0
99,219.0,20.904109589041095,0.48617142857142853,0.23684210526315788,1.3835616438356164,0.8482307692307693,0.2602739726027397,1.9726027397260273,2.232876712328767,3.9863013698630136,1.2602739726027397,0.6027397260273972,0.0136986301369863,2.0,7.438356164383562,,73.0
100,221.0,32.36585365853659,0.47051219512195125,0.25,3.548780487804878,0.7394025974025974,2.182926829268293,5.0,7.182926829268292,1.7926829268292683,2.1463414634146343,1.0365853658536586,0.8170731707317073,2.292682926829268,15.609756097560975,,82.0
101,228.0,18.890243902439025,0.4783076923076923,0.0,2.024390243902439,0.7058333333333333,2.0853658536585367,3.182926829268293,5.2682926829268295,0.975609756097561,1.2195121951219512,0.6951219512195121,0.1951219512195122,2.3780487804878048,6.609756097560975,,82.0
102,229.0,11.865384615384615,0.39430769230769236,,1.6153846153846154,0.707939393939394,0.5769230769230769,1.3461538461538463,1.9230769230769231,0.7884615384615384,0.9807692307692307,0.19230769230769232,0.1346153846153846,2.3461538461538463,6.3076923076923075,,52.0
103,236.0,28.35,0.44457500000000005,0.28886666666666666,2.975,0.8213030303030303,1.2,1.825,3.025,3.0,1.875,1.7,0.3,1.725,13.9,,40.0
104,238.0,27.972972972972972,0.5007027027027027,0.0,1.864864864864865,0.6547241379310345,3.445945945945946,6.743243243243243,10.18918918918919,0.918918918918919,1.2432432432432432,0.5540540540540541,0.5405405405405406,4.324324324324325,8.64864864864865,,74.0
105,244.0,28.175,0.468025,0.2986326530612245,2.4,0.7918166666666667,0.5625,2.5125,3.075,5.7625,1.7,1.725,0.3875,2.5375,10.925,,80.0
106,247.0,40.18181818181818,0.4546363636363637,0.32740845070422536,4.454545454545454,0.8418142857142858,0.8181818181818182,1.103896103896104,1.922077922077922,4.0,1.7922077922077921,1.0129870129870129,0.09090909090909091,1.8311688311688312,23.493506493506494,,77.0
107,251.0,37.2,0.49205714285714297,0.31597916666666664,3.8285714285714287,0.8063437499999999,1.2142857142857142,3.3857142857142857,4.6,3.7857142857142856,2.1714285714285713,0.9714285714285714,0.4,1.8857142857142857,17.242857142857144,,70.0
108,252.0,37.792682926829265,0.5558048780487805,0.20588235294117646,7.548780487804878,0.7454146341463415,2.768292682926829,8.439024390243903,11.207317073170731,3.7560975609756095,2.926829268292683,1.5121951219512195,1.0121951219512195,3.182926829268293,27.036585365853657,,82.0
109,262.0,26.29268292682927,0.5172151898734177,0.0,0.7439024390243902,0.46240000000000003,3.268292682926829,4.7682926829268295,8.036585365853659,0.8414634146341463,0.7195121951219512,0.926829268292683,0.5609756097560976,2.231707317073171,6.085365853658536,,82.0
110,265.0,37.041666666666664,0.4791805555555556,0.1111111111111111,3.0277777777777777,0.7051935483870967,1.8472222222222223,3.875,5.722222222222222,2.8472222222222223,1.25,1.0,0.6111111111111112,2.3333333333333335,18.59722222222222,,72.0
111,270.0,35.64935064935065,0.4963376623376623,0.125,2.25974025974026,0.6299420289855073,4.428571428571429,5.038961038961039,9.467532467532468,2.6103896103896105,1.4285714285714286,1.155844155844156,1.2337662337662338,2.831168831168831,13.207792207792208,,77.0
112,271.0,22.984375,0.514,0.28125,3.03125,0.8048928571428571,1.125,1.109375,2.234375,1.828125,1.40625,0.703125,0.296875,2.40625,11.9375,,64.0
113,273.0,21.170731707317074,0.45506250000000004,0.2356206896551724,2.1463414634146343,0.7511896551724139,1.1829268292682926,1.146341463414634,2.3292682926829267,1.6097560975609757,1.2560975609756098,0.7195121951219512,0.2073170731707317,1.951219512195122,10.231707317073171,,82.0
114,278.0,28.931506849315067,0.4854794520547946,0.0,3.1095890410958904,0.74484375,1.9315068493150684,2.0,3.9315068493150687,2.328767123287671,2.1506849315068495,1.2465753424657535,0.2465753424657534,1.9315068493150684,13.986301369863014,,73.0
115,279.0,18.0,0.5495405405405406,0.0,0.3283582089552239,0.6111111111111112,1.2985074626865671,2.8358208955223883,4.134328358208955,0.6268656716417911,0.5671641791044776,0.5671641791044776,1.1492537313432836,2.1492537313432836,1.3134328358208955,,67.0
116,280.0,18.253521126760564,0.46492424242424246,,1.1690140845070423,0.6563695652173912,1.8873239436619718,2.676056338028169,4.563380281690141,0.23943661971830985,0.9859154929577465,0.323943661971831,0.9295774647887324,3.4225352112676055,4.126760563380282,,71.0
117,281.0,19.281690140845072,0.447943661971831,0.0,1.267605633802817,0.6867435897435897,2.3661971830985915,3.9859154929577465,6.352112676056338,0.9577464788732394,1.028169014084507,0.7746478873239436,0.9154929577464789,3.23943661971831,5.943661971830986,,71.0
118,285.0,13.833333333333334,0.27886206896551724,0.24743589743589745,0.2777777777777778,0.6805833333333333,0.3333333333333333,0.5972222222222222,0.9305555555555556,2.861111111111111,0.75,0.5972222222222222,0.013888888888888888,1.0138888888888888,2.6944444444444446,,72.0
119,288.0,21.775,0.4735875,0.0,3.425,0.8433787878787878,1.7,4.2,5.9,1.45,1.9625,0.4625,0.675,1.5375,12.4,,80.0
120,291.0,21.571428571428573,0.28414285714285714,,1.7142857142857142,0.875,2.0,4.142857142857143,6.142857142857143,0.14285714285714285,1.1428571428571428,0.5714285714285714,1.0,1.8571428571428572,4.571428571428571,,7.0
121,293.0,26.814814814814813,0.45570370370370367,0.0,3.54320987654321,0.7717285714285714,2.0987654320987654,3.234567901234568,5.333333333333333,1.7530864197530864,1.9135802469135803,0.5925925925925926,1.1851851851851851,3.1358024691358026,12.382716049382717,,81.0
122,296.0,15.23943661971831,0.47231343283582095,0.11907142857142858,1.1408450704225352,0.8095151515151515,0.7746478873239436,1.4647887323943662,2.23943661971831,1.591549295774648,1.0845070422535212,0.8591549295774648,0.29577464788732394,1.8732394366197183,6.380281690140845,,71.0
123,297.0,33.8974358974359,0.5089230769230769,0.0,6.346153846153846,0.7836233766233766,3.371794871794872,6.948717948717949,10.320512820512821,0.9743589743589743,3.0256410256410255,0.34615384615384615,3.4743589743589745,3.6666666666666665,21.012820512820515,,78.0
124,302.0,35.25,0.4215999999999999,0.360828947368421,1.5375,0.7006600000000001,1.1125,2.3875,3.5,8.3875,2.3375,2.5375,0.2875,1.95,13.3625,,80.0
125,304.0,34.91463414634146,0.49534146341463425,0.3583055555555556,3.573170731707317,0.7829868421052633,0.7804878048780488,2.1097560975609757,2.8902439024390243,12.036585365853659,3.2439024390243905,2.426829268292683,0.25609756097560976,2.731707317073171,15.109756097560975,,82.0
126,305.0,27.164556962025316,0.540423076923077,,2.050632911392405,0.6658571428571428,3.1139240506329116,6.253164556962025,9.367088607594937,0.7721518987341772,1.518987341772152,0.7215189873417721,1.3037974683544304,2.5443037974683542,12.582278481012658,,79.0
127,313.0,20.04,0.4784933333333333,0.09722222222222222,1.9066666666666667,0.7434444444444445,0.84,1.4133333333333333,2.2533333333333334,2.986666666666667,1.6133333333333333,0.84,0.12,1.68,9.466666666666667,,75.0
128,317.0,30.9625,0.4170999999999999,0.31792000000000004,3.2875,0.8073970588235294,0.675,1.875,2.55,5.05,2.1625,1.1375,0.15,2.925,17.4625,,80.0
129,323.0,6.930232558139535,0.4151944444444444,0.0,0.3488372093023256,0.6944444444444444,0.7441860465116279,1.186046511627907,1.930232558139535,0.4883720930232558,0.5813953488372093,0.06976744186046512,0.32558139534883723,1.3488372093023255,2.9069767441860463,,43.0
130,324.0,21.493506493506494,0.4550519480519481,0.3751228070175438,2.103896103896104,0.7785294117647058,0.8311688311688312,1.4935064935064934,2.324675324675325,2.155844155844156,1.5974025974025974,0.7792207792207793,0.18181818181818182,2.5064935064935066,10.415584415584416,,77.0
131,328.0,14.554054054054054,0.4110634920634921,0.3333333333333333,1.1891891891891893,0.7745526315789474,1.2567567567567568,2.5135135135135136,3.77027027027027,0.44594594594594594,0.7837837837837838,0.25675675675675674,0.4189189189189189,2.108108108108108,3.9324324324324325,,74.0
132,330.0,34.949367088607595,0.524139240506329,0.27380952380952384,4.9113924050632916,0.797051282051282,2.5063291139240507,4.075949367088608,6.582278481012659,2.6202531645569622,2.911392405063291,1.3670886075949367,1.2784810126582278,4.0886075949367084,22.78481012658228,,79.0
133,333.0,30.98780487804878,0.5058902439024391,0.3024590163934427,1.5,0.8215714285714286,0.5609756097560976,2.4390243902439024,3.0,2.7560975609756095,0.9878048780487805,1.048780487804878,0.45121951219512196,2.2560975609756095,13.329268292682928,,82.0
134,335.0,14.736842105263158,0.3402702702702703,0.14285714285714285,0.5789473684210527,0.77225,0.18421052631578946,1.3157894736842106,1.5,2.0789473684210527,1.1578947368421053,0.3684210526315789,0.15789473684210525,1.368421052631579,4.815789473684211,,38.0
135,339.0,34.50617283950617,0.4152962962962962,0.3020952380952381,2.234567901234568,0.6277464788732394,2.7037037037037037,6.938271604938271,9.641975308641975,3.7777777777777777,2.8395061728395063,1.654320987654321,0.43209876543209874,2.4074074074074074,14.654320987654321,,81.0
136,341.0,7.173913043478261,0.4044,0.0,0.5652173913043478,0.7857142857142857,0.6086956521739131,1.4782608695652173,2.0869565217391304,0.21739130434782608,0.30434782608695654,0.30434782608695654,0.043478260869565216,1.0434782608695652,2.3043478260869565,,23.0
137,344.0,18.014492753623188,0.4373582089552238,0.36965517241379314,0.7101449275362319,0.8090909090909091,0.2608695652173913,1.289855072463768,1.5507246376811594,2.1884057971014492,0.8405797101449275,0.9130434782608695,0.043478260869565216,1.1304347826086956,7.840579710144928,,69.0
138,345.0,35.592592592592595,0.4529382716049383,0.38662962962962966,4.037037037037037,0.8217333333333333,0.7160493827160493,3.185185185185185,3.9012345679012346,5.172839506172839,2.45679012345679,1.2469135802469136,0.12345679012345678,1.5061728395061729,18.22222222222222,,81.0
139,349.0,38.01219512195122,0.4908658536585366,0.2548823529411765,2.9390243902439024,0.7988493150684932,1.5731707317073171,3.158536585365854,4.7317073170731705,8.829268292682928,2.682926829268293,1.6585365853658536,0.14634146341463414,1.9268292682926829,14.402439024390244,,82.0
140,351.0,13.93421052631579,0.44729166666666675,0.3,1.131578947368421,0.697829268292683,1.381578947368421,1.3421052631578947,2.723684210526316,0.9342105263157895,0.9342105263157895,0.34210526315789475,0.2631578947368421,1.6842105263157894,5.368421052631579,,76.0
141,355.0,15.465753424657533,0.4934285714285713,0.3333333333333333,1.4383561643835616,0.6804583333333333,0.8493150684931506,1.356164383561644,2.2054794520547945,1.6712328767123288,0.9452054794520548,0.547945205479452,0.2602739726027397,1.8493150684931507,5.63013698630137,,73.0
142,356.0,29.896103896103895,0.47429870129870133,0.15658333333333332,2.5584415584415585,0.8102537313432835,2.948051948051948,2.948051948051948,5.896103896103896,1.3766233766233766,1.5454545454545454,1.87012987012987,0.6623376623376623,2.220779220779221,14.103896103896103,,77.0
143,359.0,15.402597402597403,0.4572739726027397,0.0,0.922077922077922,0.7060277777777778,1.1428571428571428,1.87012987012987,3.012987012987013,0.6623376623376623,0.7272727272727273,0.2597402597402597,0.2987012987012987,1.4545454545454546,5.077922077922078,,77.0
144,361.0,31.402439024390244,0.4621951219512196,0.23048936170212767,3.5,0.6728028169014084,2.0121951219512195,4.597560975609756,6.609756097560975,2.2195121951219514,2.1097560975609757,1.1951219512195121,1.9634146341463414,3.5,19.146341463414632,,82.0
145,363.0,34.851851851851855,0.4787777777777777,0.09210526315789473,5.703703703703703,0.8467866666666668,2.111111111111111,6.62962962962963,8.74074074074074,2.753086419753086,3.3950617283950617,1.2962962962962963,1.0246913580246915,3.580246913580247,18.17283950617284,,81.0
146,364.0,21.666666666666668,0.44008333333333327,0.29337209302325584,2.2,0.8465714285714285,0.31666666666666665,1.15,1.4666666666666666,1.9333333333333333,1.3166666666666667,0.6333333333333333,0.16666666666666666,1.9833333333333334,12.483333333333333,,60.0
147,365.0,31.675324675324674,0.48201298701298695,0.3027666666666667,2.857142857142857,0.717,1.5714285714285714,2.675324675324675,4.246753246753247,2.5584415584415585,1.974025974025974,1.3636363636363635,0.7662337662337663,2.7012987012987013,13.428571428571429,,77.0
148,368.0,7.0,0.4,,0.6,1.0,0.4,1.2,1.6,0.4,0.0,0.4,0.4,0.8,1.4,,5.0
149,371.0,26.950617283950617,0.4535185185185185,0.22916666666666666,2.4814814814814814,0.75440625,2.1728395061728394,3.654320987654321,5.827160493827161,1.3703703703703705,1.7530864197530864,0.5432098765432098,0.6172839506172839,3.4814814814814814,14.802469135802468,,81.0
150,378.0,31.20731707317073,0.48821951219512205,0.375725,1.048780487804878,0.7372051282051282,1.3780487804878048,3.5365853658536586,4.914634146341464,3.097560975609756,1.5121951219512195,1.2682926829268293,0.2682926829268293,2.073170731707317,11.573170731707316,,82.0
151,380.0,13.672727272727272,0.4654081632653062,0.1111111111111111,1.1272727272727272,0.7368333333333332,0.8363636363636363,0.7454545454545455,1.5818181818181818,1.1454545454545455,0.7272727272727273,0.9090909090909091,0.12727272727272726,1.309090909090909,6.0,,55.0
152,383.0,35.21739130434783,0.45065217391304346,0.2670769230769231,3.246376811594203,0.7694655172413792,1.7391304347826086,3.1884057971014492,4.927536231884058,3.8840579710144927,2.5217391304347827,1.4202898550724639,0.5217391304347826,2.7681159420289854,16.91304347826087,,69.0
153,393.0,31.71794871794872,0.46546153846153854,0.15217391304347827,3.5,0.7220422535211267,1.5384615384615385,2.782051282051282,4.32051282051282,7.166666666666667,2.551282051282051,1.6794871794871795,0.3076923076923077,1.9615384615384615,13.705128205128204,,78.0
154,397.0,36.02439024390244,0.48315853658536584,0.3966666666666667,5.2073170731707314,0.890948717948718,0.8170731707317073,2.3292682926829267,3.1463414634146343,3.1951219512195124,1.7682926829268293,1.4634146341463414,0.3170731707317073,2.2195121951219514,21.170731707317074,,82.0
155,399.0,28.98611111111111,0.49283333333333335,0.0,3.25,0.5644571428571429,2.7222222222222223,4.722222222222222,7.444444444444445,1.3194444444444444,2.2222222222222223,0.5277777777777778,1.125,2.8333333333333335,13.472222222222221,,72.0
156,400.0,14.73913043478261,0.5469999999999999,0.5,2.9565217391304346,0.7542105263157894,1.7391304347826086,3.260869565217391,5.0,0.6086956521739131,0.5652173913043478,0.4782608695652174,0.043478260869565216,0.8695652173913043,6.782608695652174,,23.0
157,402.0,25.32051282051282,0.4185479452054795,0.375,0.3076923076923077,0.4826086956521739,1.2820512820512822,4.1923076923076925,5.4743589743589745,1.794871794871795,0.6666666666666666,0.9615384615384616,1.2820512820512822,3.3846153846153846,3.5256410256410255,,78.0
158,404.0,23.81081081081081,0.41818055555555556,0.0,1.7162162162162162,0.6762156862745097,1.5945945945945945,3.635135135135135,5.22972972972973,0.9459459459459459,1.1756756756756757,0.6081081081081081,0.527027027027027,3.0,9.85135135135135,,74.0
159,406.0,37.91358024691358,0.5664691358024692,0.0,5.271604938271605,0.5942000000000001,4.222222222222222,9.62962962962963,13.851851851851851,1.876543209876543,3.7901234567901234,0.7407407407407407,3.5308641975308643,3.962962962962963,23.37037037037037,,81.0
160,416.0,17.346153846153847,0.349,0.2879090909090909,3.5,0.7461,0.8461538461538461,1.8461538461538463,2.6923076923076925,0.6153846153846154,1.9230769230769231,0.5,0.6153846153846154,2.230769230769231,7.846153846153846,,26.0
161,417.0,17.308641975308642,0.384379746835443,0.2,1.8518518518518519,0.8121785714285714,1.1481481481481481,1.9135802469135803,3.0617283950617282,0.9382716049382716,0.6296296296296297,0.2839506172839506,0.12345679012345678,2.5555555555555554,7.209876543209877,,81.0
162,418.0,18.48780487804878,0.4407848101265823,0.41694915254237286,1.3658536585365855,0.8378695652173913,0.2682926829268293,0.9390243902439024,1.2073170731707317,2.9634146341463414,0.8780487804878049,0.9634146341463414,0.036585365853658534,1.6585365853658536,6.329268292682927,,82.0
163,420.0,11.583333333333334,0.38218181818181823,,0.5833333333333334,0.43339999999999995,1.8333333333333333,1.5833333333333333,3.4166666666666665,0.0,0.6666666666666666,0.3333333333333333,0.3333333333333333,2.0,4.083333333333333,,12.0
164,422.0,27.066666666666666,0.5007605633802817,0.0,1.92,0.7512978723404256,0.26666666666666666,1.68,1.9466666666666668,7.48,1.9333333333333333,1.1333333333333333,0.21333333333333335,1.88,8.746666666666666,,75.0
165,423.0,17.82857142857143,0.5279714285714284,0.0,2.142857142857143,0.7366346153846153,1.8428571428571427,2.7285714285714286,4.571428571428571,0.5714285714285714,1.457142857142857,0.6285714285714286,0.7571428571428571,2.8142857142857145,9.257142857142858,,70.0
166,426.0,32.82666666666667,0.4384,0.25,2.2266666666666666,0.5880163934426229,3.453333333333333,5.8933333333333335,9.346666666666666,0.9066666666666666,2.12,0.48,0.37333333333333335,2.6533333333333333,12.733333333333333,,75.0
167,428.0,24.455696202531644,0.4636153846153847,0.20833333333333334,1.0632911392405062,0.5419787234042553,0.8227848101265823,1.2278481012658229,2.050632911392405,6.430379746835443,2.037974683544304,0.620253164556962,0.12658227848101267,2.1012658227848102,7.822784810126582,,79.0
168,431.0,33.1025641025641,0.4955384615384615,0.0,4.589743589743589,0.7106533333333332,3.6794871794871793,7.0,10.679487179487179,1.9871794871794872,2.782051282051282,1.5256410256410255,1.8717948717948718,4.1923076923076925,17.794871794871796,,78.0
169,432.0,14.135593220338983,0.45405172413793105,,0.5423728813559322,0.7029090909090909,1.3559322033898304,1.9322033898305084,3.288135593220339,1.0847457627118644,0.9152542372881356,0.3728813559322034,0.3559322033898305,1.728813559322034,6.135593220338983,,59.0
170,433.0,30.463414634146343,0.5161707317073171,0.0,1.6829268292682926,0.620948275862069,2.8292682926829267,5.585365853658536,8.414634146341463,0.9146341463414634,1.2317073170731707,0.9878048780487805,0.7439024390243902,3.292682926829268,8.268292682926829,,82.0
171,442.0,34.714285714285715,0.5268571428571428,0.0,3.4693877551020407,0.6712826086956521,2.816326530612245,6.020408163265306,8.83673469387755,2.3877551020408165,2.2448979591836733,0.9183673469387755,2.204081632653061,3.142857142857143,17.387755102040817,,49.0
172,456.0,38.26923076923077,0.42503846153846153,0.3139054054054054,1.3974358974358974,0.60588,1.2564102564102564,4.294871794871795,5.551282051282051,4.397435897435898,2.8076923076923075,0.8589743589743589,0.38461538461538464,2.5384615384615383,16.78205128205128,,78.0
173,457.0,25.493150684931507,0.4077887323943662,0.2,1.1917808219178083,0.6940975609756097,1.8630136986301369,4.109589041095891,5.972602739726027,1.082191780821918,1.2191780821917808,0.6301369863013698,1.9315068493150684,3.5753424657534247,5.287671232876712,,73.0
174,462.0,22.734939759036145,0.42654320987654326,0.0,2.5783132530120483,0.7694142857142857,1.4457831325301205,4.048192771084337,5.493975903614458,0.963855421686747,1.5060240963855422,0.5662650602409639,0.37349397590361444,3.2048192771084336,9.397590361445783,,83.0
175,468.0,11.74468085106383,0.33254761904761904,0.28441935483870967,0.7021276595744681,0.68335,0.2127659574468085,0.7021276595744681,0.9148936170212766,1.446808510638298,0.8936170212765957,0.7446808510638298,0.06382978723404255,1.2127659574468086,4.382978723404255,,47.0
176,470.0,24.493506493506494,0.4193766233766234,0.3241071428571428,1.7272727272727273,0.7988541666666666,0.33766233766233766,2.155844155844156,2.4935064935064934,5.1558441558441555,1.5064935064935066,1.6233766233766234,0.11688311688311688,2.792207792207792,7.8441558441558445,,77.0
177,475.0,24.983606557377048,0.42308196721311475,0.0,0.9180327868852459,0.6866666666666668,1.5737704918032787,3.80327868852459,5.377049180327869,1.7049180327868851,1.8852459016393444,0.7868852459016393,0.8524590163934426,4.590163934426229,10.39344262295082,,61.0
178,672.0,17.164556962025316,0.4068051948051948,0.34104285714285715,0.7341772151898734,0.7818529411764705,0.8354430379746836,1.9746835443037976,2.810126582278481,1.3924050632911393,0.7215189873417721,0.379746835443038,0.13924050632911392,1.6329113924050633,7.2784810126582276,,79.0
179,694.0,6.675,0.3903947368421053,0.09805882352941177,1.125,0.77,0.45,0.75,1.2,0.375,0.55,0.35,0.125,1.1,3.55,,40.0
180,698.0,22.79268292682927,0.45543902439024403,0.2818529411764706,2.8536585365853657,0.9044393939393939,1.5121951219512195,1.8048780487804879,3.317073170731707,1.646341463414634,1.6341463414634145,0.43902439024390244,0.04878048780487805,2.1097560975609757,14.353658536585366,,82.0
181,716.0,19.8125,0.3808354430379747,0.3680555555555556,1.4,0.55548,0.6125,1.375,1.9875,4.0375,1.75,1.2,0.15,2.1125,8.4,,80.0
182,737.0,19.443037974683545,0.46881081081081083,0.0,1.2025316455696202,0.61136,1.1645569620253164,2.430379746835443,3.5949367088607596,0.8607594936708861,1.0,0.6329113924050633,0.7341772151898734,2.5316455696202533,6.265822784810126,,79.0
183,753.0,23.013333333333332,0.46268493150684925,0.3333333333333333,1.5333333333333334,0.72502,1.0,1.8266666666666667,2.8266666666666667,2.6133333333333333,1.6,1.44,0.4533333333333333,2.7466666666666666,7.56,,75.0
184,754.0,33.5,0.38642857142857145,0.25062962962962965,2.4285714285714284,0.6801428571428572,1.5,2.857142857142857,4.357142857142857,4.678571428571429,4.107142857142857,1.4285714285714286,0.39285714285714285,2.857142857142857,16.321428571428573,,28.0
185,760.0,26.446153846153845,0.4409384615384615,0.2575909090909091,1.7846153846153847,0.5973921568627452,1.9384615384615385,4.3076923076923075,6.246153846153846,1.8615384615384616,1.2923076923076924,1.2307692307692308,0.6307692307692307,2.7846153846153845,10.553846153846154,,65.0
186,761.0,11.541666666666666,0.5194651162790698,0.0,1.2916666666666667,0.7012857142857143,0.9583333333333334,1.5416666666666667,2.5,0.2916666666666667,0.75,0.3125,0.375,2.5625,4.458333333333333,,48.0
187,764.0,39.15853658536585,0.5041951219512194,0.16666666666666666,6.841463414634147,0.738320987654321,2.792682926829268,8.865853658536585,11.658536585365853,3.6707317073170733,2.9390243902439024,1.548780487804878,3.2195121951219514,2.9146341463414633,23.365853658536587,,82.0
188,765.0,36.75308641975309,0.46171604938271604,0.3812375,5.172839506172839,0.8708311688311688,1.123456790123457,3.1481481481481484,4.271604938271605,3.9135802469135803,2.2222222222222223,1.691358024691358,0.37037037037037035,2.3333333333333335,20.28395061728395,,81.0
189,766.0,20.430555555555557,0.5344117647058824,0.16666666666666666,1.0972222222222223,0.7583142857142857,0.6805555555555556,1.7361111111111112,2.4166666666666665,2.5416666666666665,1.2361111111111112,0.9166666666666666,0.125,1.875,6.111111111111111,,72.0
190,767.0,12.476190476190476,0.5188421052631579,,1.2857142857142858,0.7917,0.8571428571428571,1.3333333333333333,2.1904761904761907,0.23809523809523808,1.1904761904761905,0.19047619047619047,0.047619047619047616,1.4761904761904763,4.714285714285714,,21.0
191,769.0,30.390243902439025,0.5115,0.4371538461538461,1.5853658536585367,0.856,0.32926829268292684,1.4878048780487805,1.8170731707317074,4.024390243902439,1.0121951219512195,0.8048780487804879,0.07317073170731707,2.0609756097560976,12.292682926829269,,82.0
192,770.0,19.0,0.6303116883116883,,1.048780487804878,0.5025263157894737,1.8658536585365855,3.7195121951219514,5.585365853658536,0.35365853658536583,1.1341463414634145,0.1951219512195122,1.2560975609756098,2.9634146341463414,5.317073170731708,,82.0
193,771.0,6.363636363636363,0.5620909090909091,,0.36363636363636365,0.4681818181818182,0.38636363636363635,1.0227272727272727,1.4090909090909092,0.18181818181818182,0.5909090909090909,0.18181818181818182,0.4090909090909091,1.2272727272727273,2.3636363636363638,,44.0
194,779.0,37.58536585365854,0.42360975609756096,0.3452926829268293,2.951219512195122,0.798958904109589,1.1219512195121952,4.048780487804878,5.170731707317073,2.1951219512195124,1.9146341463414633,1.1219512195121952,0.3048780487804878,2.451219512195122,18.951219512195124,,82.0
195,780.0,16.126582278481013,0.46022857142857154,0.4,1.6329113924050633,0.6868727272727273,1.5063291139240507,2.481012658227848,3.9873417721518987,0.8734177215189873,1.1012658227848102,0.5569620253164557,0.5443037974683544,3.2025316455696204,5.329113924050633,,79.0
196,781.0,13.86111111111111,0.537327868852459,0.0,0.9305555555555556,0.5573170731707318,1.4305555555555556,2.5555555555555554,3.986111111111111,1.0277777777777777,1.0277777777777777,0.3055555555555556,0.6527777777777778,1.9305555555555556,4.736111111111111,,72.0
197,782.0,38.4,0.48593333333333333,0.373825,4.377777777777778,0.8035116279069768,0.4,3.022222222222222,3.422222222222222,4.911111111111111,2.888888888888889,1.1777777777777778,0.2,3.0444444444444443,21.933333333333334,,45.0
198,783.0,31.439393939393938,0.5526060606060607,0.3181818181818182,2.9545454545454546,0.7364067796610171,1.8181818181818181,4.318181818181818,6.136363636363637,2.9696969696969697,3.0606060606060606,1.2121212121212122,0.6666666666666666,3.5606060606060606,16.893939393939394,,66.0
199,785.0,30.848101265822784,0.45702531645569605,0.22231034482758621,2.9240506329113924,0.8016666666666666,1.2025316455696202,2.392405063291139,3.5949367088607596,7.632911392405063,2.6202531645569622,2.2025316455696204,0.08860759493670886,2.240506329113924,14.405063291139241,,79.0
200,786.0,25.9875,0.43099999999999994,0.25672972972972974,1.9,0.8445636363636364,0.925,1.75,2.675,2.2875,1.175,0.975,0.225,1.925,11.125,,80.0
201,787.0,37.61842105263158,0.5240657894736843,0.27037333333333335,5.855263157894737,0.7614520547945205,3.1184210526315788,9.092105263157896,12.210526315789474,5.065789473684211,3.0657894736842106,1.5657894736842106,0.9736842105263158,2.5921052631578947,25.57894736842105,,76.0
202,788.0,35.975,0.48743749999999997,0.23076923076923078,2.45,0.6472941176470588,4.1875,8.6625,12.85,2.0625,2.6625,0.85,0.5125,3.3,17.9375,,80.0
203,891.0,27.195121951219512,0.49435443037974686,0.0,1.548780487804878,0.6716851851851852,3.5121951219512195,5.121951219512195,8.634146341463415,1.5365853658536586,1.5121951219512195,1.0365853658536586,0.18292682926829268,3.524390243902439,6.890243902439025,,82.0
204,892.0,33.84057971014493,0.4254927536231884,0.25284482758620686,4.043478260869565,0.864983606557377,0.6376811594202898,2.1594202898550723,2.7971014492753623,6.971014492753623,2.8115942028985508,1.5072463768115942,0.08695652173913043,2.5652173913043477,14.492753623188406,,69.0
205,893.0,39.32051282051282,0.4935384615384615,0.31868,6.102564102564102,0.8374594594594594,1.7307692307692308,4.961538461538462,6.6923076923076925,5.487179487179487,2.6538461538461537,2.8333333333333335,0.782051282051282,2.41025641025641,32.57692307692308,,78.0
206,894.0,28.805194805194805,0.48601298701298706,0.35806451612903223,4.064935064935065,0.8964285714285715,0.7532467532467533,1.7402597402597402,2.4935064935064934,2.857142857142857,2.0779220779220777,1.2987012987012987,0.09090909090909091,2.168831168831169,18.22077922077922,,77.0
207,895.0,31.21951219512195,0.5027654320987653,0.0,2.1951219512195124,0.81490625,2.3658536585365852,3.9634146341463414,6.329268292682927,2.1097560975609757,1.3170731707317074,1.3170731707317074,0.4024390243902439,3.073170731707317,11.585365853658537,,82.0
208,896.0,39.53030303030303,0.4486363636363636,0.3124461538461538,4.136363636363637,0.708951612903226,0.9090909090909091,3.0757575757575757,3.984848484848485,10.590909090909092,3.3333333333333335,1.7575757575757576,0.18181818181818182,2.303030303030303,21.5,,66.0
209,897.0,25.97530864197531,0.47940740740740734,0.19622580645161292,1.8148148148148149,0.6750185185185186,1.9012345679012346,3.1481481481481484,5.049382716049383,1.5555555555555556,1.5185185185185186,0.49382716049382713,1.123456790123457,1.962962962962963,9.024691358024691,,81.0
210,898.0,33.28048780487805,0.5071219512195122,0.3018867924528302,2.8902439024390243,0.7908695652173913,1.5,3.158536585365854,4.658536585365853,2.6097560975609757,2.1341463414634148,1.5731707317073171,0.5487804878048781,2.951219512195122,16.853658536585368,,82.0
211,899.0,31.733333333333334,0.4885733333333334,0.404,3.8533333333333335,0.9486857142857144,0.49333333333333335,2.1866666666666665,2.68,8.026666666666667,2.6133333333333333,1.1866666666666668,0.14666666666666667,1.4,18.2,,75.0
212,901.0,32.736111111111114,0.5593888888888888,0.0,2.125,0.5688888888888889,3.0416666666666665,5.138888888888889,8.180555555555555,2.513888888888889,2.0972222222222223,0.5972222222222222,0.2638888888888889,3.25,12.819444444444445,,72.0
213,902.0,27.555555555555557,0.44550617283950616,0.2917166666666667,2.185185185185185,0.8077903225806451,0.7160493827160493,1.3333333333333333,2.049382716049383,4.604938271604938,1.3333333333333333,0.9876543209876543,0.13580246913580246,2.45679012345679,10.555555555555555,,81.0
214,904.0,41.34782608695652,0.512108695652174,0.3932926829268293,3.9782608695652173,0.7955454545454544,0.9130434782608695,4.130434782608695,5.043478260869565,3.608695652173913,3.0217391304347827,1.4782608695652173,0.8913043478260869,1.6521739130434783,25.891304347826086,,46.0
215,905.0,27.609756097560975,0.5470121951219512,,1.451219512195122,0.501719298245614,3.548780487804878,5.2682926829268295,8.817073170731707,0.8414634146341463,0.9634146341463414,0.7682926829268293,1.8048780487804879,3.341463414634146,8.865853658536585,,82.0
216,907.0,11.586206896551724,0.4087678571428571,0.18857894736842107,0.8793103448275862,0.7147307692307692,1.0344827586206897,0.896551724137931,1.9310344827586208,0.8103448275862069,1.0,0.6206896551724138,0.1206896551724138,1.2758620689655173,5.689655172413793,,58.0
217,912.0,17.11764705882353,0.40263076923076924,0.19751851851851854,0.8382352941176471,0.7951666666666667,0.6617647058823529,1.2794117647058822,1.9411764705882353,0.7794117647058824,0.9411764705882353,0.3382352941176471,0.16176470588235295,1.838235294117647,6.294117647058823,,68.0
218,913.0,40.52439024390244,0.5306341463414633,0.20927906976744187,4.097560975609756,0.7656075949367088,3.426829268292683,7.109756097560975,10.536585365853659,4.304878048780488,2.768292682926829,0.6463414634146342,0.32926829268292684,2.2804878048780486,22.073170731707318,,82.0
219,914.0,23.584415584415584,0.5144025974025973,,1.5584415584415585,0.5194218749999999,2.3506493506493507,3.857142857142857,6.207792207792208,0.7662337662337663,1.5714285714285714,0.44155844155844154,1.8311688311688312,4.311688311688312,11.2987012987013,,77.0
220,920.0,34.3780487804878,0.527375,0.3553823529411765,3.3780487804878048,0.7167,3.5,5.170731707317073,8.670731707317072,1.4146341463414633,1.4268292682926829,1.0731707317073171,0.45121951219512196,1.8170731707317074,12.817073170731707,,82.0
221,921.0,37.901408450704224,0.562225352112676,0.5,5.507042253521127,0.7792676056338028,2.3098591549295775,7.915492957746479,10.225352112676056,4.394366197183099,2.112676056338028,0.7464788732394366,0.7887323943661971,2.4507042253521125,20.169014084507044,,71.0
222,922.0,19.632911392405063,0.44945569620253173,0.0,1.6455696202531647,0.6768813559322034,1.6075949367088607,2.5949367088607596,4.2025316455696204,0.6075949367088608,0.8734177215189873,0.7468354430379747,1.2531645569620253,2.088607594936709,7.670886075949367,,79.0
223,925.0,20.379310344827587,0.43235714285714283,0.38331578947368417,1.206896551724138,0.6904375,0.7931034482758621,1.5517241379310345,2.3448275862068964,2.2758620689655173,2.206896551724138,0.4482758620689655,0.1724137931034483,1.8620689655172413,8.275862068965518,,29.0
224,926.0,29.07246376811594,0.4319855072463768,0.29352631578947364,1.2173913043478262,0.643219512195122,1.5507246376811594,2.347826086956522,3.898550724637681,3.8260869565217392,1.9275362318840579,2.2318840579710146,0.2608695652173913,3.1739130434782608,8.956521739130435,,69.0
225,927.0,27.88235294117647,0.49851020408163266,,2.2549019607843137,0.7337027027027027,2.215686274509804,3.9215686274509802,6.137254901960785,1.6274509803921569,1.9803921568627452,0.6274509803921569,1.3725490196078431,3.764705882352941,8.294117647058824,,51.0
226,929.0,13.076923076923077,0.3828888888888889,0.39083870967741935,1.358974358974359,0.8776315789473684,0.5897435897435898,0.7435897435897436,1.3333333333333333,1.205128205128205,0.8205128205128205,0.5384615384615384,0.10256410256410256,1.3846153846153846,7.230769230769231,,39.0
227,930.0,19.666666666666668,0.50228,0.0,1.36,0.5695849056603773,1.44,3.2666666666666666,4.706666666666667,0.9066666666666666,0.8533333333333334,0.64,0.7333333333333333,3.16,6.773333333333333,,75.0
228,931.0,10.870967741935484,0.402983606557377,0.5,1.4516129032258065,0.7549375,0.532258064516129,1.435483870967742,1.967741935483871,0.6290322580645161,0.6774193548387096,0.1774193548387097,0.06451612903225806,1.3225806451612903,6.564516129032258,,62.0
229,932.0,19.089285714285715,0.4510363636363636,0.0,1.2678571428571428,0.684125,1.25,3.6607142857142856,4.910714285714286,2.107142857142857,1.9107142857142858,0.6607142857142857,1.7857142857142858,2.5892857142857144,5.589285714285714,,56.0
230,934.0,36.30263157894737,0.4558815789473684,0.17922641509433962,5.5394736842105265,0.7878783783783785,3.25,7.9605263157894735,11.210526315789474,3.6315789473684212,3.1973684210526314,1.2105263157894737,1.6578947368421053,2.763157894736842,20.68421052631579,,76.0
231,937.0,38.55555555555556,0.48308641975308636,0.21912962962962965,2.8641975308641974,0.6482222222222221,2.506172839506173,5.160493827160494,7.666666666666667,6.2592592592592595,3.037037037037037,2.1358024691358026,0.8888888888888888,2.7037037037037037,18.641975308641975,,81.0
232,938.0,34.111111111111114,0.48431944444444436,0.125,5.513888888888889,0.7278591549295774,3.5972222222222223,8.152777777777779,11.75,1.3888888888888888,2.8194444444444446,0.5277777777777778,1.1527777777777777,3.611111111111111,17.11111111111111,,72.0
233,944.0,2.75,0.33330000000000004,,0.6875,0.8571428571428571,0.375,0.5,0.875,0.1875,0.3125,0.1875,0.0625,0.875,1.3125,,16.0
234,1005.0,28.35593220338983,0.4353559322033899,0.30784905660377365,3.7966101694915255,0.7395090909090909,1.9491525423728813,2.542372881355932,4.491525423728813,3.016949152542373,3.0338983050847457,1.11864406779661,0.4915254237288136,3.542372881355932,16.966101694915253,,59.0
235,1006.0,10.381818181818181,0.38355999999999996,,0.2545454545454545,0.6758888888888889,0.8,1.8545454545454545,2.6545454545454548,0.34545454545454546,0.4,0.38181818181818183,0.509090909090909,1.4181818181818182,2.8727272727272726,,55.0
236,1008.0,21.594594594594593,0.42181081081081084,0.24336585365853663,1.527027027027027,0.7845869565217392,0.44594594594594594,1.3918918918918919,1.837837837837838,4.581081081081081,1.635135135135135,1.0810810810810811,0.05405405405405406,1.2297297297297298,8.85135135135135,,74.0
237,1010.0,4.2439024390243905,0.38166666666666665,0.23076923076923078,0.4634146341463415,0.725,0.14634146341463414,0.1951219512195122,0.34146341463414637,0.975609756097561,0.3902439024390244,0.34146341463414637,0.024390243902439025,0.6341463414634146,1.6585365853658536,,41.0
238,1030.0,9.923076923076923,0.4068148148148148,0.2318695652173913,0.38461538461538464,0.7375,0.2,0.5692307692307692,0.7692307692307693,2.3076923076923075,1.0615384615384615,0.27692307692307694,0.03076923076923077,1.0153846153846153,2.4,,65.0
239,1036.0,12.038461538461538,0.41964583333333333,0.1,1.1538461538461537,0.6301111111111112,0.21153846153846154,0.4423076923076923,0.6538461538461539,2.230769230769231,0.8076923076923077,0.4423076923076923,0.07692307692307693,1.3461538461538463,4.519230769230769,,52.0
240,1054.0,10.5,0.4344516129032258,0.0,1.03125,0.5749411764705882,0.90625,1.6875,2.59375,0.3125,0.6875,0.46875,0.34375,1.25,4.59375,,32.0
241,1068.0,5.558139534883721,0.37276,0.0,0.18604651162790697,0.6071428571428571,0.6046511627906976,0.9302325581395349,1.5348837209302326,0.18604651162790697,0.20930232558139536,0.11627906976744186,0.18604651162790697,1.3953488372093024,1.069767441860465,,43.0
242,1080.0,8.8,0.2826666666666667,0.12216666666666669,2.2,0.8832857142857142,0.7,0.4,1.1,0.1,0.7,0.3,0.0,0.9,6.7,,10.0
243,1090.0,15.6,0.1612,,1.8,0.8125,1.0,1.8,2.8,0.8,1.4,0.2,0.2,1.2,4.2,,5.0
244,1101.0,4.0,0.4165,,0.6666666666666666,1.0,0.3333333333333333,1.3333333333333333,1.6666666666666667,0.3333333333333333,1.0,0.0,0.0,0.3333333333333333,2.0,,3.0
245,1106.0,16.037974683544302,0.39330263157894746,,0.8987341772151899,0.6951842105263158,1.1772151898734178,2.5443037974683542,3.721518987341772,0.9493670886075949,1.139240506329114,0.4177215189873418,0.46835443037974683,2.5822784810126582,4.974683544303797,,79.0
246,1114.0,10.294117647058824,0.3541034482758621,0.4,0.6764705882352942,0.7545454545454546,0.5588235294117647,0.5882352941176471,1.1470588235294117,1.0294117647058822,0.5,0.5588235294117647,0.14705882352941177,1.3235294117647058,3.8529411764705883,,34.0
247,1116.0,9.424242424242424,0.30446428571428574,0.07142857142857142,1.0303030303030303,0.5323888888888889,0.5757575757575758,0.5454545454545454,1.121212121212121,1.7272727272727273,0.9696969696969697,0.696969696969697,0.030303030303030304,1.2727272727272727,3.606060606060606,,33.0
248,1118.0,5.566666666666666,0.40178260869565213,,0.6,0.6025384615384616,0.4,0.9,1.3,0.6333333333333333,0.5333333333333333,0.13333333333333333,0.13333333333333333,1.0,1.8666666666666667,,30.0
249,1122.0,37.28169014084507,0.46063380281690136,0.34874647887323945,7.309859154929577,0.8388,2.6338028169014085,4.154929577464789,6.788732394366197,3.1971830985915495,2.591549295774648,0.9859154929577465,0.38028169014084506,1.6338028169014085,29.87323943661972,,71.0
250,1123.0,10.0,0.41605,0.0,0.203125,0.5909090909090909,1.03125,1.984375,3.015625,0.15625,0.546875,0.203125,0.1875,2.078125,1.390625,,64.0
251,1125.0,22.506172839506174,0.5386184210526316,0.0,2.271604938271605,0.7247096774193549,1.9012345679012346,2.8271604938271606,4.728395061728395,1.8024691358024691,1.8888888888888888,0.5802469135802469,0.35802469135802467,2.3580246913580245,9.82716049382716,,81.0
252,1128.0,5.3061224489795915,0.3781860465116279,,0.6938775510204082,0.5858235294117646,0.5306122448979592,0.6938775510204082,1.2244897959183674,0.20408163265306123,0.46938775510204084,0.30612244897959184,0.24489795918367346,1.183673469387755,2.122448979591837,,49.0
253,1365.0,27.01219512195122,0.47987804878048784,0.23529411764705882,2.3292682926829267,0.804796875,2.048780487804878,3.9146341463414633,5.963414634146342,1.9878048780487805,2.0853658536585367,0.8780487804878049,0.6219512195121951,3.0365853658536586,13.548780487804878,,82.0
254,1380.0,20.428571428571427,0.42702702702702705,0.29927868852459016,0.935064935064935,0.692764705882353,1.1168831168831168,1.6883116883116882,2.8051948051948052,1.922077922077922,1.3246753246753247,0.4935064935064935,0.38961038961038963,1.87012987012987,9.103896103896103,,77.0
255,1432.0,8.666666666666666,0.31709090909090903,,0.5833333333333334,0.79175,0.3333333333333333,1.25,1.5833333333333333,0.25,0.5,0.4166666666666667,0.4166666666666667,1.4166666666666667,2.75,,12.0
256,1450.0,23.323943661971832,0.43974285714285716,0.09375,2.3098591549295775,0.8130535714285713,1.3380281690140845,3.704225352112676,5.042253521126761,1.028169014084507,1.295774647887324,0.22535211267605634,0.8169014084507042,1.7746478873239437,10.732394366197184,,71.0
257,1460.0,28.76829268292683,0.4390853658536586,0.17694545454545454,2.0853658536585367,0.8126896551724139,0.8902439024390244,2.1219512195121952,3.0121951219512195,3.3902439024390243,1.670731707317073,1.1219512195121952,0.32926829268292684,1.0609756097560976,14.890243902439025,,82.0
258,1472.0,23.602739726027398,0.42412328767123286,0.3521739130434782,3.3013698630136985,0.8425538461538461,1.3150684931506849,3.410958904109589,4.726027397260274,1.3835616438356164,1.2602739726027397,0.589041095890411,0.3013698630136986,2.904109589041096,12.219178082191782,,73.0
259,1474.0,19.183098591549296,0.43092857142857144,0.0,1.647887323943662,0.777,1.0422535211267605,2.887323943661972,3.9295774647887325,0.9577464788732394,0.8732394366197183,0.5915492957746479,0.18309859154929578,2.5492957746478875,7.225352112676056,,71.0
260,1479.0,18.79268292682927,0.42092682926829267,0.0,1.3780487804878048,0.6873207547169811,1.7926829268292683,2.975609756097561,4.7682926829268295,0.7804878048780488,1.1585365853658536,0.3902439024390244,0.2804878048780488,2.317073170731707,5.670731707317073,,82.0
261,1489.0,36.26086956521739,0.43053623188405793,0.1111111111111111,4.318840579710145,0.770258064516129,2.260869565217391,4.913043478260869,7.173913043478261,4.521739130434782,2.8405797101449277,1.3768115942028984,0.5507246376811594,2.8550724637681157,17.89855072463768,,69.0
262,1593.0,11.833333333333334,0.453952380952381,0.0,0.6458333333333334,0.6578947368421053,1.3541666666666667,2.9166666666666665,4.270833333333333,0.5416666666666666,0.75,0.2708333333333333,0.5208333333333334,1.9166666666666667,3.9791666666666665,,48.0
263,1603.0,21.324324324324323,0.37597260273972605,0.1236774193548387,1.7432432432432432,0.7366666666666666,0.7027027027027027,1.945945945945946,2.6486486486486487,1.6486486486486487,1.5135135135135136,1.0135135135135136,0.24324324324324326,3.0135135135135136,7.972972972972973,,74.0
264,1622.0,15.921875,0.4046,0.4,0.5625,0.7083181818181818,0.828125,1.640625,2.46875,1.265625,0.8125,0.1875,0.234375,1.546875,3.46875,,64.0
265,1628.0,4.833333333333333,0.4166,,0.5,0.75,0.5,1.1666666666666667,1.6666666666666667,0.6666666666666666,0.5,0.16666666666666666,0.5,1.0,2.1666666666666665,,6.0
266,1667.0,13.566037735849056,0.41011764705882353,0.5158571428571429,0.6415094339622641,0.8289473684210527,0.22641509433962265,0.8113207547169812,1.0377358490566038,2.9245283018867925,0.9811320754716981,0.5660377358490566,0.018867924528301886,1.6037735849056605,4.018867924528302,,53.0
267,1683.0,8.25,0.24275,0.0,0.75,0.6666666666666666,0.25,0.5,0.75,0.75,0.25,0.25,0.25,0.0,3.75,,4.0
268,1814.0,15.825,0.43917808219178084,0.13636363636363635,1.1875,0.8006315789473684,0.4,0.8,1.2,2.45,0.85,0.6,0.1875,1.2,4.3375,,80.0
269,1821.0,6.702702702702703,0.4824074074074074,0.125,0.43243243243243246,0.5818181818181819,0.7297297297297297,0.7567567567567568,1.4864864864864864,0.2972972972972973,0.4594594594594595,0.10810810810810811,0.05405405405405406,0.8918918918918919,2.6216216216216215,,37.0
270,1839.0,22.390625,0.40140624999999996,0.17592592592592593,2.15625,0.7237916666666667,2.40625,3.375,5.78125,0.765625,1.6875,0.984375,0.703125,3.53125,9.65625,,64.0
271,1847.0,18.228571428571428,0.4294202898550725,,1.7,0.8014761904761905,0.7571428571428571,2.3142857142857145,3.0714285714285716,0.8714285714285714,0.8571428571428571,0.2857142857142857,0.6714285714285714,1.2571428571428571,7.5,,70.0
272,1855.0,23.770833333333332,0.42139583333333336,0.0,0.875,0.7097083333333334,0.6875,1.4583333333333333,2.1458333333333335,2.625,1.5,1.4375,0.0625,2.8125,7.458333333333333,,48.0
273,1861.0,17.076923076923077,0.41213043478260863,0.0,1.2884615384615385,0.7693043478260869,0.5384615384615384,0.6923076923076923,1.2307692307692308,2.7884615384615383,1.4038461538461537,0.4423076923076923,0.07692307692307693,1.2692307692307692,6.0576923076923075,,52.0
274,1874.0,13.333333333333334,0.34375,,0.4444444444444444,0.5,1.3333333333333333,1.8888888888888888,3.2222222222222223,0.6666666666666666,1.2222222222222223,0.8888888888888888,0.1111111111111111,1.7777777777777777,2.6666666666666665,,9.0
275,2349.0,24.34722222222222,0.4987042253521127,0.4912105263157895,1.5416666666666667,0.6977,1.8333333333333333,4.0,5.833333333333333,1.2916666666666667,1.6666666666666667,0.4722222222222222,0.7361111111111112,3.0277777777777777,11.23611111111111,,72.0
276,76001.0,17.48,0.5071527777777778,0.0,1.1733333333333333,0.778875,1.68,2.8133333333333335,4.493333333333333,0.36,1.2933333333333332,0.3333333333333333,0.3466666666666667,2.52,7.706666666666667,,75.0
277,76009.0,14.944444444444445,0.4901764705882353,0.5,0.6111111111111112,0.7381428571428571,1.4444444444444444,2.2777777777777777,3.7222222222222223,0.2777777777777778,0.7222222222222222,0.16666666666666666,0.3333333333333333,1.8888888888888888,3.5555555555555554,,18.0
278,76016.0,20.705882352941178,0.41753999999999997,0.28468421052631576,1.9411764705882353,0.7631333333333333,0.8431372549019608,2.1372549019607843,2.980392156862745,2.0392156862745097,1.3333333333333333,0.3333333333333333,0.13725490196078433,1.9607843137254901,9.862745098039216,,51.0
279,76017.0,27.0375,0.46567500000000006,0.4089240506329114,1.5375,0.8792549019607843,0.6125,2.0625,2.675,3.25,1.4125,0.8625,0.1,2.1875,11.8375,,80.0
280,76046.0,18.304347826086957,0.39294029850746265,0.2739615384615385,1.0434782608695652,0.8088076923076923,0.8985507246376812,1.7681159420289856,2.6666666666666665,1.3478260869565217,0.9130434782608695,0.4492753623188406,0.07246376811594203,1.0869565217391304,8.130434782608695,,69.0
281,76082.0,9.7,0.37160000000000004,0.0,0.5,0.8333333333333334,0.1,0.6,0.7,2.0,1.7,0.2,0.0,1.1,2.3,,10.0
282,76097.0,7.608695652173913,0.33233333333333337,0.16666666666666666,0.5217391304347826,0.5833333333333334,0.43478260869565216,1.173913043478261,1.608695652173913,1.2608695652173914,0.7391304347826086,0.34782608695652173,0.13043478260869565,1.2173913043478262,2.217391304347826,,23.0
283,76123.0,9.666666666666666,0.32366666666666666,0.0,0.6666666666666666,1.0,2.3333333333333335,1.3333333333333333,3.6666666666666665,0.6666666666666666,0.6666666666666666,0.3333333333333333,0.0,0.6666666666666666,4.666666666666667,,3.0
284,76138.0,4.125,0.32046153846153846,1.0,0.375,0.58325,0.0625,0.5625,0.625,0.0,0.0625,0.0,0.0625,0.9375,1.5625,,16.0
285,76148.0,11.426666666666666,0.4139444444444444,0.285734693877551,0.4,0.7205882352941176,0.16,0.68,0.84,1.8133333333333332,0.6666666666666666,0.4,0.0,1.4666666666666666,3.68,,75.0
286,76176.0,23.9,0.43643333333333334,0.4642857142857143,1.1833333333333333,0.7606060606060606,0.38333333333333336,1.3166666666666667,1.7,2.6166666666666667,1.0833333333333333,0.36666666666666664,0.16666666666666666,2.15,9.666666666666666,,60.0
287,76180.0,4.037037037037037,0.32821052631578945,0.0,0.2222222222222222,0.75,0.37037037037037035,0.48148148148148145,0.8518518518518519,0.25925925925925924,0.18518518518518517,0.14814814814814814,0.07407407407407407,0.5185185185185185,1.2592592592592593,,27.0
288,76183.0,10.524590163934427,0.42696078431372547,0.2944333333333333,0.32786885245901637,0.5750000000000001,0.29508196721311475,0.819672131147541,1.1147540983606556,1.180327868852459,0.5081967213114754,0.26229508196721313,0.08196721311475409,1.0,2.639344262295082,,61.0
289,76184.0,6.5,0.6665,,0.0,,1.0,0.5,1.5,0.5,0.5,1.0,0.0,0.5,3.0,,2.0
290,76195.0,14.741379310344827,0.40177777777777784,0.18886666666666668,0.20689655172413793,0.6167,0.7586206896551724,2.5689655172413794,3.3275862068965516,0.3103448275862069,0.8620689655172413,0.2413793103448276,2.0517241379310347,1.5,2.1724137931034484,,58.0
291,76217.0,26.481012658227847,0.4559615384615384,0.3333333333333333,1.7848101265822784,0.7993333333333335,2.0,5.037974683544304,7.037974683544304,1.6075949367088607,1.518987341772152,0.4050632911392405,1.620253164556962,2.8607594936708862,9.075949367088608,,79.0
292,76247.0,8.916666666666666,0.479125,,0.16666666666666666,0.3333333333333333,0.8333333333333334,1.5,2.3333333333333335,0.5,0.4166666666666667,0.16666666666666666,0.25,1.0,2.6666666666666665,,12.0
293,76265.0,10.381818181818181,0.3557999999999999,0.19165000000000001,0.6363636363636364,0.8088235294117647,0.4,1.0727272727272728,1.4727272727272727,0.6181818181818182,0.7090909090909091,0.18181818181818182,0.03636363636363636,0.8363636363636363,4.127272727272727,,55.0
294,76316.0,8.75,0.29475,0.25,2.0,0.8889999999999999,0.5,0.25,0.75,1.5,1.0,0.5,0.0,1.25,7.25,,4.0
295,76337.0,16.69811320754717,0.46971153846153846,0.0,1.2830188679245282,0.7118484848484848,1.6603773584905661,1.490566037735849,3.150943396226415,1.0943396226415094,1.1886792452830188,0.4528301886792453,0.11320754716981132,2.4150943396226414,6.981132075471698,,53.0
296,76338.0,18.310344827586206,0.442561403508772,0.25,1.0172413793103448,0.7268214285714285,1.0172413793103448,1.6551724137931034,2.6724137931034484,1.0689655172413792,0.8793103448275862,0.5862068965517241,0.08620689655172414,2.586206896551724,7.741379310344827,,58.0
297,76362.0,19.88888888888889,0.40803225806451604,,1.1428571428571428,0.7299142857142856,1.3174603174603174,2.380952380952381,3.6984126984126986,1.3174603174603174,0.9841269841269841,0.31746031746031744,0.15873015873015872,2.4444444444444446,5.619047619047619,,63.0
298,76385.0,14.571428571428571,0.5265151515151515,0.0,0.6857142857142857,0.875,0.14285714285714285,1.0571428571428572,1.2,3.057142857142857,0.9428571428571428,0.9428571428571428,0.05714285714285714,1.0,3.6,,35.0
299,76431.0,13.612903225806452,0.40995999999999994,,0.5806451612903226,0.9761428571428572,0.5161290322580645,1.064516129032258,1.5806451612903225,2.096774193548387,0.6774193548387096,1.096774193548387,0.12903225806451613,1.2580645161290323,2.3870967741935485,,31.0
300,76450.0,10.5,0.7101,0.0,1.6,0.7778333333333333,0.1,0.6,0.7,1.6,0.8,0.6,0.0,1.8,4.4,,10.0
301,76488.0,8.3,0.42600000000000005,,1.3,0.7384615384615384,0.85,1.6,2.45,0.6,0.4,0.35,0.1,1.5,2.9,,20.0
302,76583.0,15.666666666666666,0.5634,,0.8333333333333334,0.7776666666666667,1.0,3.8333333333333335,4.833333333333333,0.16666666666666666,0.6666666666666666,0.16666666666666666,1.1666666666666667,2.1666666666666665,3.5,,6.0
303,76631.0,17.25,0.5360357142857143,,0.546875,0.6458333333333334,1.140625,2.984375,4.125,0.265625,0.671875,0.28125,1.234375,2.234375,2.765625,,64.0
304,76676.0,5.166666666666667,0.33325,0.0,0.0,0.0,0.3333333333333333,0.6666666666666666,1.0,0.16666666666666666,0.6666666666666666,0.5,0.3333333333333333,0.8333333333333334,1.0,,6.0
305,76726.0,16.673076923076923,0.38381632653061226,0.2617037037037037,1.5576923076923077,0.7788461538461539,0.2692307692307692,1.3846153846153846,1.6538461538461537,2.5384615384615383,1.3076923076923077,0.6153846153846154,0.11538461538461539,1.1346153846153846,6.634615384615385,,52.0
306,76782.0,15.212121212121213,0.4195538461538461,0.46153846153846156,1.2272727272727273,0.9171428571428569,0.48484848484848486,1.1515151515151516,1.6363636363636365,2.090909090909091,1.0151515151515151,0.5909090909090909,0.06060606060606061,1.7575757575757576,5.924242424242424,,66.0
307,76801.0,7.916666666666667,0.35758333333333336,0.0,0.4166666666666667,0.8409090909090909,0.1875,0.375,0.5625,1.2291666666666667,0.6458333333333334,0.20833333333333334,0.0625,0.5208333333333334,2.5416666666666665,,48.0
308,76821.0,14.133333333333333,0.3526363636363636,0.24165,0.4166666666666667,0.6573888888888889,1.0166666666666666,1.35,2.3666666666666667,1.2833333333333334,0.5833333333333334,0.55,0.3,1.7333333333333334,5.266666666666667,,60.0
309,76826.0,7.382352941176471,0.46113333333333334,,0.2647058823529412,0.9166666666666666,1.0,1.5,2.5,0.20588235294117646,0.3235294117647059,0.029411764705882353,0.2647058823529412,0.8235294117647058,2.735294117647059,,34.0
310,76842.0,18.85,0.4266875,0.27244262295081967,1.2,0.749468085106383,0.7625,1.6125,2.375,2.05,1.5,1.075,0.075,2.3125,8.125,,80.0
311,76875.0,6.230769230769231,0.48733333333333334,0.3,0.23076923076923078,0.8333333333333334,0.3076923076923077,0.38461538461538464,0.6923076923076923,0.5384615384615384,0.6923076923076923,0.15384615384615385,0.07692307692307693,0.8461538461538461,4.769230769230769,,13.0
312,76876.0,8.435897435897436,0.38789655172413795,0.0,0.6410256410256411,0.7708333333333334,0.8205128205128205,2.2051282051282053,3.0256410256410255,0.6153846153846154,0.5128205128205128,0.15384615384615385,0.1282051282051282,0.9487179487179487,2.3846153846153846,,39.0
313,76904.0,6.71875,0.382625,,0.40625,0.5151818181818182,0.8125,1.1875,2.0,0.53125,0.3125,0.28125,0.3125,1.5,1.59375,,32.0
314,76968.0,8.81578947368421,0.4937857142857142,0.25,0.5263157894736842,0.7124230769230769,0.5789473684210527,1.2236842105263157,1.8026315789473684,0.4473684210526316,0.3815789473684211,0.15789473684210525,0.10526315789473684,1.513157894736842,2.0526315789473686,,76.0
315,77019.0,20.652173913043477,0.37379411764705883,0.28601724137931034,1.8840579710144927,0.8485555555555556,0.9565217391304348,1.8405797101449275,2.7971014492753623,1.7246376811594204,0.9130434782608695,0.7391304347826086,0.42028985507246375,2.0434782608695654,8.27536231884058,,69.0
316,77053.0,5.0,1.0,,0.0,0.0,0.5,1.5,2.0,0.0,0.0,0.0,0.0,1.0,1.0,,2.0
317,77065.0,19.044117647058822,0.418078125,0.14285714285714285,1.0588235294117647,0.8237096774193549,0.9705882352941176,2.1470588235294117,3.1176470588235294,0.9852941176470589,1.0,0.8088235294117647,0.5,3.1911764705882355,6.455882352941177,,68.0
318,77081.0,26.076923076923077,0.42137179487179494,0.18998,1.294871794871795,0.7466136363636363,0.5128205128205128,1.3205128205128205,1.8333333333333333,4.064102564102564,1.6923076923076923,1.294871794871795,0.14102564102564102,3.0256410256410255,8.846153846153847,,78.0
319,77096.0,11.25,0.4166666666666667,1.0,0.75,0.375,0.5,0.5,1.0,0.5,1.0,0.25,0.0,1.25,5.5,,4.0
320,77098.0,25.271428571428572,0.4416857142857143,0.3260151515151515,1.6285714285714286,0.7866666666666666,0.44285714285714284,1.5571428571428572,2.0,4.685714285714286,1.8428571428571427,0.7,0.08571428571428572,1.4428571428571428,8.714285714285714,,70.0
321,77130.0,17.63013698630137,0.45004477611940297,0.0,1.2602739726027397,0.7016500000000001,1.0684931506849316,1.6027397260273972,2.671232876712329,1.2191780821917808,0.958904109589041,0.4931506849315068,0.2465753424657534,2.5616438356164384,6.5479452054794525,,73.0
322,77138.0,8.476190476190476,0.323175,0.23076923076923078,0.9523809523809523,0.7176111111111111,0.42857142857142855,0.7142857142857143,1.1428571428571428,0.30952380952380953,0.6666666666666666,0.19047619047619047,0.023809523809523808,0.5476190476190477,3.738095238095238,,42.0
323,77146.0,14.571428571428571,0.40901408450704224,0.05,0.7662337662337663,0.775,0.5324675324675324,0.935064935064935,1.4675324675324675,2.4155844155844157,1.0389610389610389,0.7792207792207793,0.1038961038961039,1.4415584415584415,4.311688311688312,,77.0
324,77208.0,26.5,0.41700000000000004,,2.0,0.38125,1.25,3.5,4.75,0.75,3.0,0.75,1.25,3.5,11.0,,4.0
325,77251.0,10.375,0.4961388888888889,0.4,0.9,0.7870555555555555,0.625,1.65,2.275,0.35,0.525,0.1,0.3,1.575,3.875,,40.0
326,77260.0,6.111111111111111,0.4687777777777778,0.3,0.3333333333333333,0.4166666666666667,0.3333333333333333,0.8888888888888888,1.2222222222222223,0.5555555555555556,0.6666666666666666,0.1111111111111111,0.0,1.1111111111111112,3.6666666666666665,,9.0
327,77261.0,5.0,0.2,0.5,0.0,,0.0,0.0,0.0,0.3333333333333333,0.0,0.3333333333333333,0.0,0.3333333333333333,1.6666666666666667,,3.0
328,77264.0,13.4375,0.4737142857142857,0.16666666666666666,1.21875,0.6033529411764705,1.09375,1.28125,2.375,0.5625,0.65625,0.34375,0.09375,1.65625,6.96875,,32.0
329,77294.0,5.857142857142857,0.13,0.0,1.5714285714285714,0.7223333333333333,0.0,0.14285714285714285,0.14285714285714285,1.4285714285714286,0.42857142857142855,0.2857142857142857,0.14285714285714285,0.14285714285714285,2.4285714285714284,,7.0
330,77335.0,7.095238095238095,0.5438235294117647,,0.23809523809523808,0.28125,1.1428571428571428,1.380952380952381,2.5238095238095237,0.8095238095238095,0.3333333333333333,0.5714285714285714,0.14285714285714285,1.5238095238095237,2.8095238095238093,,21.0
331,77358.0,6.6,0.16666666666666666,0.333,0.0,,0.0,0.4,0.4,1.0,0.6,0.0,0.2,1.4,1.0,,5.0
332,77372.0,12.068493150684931,0.44309375,0.4325081967213115,0.5753424657534246,0.8392857142857143,0.273972602739726,0.9452054794520548,1.2191780821917808,2.315068493150685,0.6575342465753424,0.547945205479452,0.0958904109589041,1.1095890410958904,4.493150684931507,,73.0
333,77384.0,39.3,0.463275,0.24470731707317073,4.075,0.8635333333333334,1.1,3.2375,4.3375,3.725,1.6625,1.475,0.9625,3.1,20.825,,80.0
334,77386.0,20.32051282051282,0.3619090909090909,0.3191470588235294,1.3076923076923077,0.6380444444444444,1.6794871794871795,2.6153846153846154,4.294871794871795,1.3461538461538463,1.0128205128205128,0.8205128205128205,0.2692307692307692,1.8333333333333333,8.051282051282051,,78.0
335,77387.0,15.666666666666666,0.4512888888888889,0.4,1.6875,0.7997333333333333,0.7291666666666666,1.3958333333333333,2.125,1.0833333333333333,1.0208333333333333,0.5833333333333334,0.22916666666666666,1.25,6.895833333333333,,48.0
336,77426.0,8.1,0.509090909090909,0.0,0.65,0.7339285714285715,0.3,0.575,0.875,0.625,0.6,0.275,0.15,1.1,2.15,,40.0
337,77449.0,9.454545454545455,0.2524545454545455,,2.1818181818181817,0.7777777777777778,2.0,2.1818181818181817,4.181818181818182,0.6363636363636364,0.9090909090909091,0.09090909090909091,0.7272727272727273,0.5454545454545454,4.545454545454546,,11.0
338,77486.0,12.093023255813954,0.5236923076923076,0.0,1.0465116279069768,0.5920000000000001,1.5348837209302326,2.2790697674418605,3.813953488372093,0.27906976744186046,0.8837209302325582,0.2558139534883721,0.4186046511627907,1.744186046511628,5.372093023255814,,43.0
339,77496.0,16.06122448979592,0.356625,0.26391891891891894,1.1020408163265305,0.6320434782608696,0.40816326530612246,0.673469387755102,1.0816326530612246,1.469387755102041,1.0204081632653061,0.42857142857142855,0.061224489795918366,1.2040816326530612,6.959183673469388,,49.0
340,77647.0,4.08,0.4236875,,0.12,0.8335,0.24,0.24,0.48,0.16,0.32,0.12,0.04,0.56,2.2,,25.0
341,77685.0,35.753246753246756,0.5477012987012987,0.0,2.6233766233766236,0.8139218749999999,2.3896103896103895,6.285714285714286,8.675324675324676,2.896103896103896,1.3896103896103895,0.7012987012987013,2.5714285714285716,2.896103896103896,16.467532467532468,,77.0
342,77697.0,7.512195121951219,0.3126206896551724,0.2543684210526316,0.21951219512195122,0.7,0.2926829268292683,1.2682926829268293,1.5609756097560976,0.36585365853658536,0.17073170731707318,0.2926829268292683,0.04878048780487805,1.0,1.6829268292682926,,41.0
343,77776.0,2.8333333333333335,0.625,,0.5,0.75,0.3333333333333333,0.6666666666666666,1.0,0.16666666666666666,0.0,0.16666666666666666,0.0,0.6666666666666666,1.5,,6.0
344,77777.0,9.75,0.75,0.5,0.0,0.0,0.25,0.25,0.5,1.75,1.0,0.25,0.0,1.75,2.0,,4.0
345,77789.0,7.487804878048781,0.4199729729729729,0.25,0.34146341463414637,0.5909090909090909,0.4146341463414634,0.8048780487804879,1.2195121951219512,0.8048780487804879,0.3902439024390244,0.34146341463414637,0.14634146341463414,0.5853658536585366,3.8536585365853657,,41.0
346,77794.0,6.2,0.471,,0.3,0.6,0.6,1.6,2.2,0.25,0.5,0.05,0.25,1.45,3.0,,20.0
347,77820.0,17.45762711864407,0.420322033898305,0.51332,0.288135593220339,0.8636363636363636,0.15254237288135594,0.6610169491525424,0.8135593220338984,2.305084745762712,0.5254237288135594,0.6440677966101694,0.03389830508474576,1.6779661016949152,4.169491525423729,,59.0
348,77822.0,11.846153846153847,0.32375000000000004,0.12287500000000001,0.3076923076923077,1.0,0.3076923076923077,1.5384615384615385,1.8461538461538463,1.3846153846153846,0.5384615384615384,0.38461538461538464,0.15384615384615385,1.1538461538461537,6.461538461538462,,13.0
349,77845.0,38.0,0.5170428571428571,0.40932786885245903,4.5,0.8697538461538462,0.6,2.1142857142857143,2.7142857142857144,3.5285714285714285,2.9,1.3428571428571427,0.18571428571428572,3.3857142857142857,22.34285714285714,,70.0
350,77865.0,12.283333333333333,0.46025,0.0,1.15,0.76984375,0.8833333333333333,2.0,2.8833333333333333,0.6666666666666666,1.3,0.23333333333333334,0.18333333333333332,2.35,4.683333333333334,,60.0
351,77879.0,14.88888888888889,0.4617058823529412,0.0,1.1666666666666667,0.791625,0.4444444444444444,1.2777777777777777,1.7222222222222223,1.6666666666666667,1.2777777777777777,0.6111111111111112,0.2777777777777778,2.0,4.388888888888889,,18.0
352,77890.0,4.625,0.37857142857142856,,0.125,0.25,0.25,0.75,1.0,0.25,0.625,0.25,0.25,0.625,2.125,,8.0
353,77905.0,11.416666666666666,0.48394642857142856,0.0,0.5972222222222222,0.6833428571428571,1.0694444444444444,2.0833333333333335,3.1527777777777777,0.7361111111111112,0.5833333333333334,0.5972222222222222,0.25,1.6944444444444444,2.4583333333333335,,72.0
354,78014.0,5.880952380952381,0.26664,0.0,0.21428571428571427,0.75,0.2857142857142857,1.1428571428571428,1.4285714285714286,0.23809523809523808,0.21428571428571427,0.14285714285714285,0.35714285714285715,1.0238095238095237,0.7380952380952381,,42.0
355,78035.0,6.333333333333333,0.09823076923076922,0.04757142857142858,0.7333333333333333,0.75,0.26666666666666666,0.3333333333333333,0.6,1.1333333333333333,0.7333333333333333,0.06666666666666667,0.0,0.4666666666666667,1.7333333333333334,,15.0
356,78041.0,5.0,0.5475714285714286,,0.18181818181818182,0.5,0.8181818181818182,0.8181818181818182,1.6363636363636365,0.18181818181818182,0.5454545454545454,0.18181818181818182,0.0,1.4545454545454546,1.0909090909090908,,11.0
357,78059.0,22.433962264150942,0.46854716981132066,0.25,1.1132075471698113,0.7508571428571429,0.9811320754716981,2.2264150943396226,3.207547169811321,1.4150943396226414,1.0754716981132075,0.7358490566037735,0.5660377358490566,2.830188679245283,8.566037735849056,,53.0
358,78110.0,9.87037037037037,0.3821219512195122,0.0,0.6851851851851852,0.9583333333333334,0.5,1.037037037037037,1.537037037037037,0.8518518518518519,0.5,0.1111111111111111,0.18518518518518517,0.7407407407407407,2.5,,54.0
359,78194.0,22.405797101449274,0.4750298507462687,0.37378571428571433,1.5797101449275361,0.8409729729729729,0.37681159420289856,1.1594202898550725,1.536231884057971,2.6956521739130435,1.4927536231884058,0.8405797101449275,0.13043478260869565,2.579710144927536,9.26086956521739,,69.0
360,78195.0,12.621212121212121,0.41558695652173905,,0.13636363636363635,0.34528571428571425,1.5606060606060606,2.5,4.0606060606060606,0.42424242424242425,0.5909090909090909,0.3484848484848485,0.24242424242424243,2.015151515151515,1.2878787878787878,,66.0
361,78201.0,2.9565217391304346,0.390625,0.0,0.13043478260869565,0.2334,0.6521739130434783,0.2608695652173913,0.9130434782608695,0.043478260869565216,0.17391304347826086,0.17391304347826086,0.043478260869565216,0.6956521739130435,1.0,,23.0
362,78227.0,21.1,0.45763157894736833,0.0,2.05,0.7186999999999999,1.9,2.15,4.05,1.2,1.3,0.85,0.5,3.2,9.35,,20.0
363,78251.0,3.0,0.5,,0.0,,1.0,0.0,1.0,0.0,0.0,0.0,0.0,0.5,1.0,,2.0
364,78261.0,4.0,0.43173333333333336,0.0,0.15789473684210525,0.75,0.3684210526315789,0.631578947368421,1.0,0.15789473684210525,0.3684210526315789,0.10526315789473684,0.10526315789473684,0.5789473684210527,2.1578947368421053,,19.0
365,78273.0,15.333333333333334,0.3895555555555556,0.08328571428571428,0.8888888888888888,0.7776666666666667,0.8888888888888888,0.6666666666666666,1.5555555555555556,1.4444444444444444,1.6666666666666667,0.8888888888888888,0.0,1.4444444444444444,5.555555555555555,,9.0
366,78304.0,12.5,0.35,,0.5,0.5,0.0,1.5,1.5,1.0,0.5,0.0,0.0,0.5,2.5,,2.0
367,78318.0,36.9873417721519,0.41383544303797465,0.30626562500000004,3.518987341772152,0.7040724637681158,0.8987341772151899,2.037974683544304,2.9367088607594938,8.49367088607595,3.5949367088607596,1.5569620253164558,0.22784810126582278,2.810126582278481,17.60759493670886,,79.0
368,78347.0,25.52777777777778,0.4785571428571428,0.3409090909090909,1.6944444444444444,0.7325833333333334,1.8472222222222223,3.875,5.722222222222222,1.2638888888888888,1.7222222222222223,0.4583333333333333,0.2916666666666667,2.6666666666666665,8.097222222222221,,72.0
369,78375.0,13.173913043478262,0.44280952380952376,0.4194259259259259,0.2608695652173913,0.8,0.2318840579710145,0.7971014492753623,1.0289855072463767,1.1884057971014492,0.2608695652173913,0.34782608695652173,0.08695652173913043,0.9420289855072463,5.173913043478261,,69.0
370,78381.0,19.72,0.4704794520547945,0.5,0.7466666666666667,0.8060606060606061,0.9866666666666667,2.3733333333333335,3.36,1.4266666666666667,0.88,0.25333333333333335,0.12,2.56,7.04,,75.0
371,78404.0,12.048780487804878,0.407325,0.273625,1.4146341463414633,0.872421052631579,0.2926829268292683,0.8780487804878049,1.170731707317073,0.6097560975609756,0.4878048780487805,0.3170731707317073,0.17073170731707318,1.0975609756097562,6.195121951219512,,41.0
372,78415.0,6.846153846153846,0.3968,1.0,0.3076923076923077,0.625,0.3076923076923077,0.3076923076923077,0.6153846153846154,0.46153846153846156,0.15384615384615385,0.15384615384615385,0.0,0.9230769230769231,3.4615384615384617,,13.0
373,78437.0,13.81081081081081,0.3143870967741936,0.0,0.32432432432432434,0.5075454545454545,0.5945945945945946,0.972972972972973,1.5675675675675675,1.4324324324324325,0.6756756756756757,0.8918918918918919,0.05405405405405406,1.7027027027027026,2.1621621621621623,,37.0
374,78464.0,7.0,0.0,,0.0,,0.0,0.5,0.5,1.25,0.5,0.25,0.0,0.5,0.0,,4.0
375,78478.0,5.666666666666667,0.5357142857142857,0.0,1.4444444444444444,0.5938000000000001,0.5555555555555556,0.5555555555555556,1.1111111111111112,0.2222222222222222,0.5555555555555556,0.1111111111111111,0.2222222222222222,1.2222222222222223,4.333333333333333,,9.0
376,78528.0,17.155172413793103,0.36419298245614035,0.30294642857142856,0.29310344827586204,0.6558181818181819,0.5,1.0689655172413792,1.5689655172413792,3.1206896551724137,1.3793103448275863,1.1206896551724137,0.05172413793103448,2.189655172413793,4.5344827586206895,,58.0
377,78534.0,7.384615384615385,0.5814166666666667,0.0,1.8461538461538463,0.61865,0.5384615384615384,1.0,1.5384615384615385,0.07692307692307693,0.6538461538461539,0.2692307692307692,0.038461538461538464,1.3076923076923077,6.076923076923077,,26.0
378,78554.0,22.135135135135137,0.41979452054794525,0.1685714285714286,0.9459459459459459,0.5307555555555555,1.1891891891891893,3.081081081081081,4.27027027027027,1.9189189189189189,1.0675675675675675,1.1216216216216217,0.3108108108108108,2.5405405405405403,6.648648648648648,,74.0
379,78555.0,14.807017543859649,0.46527777777777785,0.0,0.8421052631578947,0.7307692307692307,1.7894736842105263,2.210526315789474,4.0,0.6666666666666666,0.49122807017543857,0.3684210526315789,0.7719298245614035,1.5263157894736843,6.105263157894737,,57.0
380,78589.0,8.717948717948717,0.4137027027027027,0.2692307692307692,0.4358974358974359,0.79375,0.4358974358974359,0.8205128205128205,1.2564102564102564,0.3333333333333333,0.38461538461538464,0.2564102564102564,0.2564102564102564,1.0256410256410255,3.6666666666666665,,39.0
381,78615.0,26.810344827586206,0.46765517241379306,0.0,2.0689655172413794,0.692404255319149,1.5,1.6896551724137931,3.189655172413793,1.9827586206896552,1.3620689655172413,0.46551724137931033,0.46551724137931033,2.103448275862069,12.03448275862069,,58.0
382,78621.0,2.5,0.5,,0.0,0.0,0.25,0.25,0.5,0.0,0.0,0.0,0.0,0.0,2.0,,4.0
383,78633.0,12.861538461538462,0.38482142857142854,0.3028292682926829,0.4307692307692308,0.8928571428571429,0.2,0.5230769230769231,0.7230769230769231,1.8307692307692307,0.46153846153846156,0.47692307692307695,0.07692307692307693,0.5538461538461539,2.8923076923076922,,65.0
384,78656.0,12.863636363636363,0.35415,0.25,0.4090909090909091,0.7,0.9090909090909091,1.5909090909090908,2.5,0.22727272727272727,0.5454545454545454,0.22727272727272727,0.45454545454545453,2.772727272727273,3.227272727272727,,22.0
385,100263.0,24.468354430379748,0.5193461538461539,0.35183333333333333,1.1772151898734178,0.8894390243902439,1.3924050632911393,3.911392405063291,5.30379746835443,1.6075949367088607,0.7468354430379747,0.5822784810126582,0.5063291139240507,2.6835443037974684,8.69620253164557,,79.0
386,101258.0,6.914285714285715,0.3394074074074074,0.3333333333333333,0.5142857142857142,0.791625,0.5428571428571428,0.34285714285714286,0.8857142857142857,0.6571428571428571,0.3142857142857143,0.11428571428571428,0.02857142857142857,0.6857142857142857,2.3142857142857145,,35.0
