,PLAYER_ID,MIN,FG_PCT,FG3_PCT,FTM,FT_PCT,OREB,DREB,REB,AST,TOV,STL,BLK,PF,PTS,PLUS_MINUS,no_games_played
0,2.0,17.865671641791046,0.46586567164179105,0.32558139534883723,2.343283582089552,0.8225882352941176,0.2835820895522388,1.3582089552238805,1.6417910447761195,1.9850746268656716,1.537313432835821,0.9253731343283582,0.13432835820895522,1.1940298507462686,10.388059701492537,,67.0
1,3.0,31.89855072463768,0.4509565217391304,0.16666666666666666,2.710144927536232,0.7636785714285714,2.753623188405797,4.420289855072464,7.173913043478261,2.463768115942029,1.8115942028985508,1.289855072463768,0.37681159420289856,3.536231884057971,11.420289855072463,,69.0
2,7.0,10.083333333333334,0.27049999999999996,,0.8055555555555556,0.8375,0.8611111111111112,1.3333333333333333,2.1944444444444446,0.3611111111111111,0.6388888888888888,0.2777777777777778,0.2777777777777778,1.25,2.361111111111111,,36.0
3,9.0,28.123456790123456,0.434,0.1358148148148148,1.7037037037037037,0.8716595744680852,0.345679012345679,1.5432098765432098,1.8888888888888888,4.246913580246914,1.308641975308642,1.3580246913580247,0.2345679012345679,2.2962962962962963,11.91358024691358,,81.0
4,12.0,5.6875,0.3389333333333333,0.25,0.9375,0.6071428571428571,0.3125,0.6666666666666666,1.0,0.6875,0.8125,0.25,0.0,0.875,3.4375,,16.0
5,17.0,34.3235294117647,0.4183823529411765,0.25585714285714284,4.205882352941177,0.7772575757575757,2.264705882352941,4.279411764705882,6.544117647058823,4.897058823529412,2.4558823529411766,1.4411764705882353,0.5,2.9705882352941178,19.16176470588235,,68.0
6,21.0,24.925,0.38203797468354433,0.288515625,1.625,0.7622083333333333,0.5375,1.825,2.3625,4.5625,1.5875,1.425,0.1625,2.0375,7.85,,80.0
7,22.0,27.08974358974359,0.5332857142857144,0.0,3.051282051282051,0.7904848484848485,1.7307692307692308,4.461538461538462,6.1923076923076925,2.0,1.935897435897436,0.6282051282051282,1.0512820512820513,3.6025641025641026,15.692307692307692,,78.0
8,23.0,37.835443037974684,0.52144,0.16875,0.6708860759493671,0.5025151515151515,5.734177215189874,11.569620253164556,17.303797468354432,2.329113924050633,1.7468354430379747,0.6582278481012658,0.4050632911392405,2.8987341772151898,4.6835443037974684,,79.0
9,24.0,14.43421052631579,0.38970588235294124,0.38205357142857144,1.3157894736842106,0.7749999999999999,0.21052631578947367,0.9605263157894737,1.1710526315789473,2.8684210526315788,0.9736842105263158,0.8552631578947368,0.0,0.8157894736842105,5.684210526315789,,76.0
10,26.0,19.763157894736842,0.4783648648648649,0.0,1.1842105263157894,0.7181555555555555,1.6973684210526316,4.0,5.697368421052632,1.4342105263157894,1.5657894736842106,0.5921052631578947,1.0394736842105263,2.8421052631578947,6.947368421052632,,76.0
11,28.0,30.305555555555557,0.47248611111111116,0.14285714285714285,2.5972222222222223,0.7980491803278688,0.8472222222222222,2.361111111111111,3.2083333333333335,2.388888888888889,1.9027777777777777,0.9027777777777778,0.3333333333333333,3.2777777777777777,14.666666666666666,,72.0
12,31.0,18.842105263157894,0.40366666666666673,0.0,0.3157894736842105,0.36363636363636365,2.5,3.210526315789474,5.7105263157894735,0.6578947368421053,0.5789473684210527,0.47368421052631576,1.2105263157894737,2.4210526315789473,2.8947368421052633,,38.0
13,35.0,4.659574468085107,0.5393000000000001,0.0,0.425531914893617,0.48886666666666667,0.5106382978723404,0.7446808510638298,1.2553191489361701,0.19148936170212766,0.3191489361702128,0.10638297872340426,0.19148936170212766,0.6382978723404256,1.872340425531915,,47.0
14,37.0,12.7,0.3755294117647059,0.075,1.3142857142857143,0.8504705882352941,0.3,0.9285714285714286,1.2285714285714286,0.9428571428571428,0.9285714285714286,0.8714285714285714,0.05714285714285714,0.7714285714285715,4.828571428571428,,70.0
15,38.0,14.35820895522388,0.32231147540983607,0.29275,0.29850746268656714,0.6875,0.4925373134328358,1.7462686567164178,2.2388059701492535,0.9253731343283582,0.8656716417910447,0.44776119402985076,0.8208955223880597,2.1194029850746268,4.029850746268656,,67.0
16,41.0,19.205479452054796,0.522029411764706,,0.684931506849315,0.42845000000000005,2.0547945205479454,2.6575342465753424,4.712328767123288,1.2054794520547945,1.2191780821917808,1.0410958904109588,0.1780821917808219,2.3972602739726026,5.123287671232877,,73.0
17,43.0,8.475,0.2729666666666667,0.2894736842105263,0.3,0.8333333333333334,0.125,0.6,0.725,1.325,0.925,0.275,0.025,1.325,1.8,,40.0
18,46.0,12.127272727272727,0.5086382978723404,0.0,0.43636363636363634,0.5277777777777778,0.8909090909090909,2.1818181818181817,3.0727272727272728,0.43636363636363634,0.6181818181818182,0.3090909090909091,0.45454545454545453,2.381818181818182,3.2,,55.0
19,47.0,32.36708860759494,0.498607594936709,,2.721518987341772,0.8223538461538462,2.0126582278481013,5.075949367088608,7.0886075949367084,1.759493670886076,1.5696202531645569,0.46835443037974683,0.6582278481012658,3.670886075949367,16.696202531645568,,79.0
20,49.0,12.037037037037036,0.49129787234042555,,0.8888888888888888,0.7168400000000001,1.2222222222222223,2.3333333333333335,3.5555555555555554,0.3333333333333333,1.0,0.5185185185185185,0.8888888888888888,2.2222222222222223,5.62962962962963,,54.0
21,51.0,32.7125,0.44738749999999994,0.2565396825396825,2.7375,0.9522112676056338,0.3375,1.7625,2.1,4.525,1.8875,1.025,0.125,1.875,17.9625,,80.0
22,52.0,31.070422535211268,0.44473239436619716,0.2204193548387097,4.690140845070423,0.8082121212121213,0.9436619718309859,2.1690140845070425,3.112676056338028,7.211267605633803,2.859154929577465,1.6619718309859155,0.3380281690140845,2.7183098591549295,13.67605633802817,,71.0
23,53.0,23.970149253731343,0.4342835820895522,0.37852542372881354,2.298507462686567,0.8402222222222222,0.417910447761194,2.283582089552239,2.701492537313433,3.1044776119402986,1.626865671641791,0.746268656716418,0.11940298507462686,1.8507462686567164,9.343283582089553,,67.0
24,55.0,19.3,0.5227586206896551,0.0,1.4333333333333333,0.7713125000000001,1.7666666666666666,2.8666666666666667,4.633333333333334,1.1333333333333333,1.1,0.3,0.26666666666666666,2.3,7.766666666666667,,30.0
25,56.0,35.13414634146341,0.5044390243902439,0.23773529411764707,2.024390243902439,0.5824761904761905,1.2804878048780488,2.0,3.2804878048780486,6.024390243902439,2.1097560975609757,2.292682926829268,0.23170731707317074,2.768292682926829,16.451219512195124,,82.0
26,57.0,23.307692307692307,0.39664062499999997,0.28359615384615383,2.230769230769231,0.6772888888888889,1.4307692307692308,2.1846153846153844,3.6153846153846154,2.0923076923076924,2.1538461538461537,1.3692307692307693,0.4307692307692308,2.8615384615384616,10.338461538461539,,65.0
27,61.0,17.226666666666667,0.45237499999999997,,0.92,0.6826571428571429,1.3466666666666667,2.453333333333333,3.8,0.49333333333333335,0.92,0.4266666666666667,0.3466666666666667,2.12,4.706666666666667,,75.0
28,64.0,26.790123456790123,0.4240740740740741,0.3335316455696203,2.691358024691358,0.7900285714285714,1.4814814814814814,3.037037037037037,4.518518518518518,1.3703703703703705,1.271604938271605,0.8271604938271605,0.38271604938271603,2.432098765432099,12.333333333333334,,81.0
29,67.0,11.85135135135135,0.44477419354838715,,0.9594594594594594,0.6922105263157895,0.8378378378378378,1.8513513513513513,2.689189189189189,0.4594594594594595,0.5540540540540541,0.2702702702702703,0.16216216216216217,1.2297297297297298,4.0675675675675675,,74.0
30,70.0,24.829268292682926,0.4904512195121951,0.395578125,1.0121951219512195,0.837170731707317,0.3170731707317073,1.2804878048780488,1.5975609756097562,2.5609756097560976,0.6951219512195121,0.9146341463414634,0.036585365853658534,1.1829268292682926,8.646341463414634,,82.0
31,71.0,27.62162162162162,0.423945945945946,0.22727272727272727,1.2702702702702702,0.6455909090909091,0.7567567567567568,2.2162162162162162,2.972972972972973,6.405405405405405,2.3783783783783785,0.8648648648648649,0.08108108108108109,2.108108108108108,10.0,,37.0
32,72.0,38.23170731707317,0.41358536585365857,0.30908474576271183,4.219512195121951,0.8256666666666667,1.0853658536585367,2.841463414634146,3.926829268292683,9.560975609756097,3.2439024390243905,1.9268292682926829,0.18292682926829268,2.451219512195122,18.75609756097561,,82.0
33,73.0,35.0,0.47240789473684225,,3.3157894736842106,0.7509436619718309,2.723684210526316,4.842105263157895,7.565789473684211,2.539473684210526,1.8289473684210527,1.0263157894736843,1.7105263157894737,2.8815789473684212,13.68421052631579,,76.0
34,76.0,30.22641509433962,0.526132075471698,0.0,3.018867924528302,0.7053023255813954,2.8867924528301887,3.6037735849056602,6.490566037735849,1.7169811320754718,1.7547169811320755,1.1132075471698113,0.4339622641509434,2.339622641509434,19.056603773584907,,53.0
35,77.0,12.278688524590164,0.4010576923076922,0.05555555555555555,0.7049180327868853,0.7689545454545456,0.3114754098360656,0.819672131147541,1.1311475409836065,1.5081967213114753,0.8852459016393442,0.3442622950819672,0.01639344262295082,0.7868852459016393,3.5737704918032787,,61.0
36,78.0,9.4,0.2894814814814815,,0.5333333333333333,0.5243333333333333,0.8666666666666667,1.6333333333333333,2.5,0.5333333333333333,0.7666666666666667,0.3333333333333333,0.26666666666666666,1.9666666666666666,2.3333333333333335,,30.0
37,80.0,30.963414634146343,0.424074074074074,0.31180281690140843,1.1219512195121952,0.48184615384615387,2.0609756097560976,4.036585365853658,6.097560975609756,2.707317073170732,1.829268292682927,0.7073170731707317,0.5609756097560976,2.548780487804878,11.939024390243903,,82.0
38,81.0,16.35820895522388,0.5057230769230769,0.13636363636363635,1.0597014925373134,0.6700263157894737,1.1343283582089552,1.7164179104477613,2.8507462686567164,0.9253731343283582,0.9402985074626866,0.4925373134328358,0.19402985074626866,1.537313432835821,6.791044776119403,,67.0
39,82.0,18.039473684210527,0.47980000000000006,0.0,0.9473684210526315,0.8063823529411766,1.5394736842105263,3.1052631578947367,4.644736842105263,0.9210526315789473,0.9868421052631579,0.5657894736842105,0.3815789473684211,2.8157894736842106,7.131578947368421,,76.0
40,84.0,43.08536585365854,0.434280487804878,0.3515609756097561,4.304878048780488,0.7744078947368421,0.975609756097561,3.9146341463414633,4.890243902439025,4.695121951219512,2.7560975609756095,2.1951219512195124,0.926829268292683,1.9268292682926829,20.975609756097562,,82.0
41,85.0,15.923076923076923,0.43583870967741933,0.3149491525423729,1.0461538461538462,0.7987777777777778,0.47692307692307695,0.9076923076923077,1.3846153846153846,3.276923076923077,1.8307692307692307,0.8461538461538461,0.03076923076923077,1.7538461538461538,6.153846153846154,,65.0
42,87.0,34.792682926829265,0.5763658536585365,0.0,3.1219512195121952,0.563935064935065,3.4878048780487805,8.353658536585366,11.841463414634147,1.548780487804878,2.5121951219512195,0.7195121951219512,4.097560975609756,3.1951219512195124,12.024390243902438,,82.0
43,88.0,4.3428571428571425,0.6730769230769231,,0.5428571428571428,0.95,0.3142857142857143,0.42857142857142855,0.7428571428571429,0.17142857142857143,0.22857142857142856,0.2,0.0,0.7142857142857143,2.142857142857143,,35.0
44,89.0,33.333333333333336,0.38076543209876546,0.31728,1.8518518518518519,0.7584905660377359,0.5802469135802469,2.3580246913580245,2.9382716049382718,5.753086419753086,1.7901234567901234,1.0493827160493827,0.09876543209876543,1.9012345679012346,13.567901234567902,,81.0
45,93.0,23.803571428571427,0.46687500000000004,0.38486000000000004,1.5178571428571428,0.8269444444444445,0.4107142857142857,0.7857142857142857,1.1964285714285714,2.9464285714285716,1.3571428571428572,0.7142857142857143,0.07142857142857142,2.107142857142857,10.964285714285714,,56.0
46,95.0,18.240506329113924,0.45434615384615384,0.0,0.9113924050632911,0.7131142857142858,1.481012658227848,2.5063291139240507,3.9873417721518987,0.46835443037974683,0.8354430379746836,0.4050632911392405,0.3670886075949367,2.367088607594937,5.594936708860759,,79.0
47,96.0,33.67901234567901,0.49166666666666664,0.26595744680851063,3.7037037037037037,0.7619861111111111,1.7777777777777777,3.8271604938271606,5.604938271604938,3.3950617283950617,2.1358024691358026,0.9012345679012346,0.1111111111111111,3.3703703703703702,14.962962962962964,,81.0
48,98.0,34.7037037037037,0.468,0.2885128205128205,2.074074074074074,0.6559999999999999,1.3950617283950617,4.481481481481482,5.8765432098765435,3.6296296296296298,2.037037037037037,1.654320987654321,0.4074074074074074,1.8271604938271604,15.765432098765432,,81.0
49,100.0,16.734177215189874,0.4172692307692307,0.32457377049180325,1.7974683544303798,0.8033148148148149,0.45569620253164556,1.1645569620253164,1.620253164556962,1.518987341772152,0.759493670886076,0.6582278481012658,0.16455696202531644,1.6835443037974684,8.30379746835443,,79.0
50,101.0,28.085365853658537,0.416962962962963,0.3874383561643836,2.3780487804878048,0.8662459016393442,0.5121951219512195,1.7926829268292683,2.3048780487804876,6.134146341463414,2.3536585365853657,0.573170731707317,0.024390243902439025,2.0853658536585367,9.939024390243903,,82.0
51,103.0,27.986842105263158,0.4046184210526316,0.2021639344262295,3.039473684210526,0.6677313432835821,1.513157894736842,2.5657894736842106,4.078947368421052,1.8157894736842106,1.6973684210526316,1.355263157894737,0.6842105263157895,2.9078947368421053,12.710526315789474,,76.0
52,104.0,23.5974025974026,0.4772727272727273,,1.974025974025974,0.6948947368421053,1.7532467532467533,4.7272727272727275,6.48051948051948,0.5714285714285714,1.2597402597402598,0.45454545454545453,1.1688311688311688,2.5714285714285716,9.324675324675324,,77.0
53,105.0,40.0875,0.4092500000000001,0.3611375,2.2,0.7339032258064515,1.5,2.8625,4.3625,3.4375,1.7125,1.6125,0.5375,1.9125,16.5,,80.0
54,107.0,33.63636363636363,0.4774675324675324,0.38523684210526316,1.077922077922078,0.7423157894736842,0.9090909090909091,2.4025974025974026,3.311688311688312,1.0389610389610389,0.974025974025974,0.8571428571428571,0.14285714285714285,1.8311688311688312,15.194805194805195,,77.0
55,109.0,29.25925925925926,0.44244444444444436,0.2573015873015873,1.4197530864197532,0.6861176470588236,1.5802469135802468,3.8518518518518516,5.432098765432099,2.8518518518518516,1.691358024691358,1.4691358024691359,0.9259259259259259,2.2962962962962963,9.91358024691358,,81.0
56,111.0,34.164556962025316,0.5116962025316457,0.30434782608695654,3.0632911392405062,0.6721780821917809,2.7848101265822787,5.848101265822785,8.632911392405063,2.1139240506329116,2.1772151898734178,0.7974683544303798,1.0126582278481013,3.848101265822785,15.379746835443038,,79.0
57,114.0,21.555555555555557,0.48012903225806447,0.6666666666666666,2.365079365079365,0.8294878048780486,1.1904761904761905,1.2857142857142858,2.4761904761904763,1.507936507936508,1.507936507936508,0.49206349206349204,0.20634920634920634,2.0952380952380953,10.492063492063492,,63.0
58,116.0,15.153846153846153,0.43533783783783786,0.44009375,0.7948717948717948,0.7672333333333333,1.3333333333333333,1.7307692307692308,3.0641025641025643,0.6538461538461539,0.44871794871794873,0.5,0.24358974358974358,2.576923076923077,4.128205128205129,,78.0
59,117.0,33.246753246753244,0.47754545454545455,0.5909090909090909,2.6623376623376624,0.8012153846153847,0.6623376623376623,1.922077922077922,2.5844155844155843,1.6233766233766234,1.103896103896104,0.5194805194805194,0.06493506493506493,1.5974025974025974,16.38961038961039,,77.0
60,120.0,35.58974358974359,0.45826923076923065,0.3216438356164384,3.5,0.8290571428571427,2.0,2.5128205128205128,4.512820512820513,5.051282051282051,2.58974358974359,1.0769230769230769,0.44871794871794873,2.782051282051282,17.256410256410255,,78.0
61,121.0,37.620253164556964,0.5000632911392405,0.3181818181818182,5.632911392405063,0.7580759493670884,2.7721518987341773,8.430379746835444,11.20253164556962,2.2658227848101267,3.2911392405063293,1.139240506329114,2.7468354430379747,3.481012658227848,24.544303797468356,,79.0
62,123.0,20.939393939393938,0.44148484848484854,0.25,2.712121212121212,0.755290909090909,0.3787878787878788,1.4848484848484849,1.8636363636363635,5.393939393939394,3.090909090909091,1.2272727272727273,0.13636363636363635,2.227272727272727,9.56060606060606,,66.0
63,124.0,33.9873417721519,0.49760256410256404,0.20706060606060606,2.632911392405063,0.6861911764705882,3.569620253164557,7.2025316455696204,10.772151898734178,3.8860759493670884,2.4177215189873418,1.1645569620253164,1.4177215189873418,3.6455696202531644,14.215189873417721,,79.0
64,128.0,19.454545454545453,0.3719818181818182,0.14617142857142856,1.2363636363636363,0.7915,1.6181818181818182,3.109090909090909,4.7272727272727275,0.41818181818181815,0.6727272727272727,0.41818181818181815,0.6727272727272727,2.090909090909091,6.509090909090909,,55.0
65,129.0,28.7875,0.5189113924050633,0.0,2.825,0.7151969696969697,2.3875,4.825,7.2125,1.425,1.8625,0.875,0.8375,3.45,15.1,,80.0
66,133.0,9.033333333333333,0.3384528301886792,0.20706060606060606,0.7333333333333333,0.8119047619047619,0.16666666666666666,0.5666666666666667,0.7333333333333333,2.05,0.8666666666666667,0.6333333333333333,0.06666666666666667,0.7833333333333333,3.05,,60.0
67,134.0,36.55223880597015,0.4902388059701493,0.22916666666666666,5.6716417910447765,0.8301230769230769,0.8208955223880597,1.671641791044776,2.4925373134328357,9.507462686567164,3.5074626865671643,1.8656716417910448,0.14925373134328357,1.8955223880597014,20.0,,67.0
68,136.0,24.68354430379747,0.41702597402597397,0.16666666666666666,1.4556962025316456,0.7625490196078432,2.3797468354430378,3.8607594936708862,6.2405063291139244,1.1772151898734178,0.9113924050632911,0.8987341772151899,1.1772151898734178,2.240506329113924,5.69620253164557,,79.0
69,137.0,34.28,0.37362666666666666,0.2716351351351351,1.9066666666666667,0.754265306122449,0.56,2.493333333333333,3.0533333333333332,5.066666666666666,2.466666666666667,1.6666666666666667,0.26666666666666666,1.9066666666666667,13.64,,75.0
70,138.0,18.527027027027028,0.3693571428571429,,1.2027027027027026,0.6918461538461538,1.945945945945946,2.6216216216216215,4.5675675675675675,0.8783783783783784,1.1486486486486487,0.44594594594594594,0.4189189189189189,1.9864864864864864,5.256756756756757,,74.0
71,140.0,18.33783783783784,0.4771549295774649,0.0,2.689189189189189,0.7137017543859648,1.2702702702702702,2.081081081081081,3.3513513513513513,0.8243243243243243,1.027027027027027,0.6756756756756757,0.21621621621621623,1.635135135135135,7.391891891891892,,74.0
72,143.0,11.859375,0.35289830508474573,0.3271851851851852,0.953125,0.7454999999999999,0.390625,0.671875,1.0625,1.21875,0.953125,0.4375,0.046875,1.078125,5.34375,,64.0
73,145.0,12.424242424242424,0.43423809523809526,0.417,0.7575757575757576,0.6816666666666666,0.6515151515151515,1.0303030303030303,1.6818181818181819,0.4696969696969697,0.5606060606060606,0.3181818181818182,0.30303030303030304,1.1515151515151516,6.575757575757576,,66.0
74,146.0,6.055555555555555,0.50225,0.3819166666666667,0.2777777777777778,0.5333,0.3611111111111111,0.5277777777777778,0.8888888888888888,0.4444444444444444,0.3333333333333333,0.2222222222222222,0.027777777777777776,0.6666666666666666,2.9444444444444446,,36.0
75,149.0,33.385714285714286,0.3822028985507246,0.25610294117647053,3.2,0.856672131147541,0.5285714285714286,2.085714285714286,2.6142857142857143,6.857142857142857,2.3857142857142857,1.3714285714285714,0.08571428571428572,2.0,12.128571428571428,,70.0
76,156.0,13.676470588235293,0.49627272727272737,0.0,1.2352941176470589,0.6741052631578948,0.35294117647058826,1.1470588235294117,1.5,0.4411764705882353,0.4411764705882353,0.2647058823529412,0.6470588235294118,2.2058823529411766,5.823529411764706,,34.0
77,157.0,26.878048780487806,0.37847560975609756,0.31984057971014496,1.3658536585365855,0.67974,0.24390243902439024,1.475609756097561,1.7195121951219512,4.073170731707317,1.646341463414634,1.524390243902439,0.0975609756097561,1.9878048780487805,9.646341463414634,,82.0
78,165.0,40.9625,0.5321875,0.4411764705882353,4.85,0.7357012987012987,2.8625,9.075,11.9375,3.5875,3.3875,1.6,3.7125,3.6125,27.3,,80.0
79,166.0,38.08,0.4149333333333333,0.2541492537313433,3.986666666666667,0.70325,1.72,4.413333333333333,6.133333333333334,4.586666666666667,3.2266666666666666,1.92,0.72,2.2266666666666666,20.106666666666666,,75.0
80,168.0,25.59493670886076,0.4101645569620253,0.30334920634920637,1.7341772151898733,0.7326774193548388,1.6962025316455696,3.3797468354430378,5.075949367088608,1.620253164556962,1.1265822784810127,0.6835443037974683,0.6329113924050633,2.9367088607594938,9.405063291139241,,79.0
81,170.0,11.45945945945946,0.4776969696969697,0.5,0.40540540540540543,0.7551875,0.6756756756756757,1.9324324324324325,2.608108108108108,0.6081081081081081,0.47297297297297297,0.1891891891891892,0.25675675675675674,1.5945945945945945,3.8513513513513513,,74.0
82,173.0,8.621621621621621,0.3363448275862069,0.1770625,0.24324324324324326,0.875,0.8918918918918919,1.3243243243243243,2.2162162162162162,0.35135135135135137,0.5675675675675675,0.2972972972972973,0.02702702702702703,1.5405405405405406,2.2972972972972974,,37.0
83,174.0,15.96078431372549,0.4638775510204081,0.25,1.4313725490196079,0.7521538461538462,0.13725490196078433,0.6274509803921569,0.7647058823529411,1.6274509803921569,0.803921568627451,0.43137254901960786,0.0196078431372549,1.2941176470588236,6.627450980392157,,51.0
84,176.0,9.148148148148149,0.31877777777777777,,0.4444444444444444,0.41512499999999997,0.9629629629629629,1.2222222222222223,2.185185185185185,0.18518518518518517,0.6296296296296297,0.2962962962962963,0.7037037037037037,1.4444444444444444,2.5925925925925926,,27.0
85,177.0,35.66233766233766,0.46396103896103896,0.16666666666666666,1.6233766233766234,0.7667857142857143,1.0129870129870129,3.051948051948052,4.064935064935065,10.12987012987013,2.220779220779221,1.7272727272727273,0.025974025974025976,1.9090909090909092,10.844155844155845,,77.0
86,178.0,35.3235294117647,0.5094411764705883,0.0,1.4264705882352942,0.49032727272727267,4.397058823529412,7.5,11.897058823529411,0.6029411764705882,1.1470588235294117,0.6176470588235294,0.9852941176470589,2.7794117647058822,11.602941176470589,,68.0
87,179.0,34.792682926829265,0.4428536585365854,0.1875,3.548780487804878,0.8369428571428571,1.451219512195122,2.8048780487804876,4.2560975609756095,2.426829268292683,1.5975609756097562,1.4146341463414633,0.1951219512195122,2.0121951219512195,12.475609756097562,,82.0
88,180.0,6.955555555555556,0.4440285714285714,0.42158823529411765,0.6888888888888889,0.8778,0.24444444444444444,0.4444444444444444,0.6888888888888889,1.711111111111111,0.6,0.3333333333333333,0.022222222222222223,0.8,2.933333333333333,,45.0
89,181.0,28.32051282051282,0.46358974358974353,0.41441891891891897,1.7307692307692308,0.8563399999999999,0.3076923076923077,1.4615384615384615,1.7692307692307692,4.1923076923076925,1.6153846153846154,0.7564102564102564,0.05128205128205128,1.5512820512820513,11.615384615384615,,78.0
90,182.0,34.65822784810127,0.5007594936708862,0.23076923076923078,2.518987341772152,0.6192388059701494,2.911392405063291,5.189873417721519,8.10126582278481,4.1265822784810124,2.7088607594936707,1.0506329113924051,0.759493670886076,3.4050632911392404,15.012658227848101,,79.0
91,183.0,18.8375,0.5747341772151898,0.0,1.7125,0.6417241379310344,1.725,3.85,5.575,0.625,1.3,0.6125,1.0875,2.7625,7.9875,,80.0
92,184.0,21.26388888888889,0.4365909090909091,0.045454545454545456,1.5694444444444444,0.7251463414634147,0.9861111111111112,1.9583333333333333,2.9444444444444446,1.8472222222222223,0.875,0.9305555555555556,0.16666666666666666,1.875,8.305555555555555,,72.0
93,185.0,32.078947368421055,0.5586000000000001,0.0,2.486842105263158,0.5161643835616438,4.0131578947368425,5.118421052631579,9.131578947368421,3.5789473684210527,2.710526315789474,1.2236842105263157,2.1578947368421053,3.25,17.539473684210527,,76.0
94,187.0,19.203389830508474,0.38787931034482764,0.0,1.0677966101694916,0.5516500000000001,2.23728813559322,2.7966101694915255,5.033898305084746,0.847457627118644,1.0,0.5254237288135594,0.22033898305084745,2.3220338983050848,7.271186440677966,,59.0
95,190.0,16.4390243902439,0.47155,,0.975609756097561,0.6212272727272727,1.6585365853658536,2.8780487804878048,4.536585365853658,0.2682926829268293,0.8048780487804879,0.4634146341463415,1.1951219512195121,2.658536585365854,4.439024390243903,,41.0
96,192.0,27.841463414634145,0.3773170731707317,0.3708987341772152,1.5,0.7507608695652174,0.6585365853658537,2.0,2.658536585365854,2.6341463414634148,1.1341463414634145,0.9878048780487805,0.3902439024390244,1.9634146341463414,12.75609756097561,,82.0
97,193.0,26.068493150684933,0.4370277777777778,0.0,1.5890410958904109,0.7515208333333333,2.164383561643836,3.684931506849315,5.8493150684931505,2.0684931506849313,1.4657534246575343,0.4246575342465753,0.1232876712328767,2.6027397260273974,7.232876712328767,,73.0
98,194.0,13.542857142857143,0.45757812499999995,0.03333333333333333,0.5857142857142857,0.8227894736842105,0.4142857142857143,1.3,1.7142857142857142,1.457142857142857,0.8285714285714286,0.45714285714285713,0.17142857142857143,1.1571428571428573,4.571428571428571,,70.0
99,195.0,17.951219512195124,0.4056543209876543,0.3107118644067796,0.7073170731707317,0.6558648648648647,0.3170731707317073,0.9146341463414634,1.2317073170731707,2.6219512195121952,1.1829268292682926,0.5609756097560976,0.04878048780487805,1.3902439024390243,5.280487804878049,,82.0
100,197.0,15.03921568627451,0.45116,0.4,0.9019607843137255,0.7021153846153847,0.9019607843137255,1.6862745098039216,2.588235294117647,1.2156862745098038,0.8823529411764706,0.7254901960784313,0.3137254901960784,1.7254901960784315,4.784313725490196,,51.0
101,198.0,13.785714285714286,0.4030307692307692,0.2602941176470588,0.5428571428571428,0.8875,0.6714285714285714,1.3428571428571427,2.0142857142857142,1.0571428571428572,0.5857142857142857,0.4,0.3142857142857143,1.6142857142857143,5.0,,70.0
102,199.0,32.36585365853659,0.40110975609756094,0.24328571428571424,2.0121951219512195,0.736,1.1951219512195121,3.5853658536585367,4.780487804878049,3.658536585365854,1.9878048780487805,1.4268292682926829,0.8048780487804879,3.5121951219512195,12.987804878048781,,82.0
103,201.0,14.333333333333334,0.20833333333333334,,0.3333333333333333,0.5,2.6666666666666665,1.3333333333333333,4.0,0.8333333333333334,0.3333333333333333,0.6666666666666666,0.5,3.0,2.3333333333333335,,6.0
104,202.0,19.653846153846153,0.41483116883116883,0.252925,0.8333333333333334,0.7906764705882353,0.5384615384615384,1.2820512820512822,1.8205128205128205,3.730769230769231,1.7435897435897436,1.5256410256410255,0.15384615384615385,1.7820512820512822,7.538461538461538,,78.0
105,203.0,25.84931506849315,0.412054794520548,0.3853275862068965,0.4246575342465753,0.5833461538461538,0.684931506849315,3.191780821917808,3.8767123287671232,5.301369863013699,1.726027397260274,2.958904109589041,0.3013698630136986,2.7534246575342465,5.986301369863014,,73.0
106,204.0,35.25,0.46243750000000006,0.31975342465753426,3.25,0.8722463768115942,0.75,2.7375,3.4875,5.2375,2.1375,1.5875,0.1625,2.325,15.925,,80.0
107,208.0,17.0,0.44022580645161286,0.26664102564102565,1.3636363636363635,0.8340000000000001,0.3787878787878788,1.6515151515151516,2.0303030303030303,2.909090909090909,1.4242424242424243,0.8939393939393939,0.10606060606060606,2.0606060606060606,6.666666666666667,,66.0
108,209.0,26.5,0.45275609756097557,0.37321951219512195,1.4268292682926829,0.877,0.8658536585365854,2.3292682926829267,3.1951219512195124,2.6951219512195124,1.4634146341463414,1.1951219512195121,0.32926829268292684,1.9634146341463414,16.28048780487805,,82.0
109,210.0,21.205479452054796,0.41344444444444445,0.20833333333333334,1.904109589041096,0.8606170212765957,0.5205479452054794,1.6575342465753424,2.1780821917808217,3.7945205479452055,1.5205479452054795,1.1506849315068493,0.2191780821917808,1.4794520547945205,8.301369863013699,,73.0
110,213.0,21.382716049382715,0.49456962025316453,0.0,2.3950617283950617,0.6302318840579709,2.345679012345679,3.888888888888889,6.234567901234568,0.6790123456790124,1.3209876543209877,0.5555555555555556,1.037037037037037,2.3333333333333335,7.728395061728395,,81.0
111,216.0,26.454545454545453,0.40140259740259737,0.28394029850746266,0.8311688311688312,0.70053125,1.3506493506493507,3.1948051948051948,4.545454545454546,5.0,2.2467532467532467,0.922077922077922,0.2727272727272727,2.5324675324675323,9.0,,77.0
112,219.0,25.31168831168831,0.46683999999999987,0.3172592592592593,1.8181818181818181,0.8009375,0.35064935064935066,1.7402597402597402,2.090909090909091,4.1558441558441555,1.3246753246753247,0.8311688311688312,0.012987012987012988,2.1818181818181817,10.03896103896104,,77.0
113,221.0,38.3780487804878,0.4856585365853659,0.2222,3.6341463414634148,0.6975374999999999,3.097560975609756,7.048780487804878,10.146341463414634,2.341463414634146,2.3780487804878048,1.2195121951219512,1.4146341463414633,1.853658536585366,18.365853658536587,,82.0
114,228.0,12.11111111111111,0.4411636363636363,,1.2857142857142858,0.7191351351351352,1.2222222222222223,1.9682539682539681,3.1904761904761907,0.5396825396825397,0.9523809523809523,0.31746031746031744,0.14285714285714285,1.2698412698412698,4.333333333333333,,63.0
115,229.0,10.422222222222222,0.41925581395348843,,1.2,0.6859999999999999,0.24444444444444444,1.2,1.4444444444444444,0.4888888888888889,0.6666666666666666,0.08888888888888889,0.06666666666666667,2.0,4.666666666666667,,45.0
116,236.0,33.25609756097561,0.4532560975609756,0.33622413793103445,2.0365853658536586,0.7834920634920635,1.146341463414634,2.2804878048780486,3.426829268292683,2.8292682926829267,1.646341463414634,1.4634146341463414,0.4146341463414634,1.829268292682927,13.951219512195122,,82.0
117,238.0,25.385964912280702,0.5541111111111111,0.0,3.0,0.6588571428571428,3.2280701754385963,5.526315789473684,8.75438596491228,0.8070175438596491,1.368421052631579,0.9298245614035088,0.6140350877192983,3.3859649122807016,10.578947368421053,,57.0
118,244.0,37.23376623376623,0.46129870129870126,0.29502,2.3636363636363638,0.8064262295081968,0.8181818181818182,3.0779220779220777,3.896103896103896,4.5064935064935066,1.6363636363636365,2.0259740259740258,0.6103896103896104,2.688311688311688,15.480519480519481,,77.0
119,246.0,21.09090909090909,0.46822535211267596,0.333,1.1428571428571428,0.5779782608695652,2.3766233766233764,5.038961038961039,7.415584415584416,0.6623376623376623,1.2207792207792207,0.7142857142857143,0.8831168831168831,3.038961038961039,6.376623376623376,,77.0
120,247.0,37.55072463768116,0.4263188405797101,0.32436923076923074,4.0,0.8233103448275861,0.5072463768115942,1.681159420289855,2.1884057971014492,3.782608695652174,2.3043478260869565,0.9130434782608695,0.057971014492753624,1.710144927536232,20.434782608695652,,69.0
121,248.0,24.816901408450704,0.515469696969697,0.0,1.3943661971830985,0.5918444444444445,3.0985915492957745,2.676056338028169,5.774647887323944,1.352112676056338,1.2253521126760563,1.4366197183098592,0.38028169014084506,2.492957746478873,9.591549295774648,,71.0
122,251.0,33.0,0.4378356164383562,0.24920454545454546,1.904109589041096,0.7888867924528302,0.9315068493150684,2.671232876712329,3.6027397260273974,2.6986301369863015,1.7671232876712328,0.7397260273972602,0.3698630136986301,2.3835616438356166,12.123287671232877,,73.0
123,252.0,40.59756097560975,0.505329268292683,0.2715925925925926,6.2317073170731705,0.6983086419753086,2.8658536585365852,8.597560975609756,11.463414634146341,4.0,2.8536585365853657,1.524390243902439,1.5365853658536586,3.268292682926829,25.158536585365855,,82.0
124,262.0,20.829268292682926,0.5666153846153846,0.0,0.43902439024390244,0.48490625,2.0,3.4146341463414633,5.414634146341464,0.5487804878048781,0.6219512195121951,0.9390243902439024,0.4634146341463415,2.182926829268293,4.609756097560975,,82.0
125,265.0,27.428571428571427,0.4396363636363637,0.16666666666666666,1.0909090909090908,0.6321800000000001,1.4155844155844155,3.142857142857143,4.558441558441558,1.3896103896103895,0.7272727272727273,0.9090909090909091,0.6363636363636364,2.324675324675325,10.363636363636363,,77.0
126,270.0,36.714285714285715,0.5285428571428571,0.0,1.957142857142857,0.5975178571428572,4.371428571428571,6.614285714285714,10.985714285714286,3.3714285714285714,1.5571428571428572,1.0571428571428572,1.2,2.342857142857143,15.1,,70.0
127,271.0,20.950617283950617,0.4448765432098764,0.26537037037037037,2.246913580246914,0.8068813559322033,1.0617283950617284,1.1604938271604939,2.2222222222222223,0.8888888888888888,1.1111111111111112,0.8518518518518519,0.3333333333333333,2.419753086419753,10.271604938271604,,81.0
128,273.0,16.041666666666668,0.4520454545454546,0.1111111111111111,2.0,0.7658181818181817,0.8611111111111112,0.9305555555555556,1.7916666666666667,0.9027777777777778,0.8888888888888888,0.6111111111111112,0.2222222222222222,1.1805555555555556,7.125,,72.0
129,275.0,19.227848101265824,0.3884102564102564,0.2962777777777778,1.1265822784810127,0.8089736842105263,0.24050632911392406,1.2784810126582278,1.518987341772152,1.2658227848101267,1.2531645569620253,0.43037974683544306,0.16455696202531644,2.088607594936709,8.455696202531646,,79.0
130,278.0,31.76829268292683,0.5083292682926829,0.14285714285714285,4.060975609756097,0.7724000000000001,2.1707317073170733,2.6341463414634148,4.804878048780488,2.2804878048780486,1.7926829268292683,1.8170731707317074,0.5487804878048781,2.182926829268293,14.78048780487805,,82.0
131,279.0,20.88095238095238,0.47350000000000003,0.0,0.4523809523809524,0.5256923076923077,2.119047619047619,3.4761904761904763,5.595238095238095,0.6904761904761905,0.2857142857142857,0.3333333333333333,1.0238095238095237,3.238095238095238,2.1666666666666665,,42.0
132,280.0,27.974683544303797,0.5140759493670886,,2.088607594936709,0.626089552238806,2.9746835443037973,5.3544303797468356,8.329113924050633,0.5443037974683544,1.6075949367088607,0.5189873417721519,0.8481012658227848,3.848101265822785,8.569620253164556,,79.0
133,281.0,16.789473684210527,0.4775526315789474,0.25,1.5789473684210527,0.6292307692307693,1.8157894736842106,2.9473684210526314,4.7631578947368425,1.0263157894736843,1.1578947368421053,0.42105263157894735,0.5526315789473685,2.9473684210526314,7.605263157894737,,38.0
134,283.0,26.48780487804878,0.34865853658536583,0.2835072463768116,1.2682926829268293,0.7024374999999999,0.573170731707317,1.7317073170731707,2.3048780487804876,4.7560975609756095,2.2439024390243905,1.475609756097561,0.12195121951219512,2.1219512195121952,10.28048780487805,,82.0
135,287.0,16.380281690140844,0.49595312499999994,0.0,1.1830985915492958,0.662125,1.056338028169014,2.915492957746479,3.971830985915493,1.2112676056338028,1.2112676056338028,0.2535211267605634,0.4788732394366197,2.676056338028169,5.098591549295775,,71.0
136,288.0,24.01219512195122,0.48963414634146346,0.0,3.341463414634146,0.7802608695652173,2.402439024390244,3.6951219512195124,6.097560975609756,0.8414634146341463,1.2926829268292683,0.4634146341463415,0.7439024390243902,1.5731707317073171,11.829268292682928,,82.0
137,291.0,20.05263157894737,0.5369859154929578,,1.2105263157894737,0.688975,2.1052631578947367,4.184210526315789,6.2894736842105265,0.8157894736842105,0.8157894736842105,0.7631578947368421,0.5789473684210527,1.7236842105263157,5.184210526315789,,76.0
138,293.0,25.697674418604652,0.4316511627906976,0.5227272727272727,2.0232558139534884,0.721542857142857,1.5348837209302326,2.302325581395349,3.8372093023255816,1.1627906976744187,1.4883720930232558,0.6046511627906976,1.0465116279069768,3.3488372093023258,10.395348837209303,,43.0
139,296.0,25.5609756097561,0.44550000000000006,0.25,2.1219512195121952,0.7565555555555555,1.2804878048780488,3.048780487804878,4.329268292682927,2.6463414634146343,1.9268292682926829,0.9878048780487805,0.6341463414634146,2.975609756097561,10.817073170731707,,82.0
140,297.0,33.63333333333333,0.51695,0.0,7.216666666666667,0.7636440677966102,2.95,7.216666666666667,10.166666666666666,1.4333333333333333,3.316666666666667,0.45,3.1333333333333333,3.45,21.45,,60.0
141,302.0,35.98765432098765,0.41183950617283954,0.32751898734177215,1.4320987654320987,0.7475263157894736,1.4444444444444444,3.7901234567901234,5.234567901234568,9.74074074074074,2.419753086419753,2.617283950617284,0.5432098765432098,1.7777777777777777,13.802469135802468,,81.0
142,304.0,36.207317073170735,0.5290487804878049,0.30316417910447757,3.317073170731707,0.8043717948717949,0.8780487804878049,2.268292682926829,3.1463414634146343,12.573170731707316,3.2439024390243905,2.426829268292683,0.2682926829268293,2.8780487804878048,15.073170731707316,,82.0
143,305.0,26.85135135135135,0.4772432432432432,,2.081081081081081,0.7376551724137932,1.9054054054054055,5.418918918918919,7.324324324324325,1.1081081081081081,1.4594594594594594,0.5675675675675675,1.2972972972972974,2.5675675675675675,11.702702702702704,,74.0
144,310.0,26.263157894736842,0.35626315789473684,0.08333333333333333,1.263157894736842,0.85,0.3157894736842105,1.4736842105263157,1.7894736842105263,6.052631578947368,2.526315789473684,0.6842105263157895,0.05263157894736842,1.4736842105263157,7.052631578947368,,19.0
145,313.0,19.145454545454545,0.4223272727272728,0.0,1.1636363636363636,0.7510357142857143,0.4909090909090909,1.7454545454545454,2.2363636363636363,3.1454545454545455,1.5818181818181818,0.7272727272727273,0.10909090909090909,1.7818181818181817,6.509090909090909,,55.0
146,317.0,34.86440677966102,0.41250847457627116,0.326186440677966,3.169491525423729,0.7215283018867924,0.6271186440677966,2.5084745762711864,3.135593220338983,5.898305084745763,3.1186440677966103,1.6101694915254237,0.1016949152542373,3.23728813559322,18.983050847457626,,59.0
147,321.0,6.888888888888889,0.48414285714285715,,0.48148148148148145,0.631,0.6296296296296297,1.4074074074074074,2.037037037037037,0.2222222222222222,0.48148148148148145,0.07407407407407407,0.5555555555555556,1.2222222222222223,2.037037037037037,,27.0
148,323.0,6.333333333333333,0.4,,0.6666666666666666,1.0,0.0,1.0,1.0,0.0,0.3333333333333333,0.0,0.3333333333333333,1.0,3.3333333333333335,,3.0
149,324.0,30.766666666666666,0.42300000000000004,0.16914814814814816,1.9,0.7719473684210526,1.6,2.033333333333333,3.6333333333333333,3.1333333333333333,1.9666666666666666,1.4333333333333333,0.26666666666666666,3.1,14.1,,30.0
150,328.0,8.071428571428571,0.5833333333333334,0.0,0.4642857142857143,0.6136363636363636,0.5714285714285714,1.3571428571428572,1.9285714285714286,0.17857142857142858,0.25,0.10714285714285714,0.17857142857142858,1.3571428571428572,2.107142857142857,,28.0
151,330.0,37.05882352941177,0.48923529411764716,0.17857142857142858,3.3529411764705883,0.6571874999999998,1.9264705882352942,4.911764705882353,6.838235294117647,3.838235294117647,3.426470588235294,1.4558823529411764,1.2058823529411764,3.823529411764706,20.63235294117647,,68.0
152,333.0,25.066666666666666,0.4442799999999999,0.1708125,1.3733333333333333,0.8378936170212766,0.5466666666666666,1.5733333333333333,2.12,1.9866666666666666,1.0266666666666666,0.76,0.29333333333333333,1.7866666666666666,11.52,,75.0
153,335.0,31.1,0.4803625,0.35363414634146345,1.8125,0.8669464285714286,0.85,2.175,3.025,4.3375,1.9125,0.8875,0.575,2.3375,11.9375,,80.0
154,339.0,35.833333333333336,0.46866666666666673,0.28438709677419355,2.730769230769231,0.6779999999999999,2.423076923076923,6.910256410256411,9.333333333333334,3.5384615384615383,3.1666666666666665,2.2051282051282053,0.6538461538461539,2.230769230769231,17.08974358974359,,78.0
155,344.0,31.098765432098766,0.4551234567901234,0.40345000000000003,1.4320987654320987,0.8059019607843138,0.345679012345679,2.074074074074074,2.419753086419753,5.234567901234568,2.0617283950617282,1.3209876543209877,0.06172839506172839,1.1851851851851851,13.271604938271604,,81.0
156,345.0,26.935064935064936,0.4021298701298701,0.3480533333333333,2.6493506493506493,0.8448474576271187,0.5844155844155844,2.207792207792208,2.792207792207792,5.207792207792208,2.155844155844156,1.025974025974026,0.23376623376623376,1.7142857142857142,13.116883116883116,,77.0
157,346.0,6.6875,0.30000000000000004,0.0,0.5625,0.55,0.4375,0.6875,1.125,0.5,0.375,0.125,0.3125,0.5625,2.6875,,16.0
158,348.0,17.613333333333333,0.4333428571428572,0.0,1.3866666666666667,0.5346938775510204,1.4133333333333333,1.5866666666666667,3.0,1.0266666666666666,1.16,0.72,0.26666666666666666,1.7466666666666666,6.906666666666666,,75.0
159,349.0,34.31645569620253,0.43872151898734174,0.21491379310344827,2.1139240506329116,0.7664754098360657,1.3544303797468353,3.050632911392405,4.405063291139241,8.582278481012658,2.9367088607594938,1.518987341772152,0.0759493670886076,1.4556962025316456,10.949367088607595,,79.0
160,351.0,21.489795918367346,0.38102127659574464,0.0,1.8979591836734695,0.6521785714285715,1.836734693877551,3.0816326530612246,4.918367346938775,1.183673469387755,1.6938775510204083,0.6326530612244898,0.8571428571428571,2.4693877551020407,7.857142857142857,,49.0
161,355.0,21.125,0.48486250000000003,0.1666521739130435,2.1875,0.8473928571428571,0.75,1.55,2.3,2.425,0.875,0.9125,0.2375,1.8125,9.0875,,80.0
162,356.0,26.98,0.41788,0.28730434782608694,1.7,0.7085428571428571,1.82,2.74,4.56,1.66,1.04,1.1,0.98,2.4,10.88,,50.0
163,358.0,36.76829268292683,0.4640243902439024,0.2372328767123288,2.9878048780487805,0.7287142857142856,2.341463414634146,3.0121951219512195,5.353658536585366,6.634146341463414,3.5609756097560976,2.317073170731707,0.6219512195121951,2.5,16.01219512195122,,82.0
164,359.0,10.0,1.0,,1.0,1.0,0.0,1.0,1.0,0.0,0.0,0.0,0.0,2.0,3.0,,1.0
165,361.0,34.792682926829265,0.45459756097560977,0.195825,4.2926829268292686,0.7535526315789474,2.0,4.7073170731707314,6.7073170731707314,1.9390243902439024,2.0609756097560976,1.4390243902439024,1.353658536585366,3.207317073170732,20.085365853658537,,82.0
166,363.0,34.68571428571428,0.4512,0.253952380952381,5.357142857142857,0.8200447761194031,2.2857142857142856,6.314285714285714,8.6,4.385714285714286,3.7,1.2428571428571429,1.2285714285714286,3.7714285714285714,16.757142857142856,,70.0
167,364.0,33.75,0.5008166666666667,0.40088235294117647,2.8,0.7826458333333334,0.95,1.4833333333333334,2.433333333333333,3.0833333333333335,1.95,0.9833333333333333,0.13333333333333333,1.3833333333333333,18.233333333333334,,60.0
168,365.0,34.38157894736842,0.4992236842105264,0.26668,2.526315789473684,0.7804843750000001,1.6973684210526316,3.5921052631578947,5.2894736842105265,4.302631578947368,3.0,1.4605263157894737,0.6447368421052632,3.263157894736842,11.986842105263158,,76.0
169,368.0,10.633333333333333,0.36479999999999996,,0.3333333333333333,0.583375,0.8666666666666667,2.1,2.966666666666667,0.43333333333333335,0.43333333333333335,0.23333333333333334,0.5666666666666667,1.6333333333333333,2.2666666666666666,,30.0
170,371.0,34.6625,0.5114875,0.2771521739130435,2.2625,0.8175172413793103,2.4125,5.9875,8.4,2.2125,1.9125,0.8,0.775,3.8625,17.2625,,80.0
171,375.0,30.569620253164558,0.45334177215189864,0.33071428571428574,2.721518987341772,0.7954923076923077,1.4936708860759493,2.4936708860759493,3.9873417721518987,2.5569620253164556,2.759493670886076,0.6835443037974683,0.35443037974683544,2.4556962025316458,16.620253164556964,,79.0
172,378.0,26.182926829268293,0.449390243902439,0.35334615384615387,1.3658536585365855,0.72242,0.8658536585365854,2.5365853658536586,3.402439024390244,3.3292682926829267,1.5853658536585367,1.6585365853658536,0.3170731707317073,1.9634146341463414,10.012195121951219,,82.0
173,380.0,22.15068493150685,0.42143661971830987,0.3095,1.1643835616438356,0.7079512195121951,1.452054794520548,1.2191780821917808,2.671232876712329,2.0273972602739727,1.0410958904109588,0.8082191780821918,0.1917808219178082,1.7534246575342465,8.835616438356164,,73.0
174,381.0,11.60344827586207,0.39502000000000004,0.29725,0.7758620689655172,0.6795000000000001,0.5862068965517241,0.7586206896551724,1.3448275862068966,1.1724137931034482,0.896551724137931,0.5172413793103449,0.25862068965517243,1.1896551724137931,4.758620689655173,,58.0
175,383.0,30.82278481012658,0.4259367088607595,0.26747540983606555,2.721518987341772,0.7789076923076924,1.1518987341772151,2.240506329113924,3.392405063291139,3.481012658227848,1.8101265822784811,1.9113924050632911,0.4050632911392405,2.4556962025316458,14.063291139240507,,79.0
176,384.0,24.676923076923078,0.4462,0.047619047619047616,1.9076923076923078,0.7803953488372094,1.353846153846154,1.5692307692307692,2.923076923076923,1.9384615384615385,1.6615384615384616,0.9692307692307692,0.15384615384615385,2.276923076923077,11.984615384615385,,65.0
177,386.0,16.0,0.3491818181818181,0.0,0.7777777777777778,0.775,0.4444444444444444,1.0,1.4444444444444444,4.62962962962963,1.5925925925925926,0.9259259259259259,0.037037037037037035,1.3333333333333333,3.888888888888889,,27.0
178,389.0,24.106666666666666,0.4279066666666667,0.28359999999999996,2.08,0.7709298245614035,1.3066666666666666,2.6533333333333333,3.96,3.36,2.2266666666666666,1.08,0.44,1.6266666666666667,10.853333333333333,,75.0
179,393.0,35.23170731707317,0.48745121951219506,0.2222222222222222,4.304878048780488,0.7227894736842105,1.4878048780487805,3.024390243902439,4.512195121951219,9.024390243902438,3.1341463414634148,1.7926829268292683,0.2926829268292683,2.0853658536585367,17.20731707317073,,82.0
180,397.0,33.392405063291136,0.4958481012658229,0.4185844155844156,5.10126582278481,0.9157837837837838,0.379746835443038,2.3037974683544302,2.6835443037974684,3.1392405063291138,2.2151898734177213,1.5063291139240507,0.3037974683544304,2.4430379746835444,19.924050632911392,,79.0
181,399.0,26.70212765957447,0.49752173913043485,0.0,3.1914893617021276,0.7109756097560976,1.7872340425531914,3.723404255319149,5.51063829787234,1.0425531914893618,1.702127659574468,0.44680851063829785,0.9361702127659575,2.3191489361702127,11.404255319148936,,47.0
182,400.0,16.880597014925375,0.3785483870967742,0.22727272727272727,2.373134328358209,0.788711111111111,1.626865671641791,2.5671641791044775,4.1940298507462686,0.7164179104477612,0.9104477611940298,0.5671641791044776,0.208955223880597,1.0298507462686568,6.626865671641791,,67.0
183,402.0,22.23170731707317,0.43036708860759487,0.0,0.2926829268292683,0.6729375,1.0121951219512195,3.4390243902439024,4.451219512195122,1.2439024390243902,0.5365853658536586,0.7682926829268293,1.524390243902439,2.8780487804878048,4.170731707317073,,82.0
184,404.0,21.52173913043478,0.3963181818181818,,1.2753623188405796,0.6428108108108109,1.4927536231884058,3.217391304347826,4.7101449275362315,0.8115942028985508,1.463768115942029,0.5362318840579711,0.5072463768115942,3.2318840579710146,6.608695652173913,,69.0
185,406.0,39.80246913580247,0.5982345679012345,0.0,5.814814814814815,0.5450987654320988,4.7407407407407405,8.493827160493828,13.234567901234568,2.4074074074074074,2.740740740740741,0.9382716049382716,2.8518518518518516,3.4691358024691357,29.34567901234568,,81.0
186,416.0,13.150943396226415,0.4091176470588236,0.16666666666666666,2.2641509433962264,0.7339534883720932,0.9433962264150944,1.6226415094339623,2.5660377358490565,0.7358490566037735,1.0188679245283019,0.33962264150943394,0.37735849056603776,1.8113207547169812,7.0,,53.0
187,417.0,14.453333333333333,0.42008955223880595,0.0,1.0933333333333333,0.7662682926829268,0.9466666666666667,1.5866666666666667,2.533333333333333,0.8666666666666667,0.6666666666666666,0.44,0.12,2.026666666666667,4.826666666666667,,75.0
188,418.0,16.78082191780822,0.46416417910447755,0.3416578947368421,1.0136986301369864,0.8755,0.136986301369863,1.2602739726027397,1.3972602739726028,2.041095890410959,0.7534246575342466,0.6986301369863014,0.0273972602739726,1.3424657534246576,5.219178082191781,,73.0
189,420.0,12.528571428571428,0.37842857142857145,,1.0285714285714285,0.6207894736842106,1.5571428571428572,2.2,3.757142857142857,0.37142857142857144,0.5,0.24285714285714285,0.5142857142857142,2.0,4.6,,70.0
190,422.0,28.4390243902439,0.4851463414634147,0.0,2.1707317073170733,0.6882537313432836,0.5,1.646341463414634,2.1463414634146343,5.280487804878049,2.097560975609756,1.3780487804878048,0.0975609756097561,1.951219512195122,10.853658536585366,,82.0
191,423.0,15.804878048780488,0.5807407407407408,0.0,1.5731707317073171,0.6197758620689655,1.7439024390243902,3.097560975609756,4.841463414634147,0.5,1.024390243902439,0.4878048780487805,0.7682926829268293,2.7195121951219514,8.182926829268293,,82.0
192,426.0,19.066666666666666,0.4472,,0.5333333333333333,0.6666666666666666,2.0,2.933333333333333,4.933333333333334,0.4,0.3333333333333333,0.6,0.06666666666666667,1.8,3.7333333333333334,,15.0
193,428.0,35.756410256410255,0.4484102564102562,0.21928947368421053,2.269230769230769,0.656640625,0.8974358974358975,1.5769230769230769,2.4743589743589745,8.756410256410257,2.9871794871794872,1.141025641025641,0.14102564102564102,2.1923076923076925,13.333333333333334,,78.0
194,431.0,32.87341772151899,0.5436962025316455,0.25,4.6075949367088604,0.74432,3.949367088607595,6.822784810126582,10.772151898734178,2.6202531645569622,3.278481012658228,1.7974683544303798,2.1012658227848102,3.949367088607595,18.11392405063291,,79.0
195,432.0,17.960526315789473,0.4402465753424658,0.25,0.5394736842105263,0.6264137931034482,1.6973684210526316,3.1842105263157894,4.881578947368421,1.131578947368421,0.9736842105263158,0.6973684210526315,0.5131578947368421,2.1578947368421053,5.921052631578948,,76.0
196,433.0,32.54320987654321,0.5612962962962963,0.0,2.4814814814814814,0.6666470588235294,3.888888888888889,6.518518518518518,10.407407407407407,0.9876543209876543,1.3703703703703705,0.7160493827160493,0.5802469135802469,2.950617283950617,9.666666666666666,,81.0
197,442.0,25.06382978723404,0.44761702127659575,0.0,1.4893617021276595,0.7173214285714286,1.6382978723404256,3.5106382978723403,5.148936170212766,1.4893617021276595,1.553191489361702,0.5319148936170213,1.0638297872340425,2.978723404255319,7.319148936170213,,47.0
198,446.0,15.12987012987013,0.4092533333333333,0.19642857142857142,1.12987012987013,0.713138888888889,0.5844155844155844,1.4545454545454546,2.038961038961039,1.3766233766233766,1.0129870129870129,0.6363636363636364,0.12987012987012986,1.5194805194805194,5.428571428571429,,77.0
199,448.0,23.54054054054054,0.5590857142857143,0.0,1.6486486486486487,0.5940740740740741,2.189189189189189,3.5405405405405403,5.72972972972973,0.972972972972973,0.8378378378378378,0.972972972972973,1.0,2.5405405405405403,6.945945945945946,,37.0
200,452.0,31.21951219512195,0.4853902439024391,0.2,2.8536585365853657,0.5608,3.3780487804878048,4.195121951219512,7.573170731707317,1.9878048780487805,1.975609756097561,0.7317073170731707,1.3902439024390243,2.817073170731707,13.475609756097562,,82.0
201,456.0,26.350649350649352,0.4122857142857143,0.3375797101449276,1.0649350649350648,0.7548421052631579,0.7142857142857143,2.5714285714285716,3.2857142857142856,2.4025974025974026,1.5714285714285714,0.5844155844155844,0.15584415584415584,2.1298701298701297,11.61038961038961,,77.0
202,457.0,19.609756097560975,0.4367307692307692,0.25,0.8902439024390244,0.6666666666666666,1.5365853658536586,2.2804878048780486,3.817073170731707,0.6219512195121951,0.9878048780487805,0.4634146341463415,1.0609756097560976,2.341463414634146,6.146341463414634,,82.0
203,461.0,21.88888888888889,0.5044675324675325,0.0,0.9629629629629629,0.7504473684210526,3.691358024691358,3.7777777777777777,7.469135802469136,1.2222222222222223,1.1604938271604939,0.7530864197530864,0.38271604938271603,3.037037037037037,5.777777777777778,,81.0
204,462.0,19.2,0.4574857142857143,0.0,1.5285714285714285,0.6573953488372093,1.3,1.8428571428571427,3.142857142857143,1.042857142857143,1.2,0.6142857142857143,0.35714285714285715,2.357142857142857,8.957142857142857,,70.0
205,468.0,17.25,0.39778787878787875,0.28387234042553194,1.3472222222222223,0.760525,0.5,1.5277777777777777,2.0277777777777777,2.3333333333333335,1.1527777777777777,1.4166666666666667,0.2361111111111111,1.5277777777777777,6.180555555555555,,72.0
206,469.0,36.65822784810127,0.39869620253164556,0.24312987012987008,3.8734177215189876,0.7191733333333333,1.3544303797468353,3.1139240506329116,4.468354430379747,3.367088607594937,3.1012658227848102,1.1265822784810127,0.17721518987341772,2.5949367088607596,19.151898734177216,,79.0
207,470.0,26.263157894736842,0.4336315789473685,0.3938421052631579,0.7368421052631579,0.6481111111111111,0.21052631578947367,1.8421052631578947,2.0526315789473686,5.2631578947368425,1.5263157894736843,1.3157894736842106,0.2631578947368421,2.3157894736842106,7.526315789473684,,19.0
208,475.0,21.31645569620253,0.4085569620253165,0.19042857142857142,1.3417721518987342,0.8198250000000001,1.4430379746835442,2.9746835443037973,4.417721518987341,1.5063291139240507,1.1772151898734178,1.0379746835443038,0.4810126582278481,3.632911392405063,8.835443037974683,,79.0
209,672.0,11.153846153846153,0.29313559322033894,0.28583636363636367,0.3076923076923077,0.75,0.35384615384615387,0.9384615384615385,1.2923076923076924,0.9846153846153847,0.4307692307692308,0.2153846153846154,0.09230769230769231,1.0307692307692307,3.476923076923077,,65.0
210,674.0,11.26086956521739,0.3147,0.5,1.5217391304347827,0.659,2.0,0.9130434782608695,2.9130434782608696,1.1304347826086956,0.6086956521739131,0.6086956521739131,0.21739130434782608,1.1304347826086956,5.434782608695652,,23.0
211,688.0,4.3,0.33999999999999997,0.0,0.3,0.75,0.0,0.1,0.1,0.1,0.3,0.1,0.0,0.6,0.9,,10.0
212,698.0,20.0,0.43038888888888893,0.31852173913043474,1.356164383561644,0.7322000000000001,1.095890410958904,1.9726027397260273,3.0684931506849313,1.7123287671232876,1.1506849315068493,0.4931506849315068,0.1095890410958904,1.9589041095890412,11.452054794520548,,73.0
213,700.0,2.909090909090909,0.375,,0.0,,0.0,0.5454545454545454,0.5454545454545454,0.09090909090909091,0.0,0.0,0.0,0.5454545454545454,0.7272727272727273,,11.0
214,716.0,12.774193548387096,0.35157142857142853,0.4375,0.41935483870967744,0.42427272727272725,0.1935483870967742,0.8387096774193549,1.032258064516129,2.032258064516129,1.3870967741935485,0.5806451612903226,0.0967741935483871,1.5483870967741935,4.225806451612903,,31.0
215,725.0,5.5,0.333,,0.0,0.0,0.0,0.0,0.0,0.5,0.5,1.0,0.0,0.5,2.0,,2.0
216,753.0,17.065573770491802,0.417,0.0,0.8688524590163934,0.6004705882352941,0.6557377049180327,1.180327868852459,1.8360655737704918,2.180327868852459,1.2295081967213115,1.0327868852459017,0.22950819672131148,2.1639344262295084,4.475409836065574,,61.0
217,754.0,37.390243902439025,0.44851219512195123,0.27935714285714286,3.475609756097561,0.8073846153846154,2.0609756097560976,2.6707317073170733,4.7317073170731705,4.560975609756097,4.073170731707317,1.0609756097560976,0.3048780487804878,1.9634146341463414,19.21951219512195,,82.0
218,760.0,16.358974358974358,0.41757894736842105,0.125,1.294871794871795,0.7221914893617021,1.6666666666666667,2.576923076923077,4.243589743589744,0.9615384615384616,0.8076923076923077,0.9102564102564102,0.6282051282051282,2.730769230769231,6.512820512820513,,78.0
219,761.0,16.65277777777778,0.5404929577464789,0.2,1.6111111111111112,0.8087777777777778,1.6527777777777777,2.5555555555555554,4.208333333333333,0.4444444444444444,0.8472222222222222,0.5,0.4027777777777778,2.7916666666666665,7.236111111111111,,72.0
220,762.0,28.26530612244898,0.3836326530612245,0.0,2.0816326530612246,0.6012368421052632,2.0,4.244897959183674,6.244897959183674,2.0,3.020408163265306,0.9183673469387755,3.0,3.4693877551020407,10.285714285714286,,49.0
221,764.0,40.5125,0.506225,0.32142857142857145,8.6625,0.7483000000000001,3.0125,7.675,10.6875,4.7625,3.1625,1.7375,3.3125,2.85,29.7875,,80.0
222,765.0,32.292682926829265,0.44497560975609757,0.29384415584415585,3.8048780487804876,0.8338028169014083,1.0853658536585367,3.5121951219512195,4.597560975609756,2.6341463414634148,1.9268292682926829,1.646341463414634,0.2682926829268293,2.0365853658536586,14.390243902439025,,82.0
223,766.0,20.1,0.47663829787234047,0.35,0.68,0.6428421052631579,0.6,2.08,2.68,2.08,1.06,0.84,0.12,1.7,6.2,,50.0
224,768.0,15.527027027027026,0.3854857142857143,0.0,1.4594594594594594,0.6893913043478261,1.1486486486486487,2.189189189189189,3.3378378378378377,0.16216216216216217,0.972972972972973,0.32432432432432434,0.7162162162162162,2.4054054054054053,5.54054054054054,,74.0
225,769.0,33.78048780487805,0.46854878048780485,0.4284264705882353,2.3658536585365852,0.8528181818181818,0.34146341463414637,1.7317073170731707,2.073170731707317,3.9390243902439024,1.5975609756097562,0.975609756097561,0.10975609756097561,1.7926829268292683,14.78048780487805,,82.0
226,770.0,15.073170731707316,0.5613194444444445,,0.7073170731707317,0.4706190476190476,1.3658536585365855,2.231707317073171,3.597560975609756,0.4024390243902439,0.9024390243902439,0.3780487804878049,1.329268292682927,2.6097560975609757,4.658536585365853,,82.0
227,771.0,25.394736842105264,0.5061714285714286,0.0,1.2763157894736843,0.5924130434782608,1.263157894736842,4.197368421052632,5.4605263157894735,0.9868421052631579,2.210526315789474,0.39473684210526316,1.6710526315789473,2.736842105263158,8.855263157894736,,76.0
228,777.0,8.041666666666666,0.5109189189189189,0.4772727272727273,0.5833333333333334,0.8433846153846154,0.125,0.6666666666666666,0.7916666666666666,1.4791666666666667,0.625,0.3125,0.0625,0.8541666666666666,3.375,,48.0
229,779.0,37.02469135802469,0.46153086419753087,0.34943749999999996,3.0864197530864197,0.8556986301369863,0.9382716049382716,4.419753086419753,5.3580246913580245,2.271604938271605,1.6049382716049383,1.3580246913580247,0.3950617283950617,2.2962962962962963,21.08641975308642,,81.0
230,780.0,12.19718309859155,0.41044642857142855,0.14285714285714285,0.4647887323943662,0.55915,0.9436619718309859,1.7887323943661972,2.732394366197183,0.4507042253521127,0.6901408450704225,0.4647887323943662,0.43661971830985913,2.5492957746478875,2.76056338028169,,71.0
231,781.0,9.232558139534884,0.40650000000000003,0.0,0.5348837209302325,0.6859230769230769,0.9302325581395349,2.0,2.9302325581395348,0.7906976744186046,0.9767441860465116,0.18604651162790697,0.2558139534883721,1.4186046511627908,2.7209302325581395,,43.0
232,782.0,37.14102564102564,0.45102564102564113,0.3832564102564102,5.461538461538462,0.8218051948051949,0.8974358974358975,2.769230769230769,3.6666666666666665,4.012820512820513,2.769230769230769,1.3205128205128205,0.21794871794871795,2.7051282051282053,23.371794871794872,,78.0
233,783.0,29.492957746478872,0.49488732394366197,0.2222222222222222,2.7464788732394365,0.7681929824561404,1.1971830985915493,4.492957746478873,5.690140845070423,3.1267605633802815,2.5492957746478875,1.1267605633802817,0.38028169014084506,3.408450704225352,13.169014084507042,,71.0
234,785.0,30.890243902439025,0.45224390243902435,0.38063235294117653,2.8536585365853657,0.7739154929577464,1.1097560975609757,2.073170731707317,3.182926829268293,6.658536585365853,2.5121951219512195,2.402439024390244,0.14634146341463414,2.3048780487804876,15.329268292682928,,82.0
235,786.0,33.75609756097561,0.4416463414634146,0.35952777777777783,2.3658536585365852,0.8008153846153847,1.2926829268292683,2.402439024390244,3.6951219512195124,3.1097560975609757,1.5975609756097562,1.2804878048780488,0.4634146341463415,2.268292682926829,14.268292682926829,,82.0
236,787.0,35.353846153846156,0.4923846153846153,0.2202,4.892307692307693,0.7145555555555555,3.046153846153846,8.138461538461538,11.184615384615384,4.553846153846154,3.169230769230769,1.5538461538461539,0.5692307692307692,2.4615384615384617,21.56923076923077,,65.0
237,788.0,35.8375,0.495475,0.38095238095238093,3.35,0.7146027397260274,4.1875,7.85,12.0375,1.875,2.35,0.9875,0.475,3.125,19.1375,,80.0
238,891.0,35.75609756097561,0.4737654320987654,0.0,2.9634146341463414,0.7611830985915492,4.2560975609756095,7.512195121951219,11.768292682926829,2.658536585365854,2.3536585365853657,1.3414634146341464,0.21951219512195122,3.573170731707317,11.817073170731707,,82.0
239,892.0,32.49367088607595,0.4534556962025317,0.2859850746268656,2.5822784810126582,0.8190317460317461,0.5569620253164557,2.2531645569620253,2.810126582278481,6.6835443037974684,2.1265822784810124,1.1772151898734178,0.2911392405063291,2.3037974683544302,12.721518987341772,,79.0
240,894.0,20.03921568627451,0.4602941176470587,0.18117391304347824,3.7058823529411766,0.8696190476190476,0.5686274509803921,1.0588235294117647,1.6274509803921569,1.7843137254901962,1.2549019607843137,0.8235294117647058,0.09803921568627451,1.6470588235294117,14.490196078431373,,51.0
241,895.0,26.20731707317073,0.4529024390243903,0.16666666666666666,1.4268292682926829,0.8317826086956522,1.829268292682927,2.9146341463414633,4.7439024390243905,1.4878048780487805,1.1219512195121952,1.2073170731707317,0.2926829268292683,2.5853658536585367,8.036585365853659,,82.0
242,897.0,29.2,0.4359367088607594,0.37828985507246377,1.275,0.5348703703703703,1.4625,3.5875,5.05,1.175,1.0,0.75,1.025,1.925,8.9875,,80.0
243,898.0,28.317073170731707,0.46219753086419757,0.31605357142857143,1.8414634146341464,0.8282666666666666,1.2682926829268293,2.7439024390243905,4.012195121951219,2.0853658536585367,1.7804878048780488,1.0121951219512195,0.32926829268292684,2.8658536585365852,11.621951219512194,,82.0
244,899.0,31.394736842105264,0.47915789473684217,0.39867105263157887,3.1315789473684212,0.8899848484848486,0.5131578947368421,2.486842105263158,3.0,7.75,2.486842105263158,1.355263157894737,0.14473684210526316,1.2236842105263157,17.31578947368421,,76.0
245,901.0,35.47560975609756,0.5484878048780488,0.0,3.0609756097560976,0.6651081081081082,3.3048780487804876,7.304878048780488,10.609756097560975,2.3048780487804876,2.2560975609756095,0.8048780487804879,0.34146341463414637,3.0853658536585367,14.012195121951219,,82.0
246,902.0,22.710526315789473,0.44617333333333337,0.16594,1.3421052631578947,0.749276595744681,0.6578947368421053,1.4342105263157894,2.0921052631578947,3.460526315789474,1.4078947368421053,0.9868421052631579,0.15789473684210525,1.736842105263158,7.7368421052631575,,76.0
247,903.0,3.0,0.333,,0.0,,1.0,0.0,1.0,1.0,0.0,0.0,0.0,1.0,2.0,,1.0
248,904.0,37.483870967741936,0.4671129032258065,0.34483636363636366,2.661290322580645,0.7782156862745098,1.032258064516129,4.532258064516129,5.564516129032258,5.080645161290323,2.870967741935484,1.7258064516129032,0.8548387096774194,1.8387096774193548,16.774193548387096,,62.0
249,905.0,34.72727272727273,0.5268484848484849,0.0,2.3484848484848486,0.5234561403508772,4.242424242424242,6.636363636363637,10.878787878787879,1.5151515151515151,1.5454545454545454,0.7272727272727273,1.606060606060606,3.242424242424242,11.681818181818182,,66.0
250,906.0,26.369230769230768,0.4119076923076923,0.3596578947368421,1.4307692307692308,0.7941470588235293,0.49230769230769234,2.646153846153846,3.1384615384615384,6.2153846153846155,2.3230769230769233,1.3076923076923077,0.06153846153846154,2.3384615384615386,7.707692307692308,,65.0
251,907.0,14.488372093023257,0.36499999999999994,0.2692307692307692,1.372093023255814,0.7215925925925925,1.0,1.744186046511628,2.744186046511628,1.1162790697674418,1.186046511627907,0.7209302325581395,0.18604651162790697,1.9534883720930232,6.627906976744186,,43.0
252,911.0,6.222222222222222,0.4109714285714286,,0.6444444444444445,0.6078823529411764,1.0666666666666667,1.5555555555555556,2.6222222222222222,0.15555555555555556,0.5333333333333333,0.2222222222222222,0.4888888888888889,1.0,2.6,,45.0
253,913.0,34.450980392156865,0.5205098039215686,0.15553333333333336,2.6862745098039214,0.7190454545454545,2.803921568627451,5.980392156862745,8.784313725490197,3.607843137254902,2.2745098039215685,0.5686274509803921,0.27450980392156865,2.5686274509803924,16.352941176470587,,51.0
254,914.0,25.0,0.4502857142857143,,1.2857142857142858,0.34325,1.9285714285714286,4.714285714285714,6.642857142857143,0.7857142857142857,1.7142857142857142,0.42857142857142855,1.7857142857142858,3.857142857142857,7.428571428571429,,14.0
255,915.0,17.79746835443038,0.3936582278481012,0.35375609756097565,1.6075949367088607,0.6580196078431372,1.139240506329114,1.7215189873417722,2.8607594936708862,1.2784810126582278,1.6582278481012658,0.7974683544303798,0.6075949367088608,2.4683544303797467,8.10126582278481,,79.0
256,916.0,10.298507462686567,0.4622830188679246,,0.6865671641791045,0.6634615384615384,1.1343283582089552,1.7611940298507462,2.8955223880597014,0.835820895522388,0.7761194029850746,0.2835820895522388,0.4925373134328358,1.3880597014925373,2.955223880597015,,67.0
257,917.0,3.357142857142857,0.42979166666666674,,0.6071428571428571,0.7875,0.21428571428571427,0.6428571428571429,0.8571428571428571,0.03571428571428571,0.35714285714285715,0.0,0.0,0.6428571428571429,2.107142857142857,,28.0
258,920.0,34.451219512195124,0.48747560975609755,0.16071428571428573,3.2439024390243905,0.7336428571428572,3.3536585365853657,5.829268292682927,9.182926829268293,1.670731707317073,1.2195121951219512,0.8536585365853658,0.4634146341463415,1.7317073170731707,14.682926829268293,,82.0
259,921.0,36.76,0.48086,,5.12,0.7685714285714285,2.56,7.6,10.16,2.98,2.2,0.82,0.72,2.9,16.96,,50.0
260,922.0,29.644736842105264,0.449828947368421,0.0,2.473684210526316,0.6752857142857143,2.1973684210526314,4.631578947368421,6.828947368421052,1.131578947368421,1.2894736842105263,0.8421052631578947,1.9210526315789473,3.1710526315789473,12.289473684210526,,76.0
261,927.0,25.13157894736842,0.4630933333333333,0.6666666666666666,2.1578947368421053,0.7594915254237289,1.736842105263158,3.6184210526315788,5.355263157894737,1.7763157894736843,1.236842105263158,0.7368421052631579,1.0263157894736843,3.4210526315789473,7.657894736842105,,76.0
262,929.0,3.3333333333333335,0.667,,0.6666666666666666,1.0,0.0,0.3333333333333333,0.3333333333333333,0.0,0.0,0.6666666666666666,0.0,0.0,2.0,,3.0
263,930.0,21.350649350649352,0.5151052631578947,,1.6363636363636365,0.616578947368421,1.3636363636363635,3.2857142857142856,4.64935064935065,1.2337662337662338,1.025974025974026,0.7662337662337663,0.5974025974025974,2.9740259740259742,7.688311688311688,,77.0
264,931.0,33.16,0.49126666666666663,0.15,4.373333333333333,0.8266944444444445,1.8666666666666667,4.36,6.226666666666667,2.1333333333333333,2.026666666666667,0.6266666666666667,0.29333333333333333,2.2533333333333334,18.2,,75.0
265,932.0,25.884057971014492,0.6375441176470589,0.21428571428571427,1.1594202898550725,0.5408125,2.028985507246377,4.869565217391305,6.898550724637682,3.536231884057971,2.3768115942028984,1.2028985507246377,2.260869565217391,3.3333333333333335,9.217391304347826,,69.0
266,934.0,36.077922077922075,0.44596103896103895,0.2856984126984127,5.701298701298701,0.7896533333333334,3.4025974025974026,7.896103896103896,11.2987012987013,3.4025974025974026,2.7012987012987013,0.8831168831168831,1.844155844155844,2.7142857142857144,20.246753246753247,,77.0
267,935.0,16.73134328358209,0.48045161290322586,0.08333333333333333,0.9253731343283582,0.6004857142857144,0.9104477611940298,1.791044776119403,2.701492537313433,0.8059701492537313,0.8208955223880597,1.0149253731343284,0.2835820895522388,2.0597014925373136,4.985074626865671,,67.0
268,937.0,38.31944444444444,0.49799999999999994,0.2857796610169492,3.75,0.6465441176470589,2.4027777777777777,6.333333333333333,8.73611111111111,5.597222222222222,3.2222222222222223,2.9305555555555554,0.8055555555555556,3.1527777777777777,22.041666666666668,,72.0
269,938.0,33.47222222222222,0.47979166666666667,0.0,4.222222222222222,0.7299420289855072,3.388888888888889,6.888888888888889,10.277777777777779,1.8888888888888888,2.7083333333333335,0.8194444444444444,1.3888888888888888,3.875,15.11111111111111,,72.0
270,939.0,24.75609756097561,0.4350121951219512,0.25332,1.6585365853658536,0.6883333333333332,0.6585365853658537,1.548780487804878,2.207317073170732,2.9878048780487805,1.6585365853658536,0.9512195121951219,0.24390243902439024,2.3780487804878048,7.926829268292683,,82.0
271,940.0,15.0,0.1665,,0.0,0.0,2.0,4.0,6.0,0.0,0.5,0.0,0.0,2.0,2.0,,2.0
272,941.0,12.24390243902439,0.49846575342465743,0.0,0.6341463414634146,0.7525151515151515,0.2682926829268293,0.9390243902439024,1.2073170731707317,2.207317073170732,0.9512195121951219,0.7195121951219512,0.024390243902439025,1.1341463414634145,3.5609756097560976,,82.0
273,944.0,3.5454545454545454,0.427125,1.0,0.45454545454545453,0.3333333333333333,0.5454545454545454,1.0,1.5454545454545454,0.18181818181818182,0.18181818181818182,0.0,0.09090909090909091,0.8181818181818182,1.9090909090909092,,11.0
274,1005.0,23.789473684210527,0.3578421052631579,0.27503999999999995,2.5964912280701755,0.6789807692307692,1.2456140350877194,2.8771929824561404,4.12280701754386,2.3157894736842106,2.543859649122807,0.9122807017543859,0.40350877192982454,3.508771929824561,11.192982456140351,,57.0
275,1006.0,11.057142857142857,0.4029206349206349,0.0,0.38571428571428573,0.6375,0.8,1.8,2.6,0.4,0.5571428571428572,0.2571428571428571,0.6142857142857143,1.542857142857143,3.3285714285714287,,70.0
276,1007.0,6.133333333333334,0.4082,0.0,0.2,0.75,0.4,0.26666666666666666,0.6666666666666666,0.0,0.4,0.06666666666666667,0.13333333333333333,1.4,1.2666666666666666,,15.0
277,1008.0,18.65277777777778,0.40788888888888886,0.328622641509434,1.1666666666666667,0.8497428571428571,0.3888888888888889,1.3194444444444444,1.7083333333333333,3.6527777777777777,1.5416666666666667,0.875,0.06944444444444445,1.0277777777777777,6.597222222222222,,72.0
278,1010.0,8.8,0.3421818181818182,0.32437037037037036,0.5,0.5714285714285714,0.325,0.4,0.725,1.775,0.85,0.6,0.05,1.0,3.625,,40.0
279,1027.0,21.42105263157895,0.4985185185185185,0.0,1.6140350877192982,0.5393181818181817,2.1052631578947367,2.6842105263157894,4.7894736842105265,1.263157894736842,1.631578947368421,0.6666666666666666,0.19298245614035087,2.1578947368421053,8.175438596491228,,57.0
280,1030.0,5.913043478260869,0.31743750000000004,0.2,0.4782608695652174,0.75,0.08695652173913043,0.30434782608695654,0.391304347826087,1.2173913043478262,0.8695652173913043,0.13043478260869565,0.0,0.5217391304347826,2.0869565217391304,,23.0
281,1034.0,13.6,0.438159090909091,,0.9,0.6891153846153847,1.4,2.36,3.76,0.48,0.42,0.34,0.5,1.66,4.42,,50.0
282,1036.0,4.344827586206897,0.34761904761904755,0.25,0.9655172413793104,0.7303333333333333,0.20689655172413793,0.20689655172413793,0.41379310344827586,0.3103448275862069,0.4482758620689655,0.20689655172413793,0.034482758620689655,0.5517241379310345,2.5172413793103448,,29.0
283,1054.0,5.9393939393939394,0.33488,,0.3939393939393939,0.59375,0.6060606060606061,1.0606060606060606,1.6666666666666667,0.24242424242424243,0.30303030303030304,0.12121212121212122,0.15151515151515152,0.8787878787878788,2.212121212121212,,33.0
284,1068.0,12.685185185185185,0.4697948717948718,1.0,0.5,0.701,0.8703703703703703,2.2777777777777777,3.1481481481481484,0.5740740740740741,0.7962962962962963,0.2962962962962963,0.4444444444444444,2.9444444444444446,2.4444444444444446,,54.0
285,1080.0,6.25,0.3345,0.3147777777777778,0.4166666666666667,1.0,0.5,0.6666666666666666,1.1666666666666667,0.08333333333333333,0.16666666666666666,0.16666666666666666,0.0,0.75,3.4166666666666665,,12.0
286,1101.0,2.8076923076923075,0.5342941176470588,0.0,0.4230769230769231,0.5,0.34615384615384615,0.38461538461538464,0.7307692307692307,0.3076923076923077,0.23076923076923078,0.038461538461538464,0.07692307692307693,0.6153846153846154,1.5769230769230769,,26.0
287,1106.0,8.56,0.4123428571428572,,0.88,0.881578947368421,0.92,0.98,1.9,0.64,0.6,0.3,0.26,1.32,2.72,,50.0
288,1114.0,6.448275862068965,0.3432608695652174,0.0,0.41379310344827586,0.8571428571428571,0.20689655172413793,0.3793103448275862,0.5862068965517241,0.9310344827586207,0.4827586206896552,0.13793103448275862,0.06896551724137931,0.6896551724137931,2.7586206896551726,,29.0
289,1118.0,10.461538461538462,0.35283333333333333,,0.6923076923076923,0.5278333333333333,0.7692307692307693,1.0769230769230769,1.8461538461538463,0.6923076923076923,0.8461538461538461,0.46153846153846156,0.15384615384615385,2.5384615384615383,3.0,,13.0
290,1122.0,35.608108108108105,0.4363243243243243,0.2600138888888889,5.972972972972973,0.8331486486486486,2.4594594594594597,4.04054054054054,6.5,2.2837837837837838,2.324324324324324,1.2432432432432432,0.40540540540540543,1.7027027027027026,25.986486486486488,,74.0
291,1123.0,10.655172413793103,0.39816666666666667,,0.27586206896551724,0.3055555555555556,0.7586206896551724,1.6551724137931034,2.413793103448276,0.13793103448275862,0.5862068965517241,0.06896551724137931,0.41379310344827586,2.103448275862069,1.1724137931034482,,29.0
292,1125.0,11.666666666666666,0.4666666666666666,,2.3333333333333335,0.7223333333333333,0.3333333333333333,2.0,2.3333333333333335,0.6666666666666666,0.6666666666666666,0.6666666666666666,0.3333333333333333,1.3333333333333333,4.333333333333333,,3.0
293,1128.0,5.888888888888889,0.5714285714285714,,1.2222222222222223,0.7,1.1111111111111112,0.6666666666666666,1.7777777777777777,0.1111111111111111,0.6666666666666666,0.1111111111111111,0.3333333333333333,1.4444444444444444,3.4444444444444446,,9.0
294,1137.0,26.0,0.532,0.2776666666666667,0.3333333333333333,0.5,1.3333333333333333,3.6666666666666665,5.0,2.3333333333333335,1.6666666666666667,0.0,0.0,4.333333333333333,10.333333333333334,,3.0
295,1365.0,24.036585365853657,0.4479506172839507,0.2222,1.7560975609756098,0.651625,1.7317073170731707,3.1463414634146343,4.878048780487805,1.5365853658536586,1.4146341463414633,0.5853658536585366,0.47560975609756095,2.3536585365853657,11.317073170731707,,82.0
296,1380.0,15.076923076923077,0.3564444444444444,0.3375384615384615,0.7076923076923077,0.6992727272727273,0.6923076923076923,1.0153846153846153,1.7076923076923076,1.4461538461538461,0.9230769230769231,0.4461538461538462,0.24615384615384617,1.0615384615384615,5.6923076923076925,,65.0
297,1425.0,2.0,0.16666666666666666,,0.0,0.0,0.16666666666666666,0.3333333333333333,0.5,0.16666666666666666,0.16666666666666666,0.0,0.0,0.6666666666666666,0.6666666666666666,,6.0
298,1429.0,12.272727272727273,0.37305555555555553,0.3333333333333333,0.5681818181818182,0.7380714285714286,0.18181818181818182,0.8636363636363636,1.0454545454545454,0.75,0.4772727272727273,0.36363636363636365,0.022727272727272728,0.8863636363636364,4.909090909090909,,44.0
299,1432.0,6.634615384615385,0.5204222222222221,0.6666666666666666,0.6153846153846154,0.6470588235294118,0.5384615384615384,0.5384615384615384,1.0769230769230769,0.28846153846153844,0.40384615384615385,0.19230769230769232,0.23076923076923078,0.8461538461538461,3.230769230769231,,52.0
300,1460.0,19.9625,0.40440000000000004,0.2459122807017544,1.25,0.7335102040816327,0.6,1.6625,2.2625,1.925,1.2125,0.5625,0.225,1.0,10.15,,80.0
301,1472.0,22.975,0.442,0.29522857142857145,2.7625,0.7611791044776118,1.0875,2.9875,4.075,0.9875,1.1125,0.5,0.4,2.9,11.1625,,80.0
302,1474.0,20.058823529411764,0.46096875000000004,0.0,0.9117647058823529,0.75,1.1176470588235294,2.5,3.6176470588235294,1.0294117647058822,0.8529411764705882,0.4117647058823529,0.11764705882352941,2.176470588235294,5.088235294117647,,34.0
303,1479.0,23.426829268292682,0.43334210526315786,0.0,0.9390243902439024,0.6286904761904762,1.451219512195122,4.0,5.451219512195122,0.8780487804878049,0.9146341463414634,0.6219512195121951,0.35365853658536583,2.658536585365854,3.6463414634146343,,82.0
304,1489.0,36.026666666666664,0.42636,0.2569166666666667,3.3466666666666667,0.7646567164179104,2.24,5.253333333333333,7.493333333333333,4.066666666666666,2.44,1.3866666666666667,0.6666666666666666,2.52,15.053333333333333,,75.0
305,1577.0,7.5,0.26513333333333333,0.1875,0.3157894736842105,0.4583333333333333,0.4473684210526316,0.47368421052631576,0.9210526315789473,0.42105263157894735,0.47368421052631576,0.39473684210526316,0.34210526315789475,0.8947368421052632,1.9210526315789473,,38.0
306,1603.0,9.982142857142858,0.39044897959183666,0.2661290322580645,0.5535714285714286,0.7731666666666667,0.35714285714285715,0.7321428571428571,1.0892857142857142,0.5535714285714286,0.30357142857142855,0.2857142857142857,0.21428571428571427,1.6071428571428572,3.142857142857143,,56.0
307,1635.0,3.1363636363636362,0.3888666666666667,0.0,0.18181818181818182,0.5,0.5454545454545454,0.5454545454545454,1.0909090909090908,0.045454545454545456,0.09090909090909091,0.0,0.13636363636363635,0.4090909090909091,1.4545454545454546,,22.0
308,1666.0,6.7727272727272725,0.3,0.2625,0.36363636363636365,0.8333333333333334,0.045454545454545456,0.45454545454545453,0.5,0.8636363636363636,0.5909090909090909,0.4090909090909091,0.0,0.7272727272727273,1.5909090909090908,,22.0
309,1667.0,5.666666666666667,0.5,1.0,0.0,,0.0,0.3333333333333333,0.3333333333333333,1.6666666666666667,0.3333333333333333,0.0,0.0,1.0,1.0,,3.0
310,1677.0,18.836734693877553,0.4974255319148936,0.0,2.163265306122449,0.6793030303030303,1.9183673469387754,1.2040816326530612,3.122448979591837,0.6326530612244898,0.8775510204081632,1.489795918367347,0.04081632653061224,1.9795918367346939,8.653061224489797,,49.0
311,1683.0,9.166666666666666,0.4734,0.3125,0.5,0.375,0.6666666666666666,1.0,1.6666666666666667,1.0,1.6666666666666667,1.1666666666666667,0.0,1.3333333333333333,4.166666666666667,,6.0
312,1814.0,20.2125,0.4074736842105264,0.23455555555555557,1.1875,0.592,0.1875,1.3375,1.525,3.5625,1.2625,0.475,0.225,1.6375,5.9125,,80.0
313,1817.0,13.166666666666666,0.20833333333333334,0.2,0.0,,0.5,0.5,1.0,3.1666666666666665,1.0,0.0,0.16666666666666666,1.0,2.5,,6.0
314,1821.0,5.535714285714286,0.3191428571428571,0.12118181818181818,0.7857142857142857,0.7857142857142857,0.32142857142857145,0.4642857142857143,0.7857142857142857,0.39285714285714285,0.35714285714285715,0.2857142857142857,0.10714285714285714,0.6428571428571429,2.0714285714285716,,28.0
315,1839.0,17.77777777777778,0.45200000000000007,0.38330000000000003,1.0555555555555556,0.55,1.6666666666666667,2.9444444444444446,4.611111111111111,0.6111111111111112,1.0,0.5555555555555556,0.5555555555555556,2.5555555555555554,6.388888888888889,,18.0
316,1845.0,10.0,0.5138333333333334,0.5,0.2857142857142857,1.0,0.14285714285714285,0.8571428571428571,1.0,0.7142857142857143,0.42857142857142855,0.2857142857142857,0.14285714285714285,1.2857142857142858,3.142857142857143,,7.0
317,1847.0,16.417721518987342,0.5223815789473685,0.0,1.5063291139240507,0.7748222222222222,0.8354430379746836,1.8860759493670887,2.721518987341772,0.6835443037974683,0.7341772151898734,0.25316455696202533,0.7341772151898734,1.1772151898734178,7.379746835443038,,79.0
318,1855.0,11.80952380952381,0.3925405405405405,0.2222222222222222,0.5476190476190477,0.7023571428571429,0.42857142857142855,0.5476190476190477,0.9761904761904762,1.2142857142857142,0.9523809523809523,0.9285714285714286,0.023809523809523808,1.7380952380952381,3.880952380952381,,42.0
319,1861.0,22.123076923076923,0.45066666666666666,0.21052631578947367,2.169230769230769,0.7658780487804877,0.4307692307692308,1.1538461538461537,1.5846153846153845,3.0307692307692307,1.4461538461538461,0.5230769230769231,0.16923076923076924,1.8615384615384616,9.153846153846153,,65.0
320,2349.0,19.10144927536232,0.5281617647058824,0.13636363636363635,0.9855072463768116,0.5020789473684211,1.6521739130434783,2.8115942028985508,4.463768115942029,0.9565217391304348,1.2463768115942029,0.4057971014492754,0.463768115942029,2.4347826086956523,8.72463768115942,,69.0
321,76001.0,12.23076923076923,0.45927272727272733,,1.2307692307692308,0.6488571428571428,0.9230769230769231,2.6153846153846154,3.5384615384615383,0.23076923076923078,1.3076923076923077,0.15384615384615385,0.23076923076923078,1.5384615384615385,4.923076923076923,,13.0
322,76016.0,22.025641025641026,0.4405,0.3485588235294118,1.2820512820512822,0.6933199999999999,0.717948717948718,2.2564102564102564,2.9743589743589745,2.6666666666666665,1.794871794871795,0.5384615384615384,0.20512820512820512,2.5128205128205128,10.58974358974359,,39.0
323,76017.0,22.86764705882353,0.39535384615384606,0.2812131147540983,1.1470588235294117,0.8258095238095238,0.4117647058823529,1.5147058823529411,1.9264705882352942,2.6470588235294117,1.1911764705882353,0.8382352941176471,0.11764705882352941,2.0588235294117645,8.911764705882353,,68.0
324,76022.0,5.0,0.63,,0.2727272727272727,0.375,0.6363636363636364,0.7272727272727273,1.3636363636363635,0.18181818181818182,0.7272727272727273,0.2727272727272727,0.0,0.9090909090909091,1.7272727272727273,,11.0
325,76046.0,16.952380952380953,0.396421052631579,0.2833333333333333,0.9047619047619048,0.8167,0.7619047619047619,1.7619047619047619,2.5238095238095237,0.8095238095238095,0.47619047619047616,0.38095238095238093,0.14285714285714285,0.7619047619047619,4.571428571428571,,21.0
326,76082.0,4.333333333333333,0.0,,0.6666666666666666,1.0,0.0,0.3333333333333333,0.3333333333333333,1.0,0.0,0.0,0.0,0.6666666666666666,0.6666666666666666,,3.0
327,76148.0,13.283783783783784,0.33366153846153845,0.33521428571428574,0.14864864864864866,0.7857142857142857,0.21621621621621623,1.0,1.2162162162162162,2.2027027027027026,0.5405405405405406,0.527027027027027,0.013513513513513514,1.135135135135135,3.3513513513513513,,74.0
328,76176.0,17.618181818181817,0.40711320754716984,0.33125,0.8727272727272727,0.9042,0.41818181818181815,1.2727272727272727,1.690909090909091,1.3818181818181818,0.8,0.45454545454545453,0.10909090909090909,1.8181818181818181,7.2727272727272725,,55.0
329,76195.0,8.285714285714286,0.19990000000000002,0.0,0.0,,0.21428571428571427,1.0714285714285714,1.2857142857142858,0.07142857142857142,0.35714285714285715,0.14285714285714285,1.1428571428571428,0.9285714285714286,0.5714285714285714,,14.0
330,76217.0,22.24,0.40236,0.25,2.88,0.8566666666666666,1.08,4.16,5.24,1.88,1.72,0.16,1.12,2.6,8.92,,25.0
331,76247.0,9.5,0.3,0.0,0.11538461538461539,0.21428571428571427,0.5769230769230769,1.5769230769230769,2.1538461538461537,0.3076923076923077,0.34615384615384615,0.23076923076923078,0.7307692307692307,1.1538461538461537,0.7307692307692307,,26.0
332,76265.0,5.588235294117647,0.372,0.12961111111111112,0.2647058823529412,0.9,0.14705882352941177,0.47058823529411764,0.6176470588235294,0.08823529411764706,0.35294117647058826,0.0,0.058823529411764705,0.5588235294117647,2.5,,34.0
333,76308.0,6.217391304347826,0.3874444444444445,,0.5217391304347826,0.3888888888888889,0.5652173913043478,0.7391304347826086,1.3043478260869565,0.391304347826087,0.30434782608695654,0.2608695652173913,0.13043478260869565,1.434782608695652,2.4347826086956523,,23.0
334,76338.0,19.26984126984127,0.433920634920635,0.19695454545454547,1.492063492063492,0.7896,1.2063492063492063,1.746031746031746,2.9523809523809526,1.3015873015873016,1.3333333333333333,0.7936507936507936,0.23809523809523808,2.126984126984127,8.80952380952381,,63.0
335,76362.0,18.571428571428573,0.5113749999999999,,0.9285714285714286,0.7328947368421052,1.0238095238095237,2.5952380952380953,3.619047619047619,1.3571428571428572,1.1904761904761905,0.19047619047619047,0.19047619047619047,1.9761904761904763,5.595238095238095,,42.0
336,76412.0,8.555555555555555,0.5,,0.4444444444444444,0.6,1.1111111111111112,1.7777777777777777,2.888888888888889,0.0,0.7777777777777778,0.2222222222222222,0.2222222222222222,1.0,3.111111111111111,,9.0
337,76431.0,15.363636363636363,0.3471,0.0,0.2727272727272727,0.5,0.9090909090909091,1.2727272727272727,2.1818181818181817,2.8181818181818183,0.8181818181818182,1.2727272727272727,0.09090909090909091,1.0909090909090908,2.8181818181818183,,11.0
338,76433.0,8.12,0.4648947368421052,0.0,0.4,0.365,0.8,1.44,2.24,0.16,0.48,0.12,0.56,0.88,2.48,,25.0
339,76450.0,9.156862745098039,0.4824871794871795,0.326375,0.5098039215686274,0.59025,0.1568627450980392,0.7058823529411765,0.8627450980392157,1.6862745098039216,0.7450980392156863,0.43137254901960786,0.0392156862745098,0.9215686274509803,2.2941176470588234,,51.0
340,76517.0,5.5,0.2982558139534884,0.3333333333333333,0.7352941176470589,0.7339615384615384,0.3088235294117647,0.5,0.8088235294117647,0.3235294117647059,0.27941176470588236,0.23529411764705882,0.058823529411764705,0.5,1.9264705882352942,,68.0
341,76646.0,14.666666666666666,0.36366666666666664,0.0,0.6666666666666666,0.5,1.6666666666666667,3.0,4.666666666666667,1.3333333333333333,1.3333333333333333,1.0,0.3333333333333333,2.0,2.0,,3.0
342,76676.0,11.63888888888889,0.45684848484848484,0.5,0.2777777777777778,0.425,0.25,1.0,1.25,1.0555555555555556,1.0,0.2222222222222222,0.2777777777777778,1.6944444444444444,3.611111111111111,,36.0
343,76695.0,7.25,0.2776666666666667,0.0,0.0,,0.0,0.5,0.5,1.0,1.25,0.0,0.0,0.75,1.0,,4.0
344,76726.0,13.90566037735849,0.3185490196078431,0.18839130434782608,0.9811320754716981,0.612,0.18867924528301888,1.1320754716981132,1.320754716981132,1.9056603773584906,1.150943396226415,0.22641509433962265,0.1509433962264151,1.3396226415094339,3.7735849056603774,,53.0
345,76732.0,2.6666666666666665,0.5334,1.0,0.16666666666666666,0.5,0.0,0.0,0.0,0.16666666666666666,0.16666666666666666,0.3333333333333333,0.0,0.3333333333333333,2.6666666666666665,,6.0
346,76748.0,14.313432835820896,0.38110869565217387,0.0,0.8059701492537313,0.6946428571428571,1.2388059701492538,2.044776119402985,3.283582089552239,0.8507462686567164,0.7313432835820896,0.5223880597014925,0.5223880597014925,2.4328358208955225,2.8059701492537314,,67.0
347,76770.0,4.333333333333333,0.46153846153846156,0.5,0.7222222222222222,0.8125,0.16666666666666666,0.5555555555555556,0.7222222222222222,1.6666666666666667,0.2777777777777778,0.1111111111111111,0.0,0.6666666666666666,1.8333333333333333,,18.0
348,76772.0,1.5,1.0,,0.0,,0.0,0.0,0.0,0.0,0.0,0.0,0.0,1.0,3.0,,2.0
349,76826.0,10.655172413793103,0.30615384615384617,,0.4827586206896552,0.76,0.7586206896551724,1.793103448275862,2.5517241379310347,0.3793103448275862,0.4482758620689655,0.4482758620689655,0.5517241379310345,0.7931034482758621,2.9655172413793105,,29.0
350,76839.0,2.6666666666666665,0.667,,0.0,0.0,0.0,0.3333333333333333,0.3333333333333333,0.3333333333333333,0.0,0.0,0.0,1.0,1.3333333333333333,,3.0
351,76842.0,6.095238095238095,0.3078235294117647,0.18181818181818182,0.6190476190476191,0.8095714285714285,0.19047619047619047,0.38095238095238093,0.5714285714285714,0.6190476190476191,0.23809523809523808,0.19047619047619047,0.23809523809523808,0.5238095238095238,2.761904761904762,,21.0
352,76852.0,7.2075471698113205,0.3942352941176471,0.27582758620689657,0.41509433962264153,0.8,0.5094339622641509,1.169811320754717,1.679245283018868,0.4528301886792453,0.5660377358490566,0.33962264150943394,0.1509433962264151,1.169811320754717,2.9622641509433962,,53.0
353,76875.0,9.277777777777779,0.291264705882353,0.18330000000000002,0.3611111111111111,0.75,0.2777777777777778,0.6666666666666666,0.9444444444444444,0.4444444444444444,0.75,0.5,0.16666666666666666,0.5833333333333334,4.138888888888889,,36.0
354,76903.0,6.6,0.2,,0.6,0.5,2.0,1.2,3.2,0.4,1.2,0.0,0.2,1.2,3.0,,5.0
355,76904.0,4.09375,0.509764705882353,,0.46875,0.725,0.46875,0.5625,1.03125,0.09375,0.5,0.125,0.15625,0.71875,1.46875,,32.0
356,76961.0,17.6,0.3528,0.54175,4.6,0.9166000000000001,0.6,1.4,2.0,1.6,1.2,0.8,0.0,1.6,8.8,,5.0
357,77003.0,3.75,0.111,0.0,0.5,0.5,0.0,0.5,0.5,1.0,0.25,0.0,0.0,0.25,1.0,,4.0
358,77019.0,15.194444444444445,0.40161290322580645,0.3913478260869565,0.8611111111111112,0.7843571428571429,0.6944444444444444,1.5833333333333333,2.2777777777777777,1.0,0.5833333333333334,0.6944444444444444,0.3888888888888889,1.4722222222222223,5.416666666666667,,36.0
359,77057.0,9.333333333333334,0.0,,0.0,,0.3333333333333333,0.6666666666666666,1.0,0.0,0.3333333333333333,0.3333333333333333,1.0,1.0,0.0,,3.0
360,77081.0,21.586666666666666,0.3972533333333334,0.33066071428571425,0.76,0.7172499999999999,0.4666666666666667,1.2266666666666666,1.6933333333333334,2.92,1.2666666666666666,0.8666666666666667,0.14666666666666667,2.24,7.48,,75.0
361,77109.0,5.411764705882353,0.5453333333333333,0.2,0.17647058823529413,1.0,0.7058823529411765,0.8823529411764706,1.588235294117647,0.9411764705882353,0.5882352941176471,0.29411764705882354,0.0,0.7647058823529411,2.235294117647059,,17.0
362,77114.0,2.8,0.0,,0.4,0.75,0.0,0.8,0.8,0.2,0.2,0.0,0.0,0.0,0.4,,5.0
363,77138.0,7.0,0.23414285714285715,0.0,0.7647058823529411,0.6214285714285713,0.5294117647058824,0.4117647058823529,0.9411764705882353,0.23529411764705882,0.5294117647058824,0.23529411764705882,0.0,0.4117647058823529,2.764705882352941,,17.0
364,77146.0,12.5,0.44326984126984126,0.09375,0.7714285714285715,0.7547692307692307,0.4142857142857143,0.7571428571428571,1.1714285714285715,2.1142857142857143,0.9285714285714286,0.5857142857142857,0.014285714285714285,1.7142857142857142,4.628571428571429,,70.0
365,77251.0,4.4,0.47614285714285715,0.5555555555555556,0.4,0.75,0.26666666666666666,0.4,0.6666666666666666,0.13333333333333333,0.3333333333333333,0.06666666666666667,0.06666666666666667,0.9333333333333333,2.2,,15.0
366,77254.0,13.0,0.6050392156862745,,0.6911764705882353,0.5142857142857142,1.1176470588235294,2.3088235294117645,3.426470588235294,0.27941176470588236,0.6470588235294118,0.27941176470588236,0.3382352941176471,1.8970588235294117,3.6323529411764706,,68.0
367,77372.0,9.38888888888889,0.25281818181818183,0.4537777777777777,0.6111111111111112,0.8611666666666666,0.2777777777777778,0.4444444444444444,0.7222222222222222,2.1666666666666665,0.6111111111111112,0.3888888888888889,0.05555555555555555,0.8888888888888888,2.5,,18.0
368,77376.0,24.037037037037038,0.38396296296296295,0.32727272727272727,0.9259259259259259,0.7396,1.0246913580246915,2.4691358024691357,3.493827160493827,2.6296296296296298,1.0864197530864197,1.962962962962963,0.18518518518518517,1.9135802469135803,6.851851851851852,,81.0
369,77386.0,7.5,0.3432424242424243,0.2692307692307692,0.5,0.5055333333333334,0.6842105263157895,0.9210526315789473,1.605263157894737,0.4473684210526316,0.631578947368421,0.2894736842105263,0.10526315789473684,0.8947368421052632,2.8684210526315788,,38.0
370,77387.0,9.692307692307692,0.4083,1.0,1.2307692307692308,0.6905714285714285,0.6153846153846154,1.0769230769230769,1.6923076923076923,0.8461538461538461,0.38461538461538464,0.5384615384615384,0.07692307692307693,1.2307692307692308,4.461538461538462,,13.0
371,77449.0,11.236363636363636,0.4069411764705882,0.0,1.6363636363636365,0.7530689655172413,1.9272727272727272,2.1818181818181817,4.109090909090909,0.6181818181818182,1.0727272727272728,0.2,0.3090909090909091,0.9454545454545454,5.345454545454546,,55.0
372,77460.0,6.4,0.175,,0.0,0.0,0.6,1.0,1.6,0.2,0.6,0.0,0.4,0.2,0.8,,5.0
373,77478.0,10.09433962264151,0.42656756756756753,,0.5849056603773585,0.5916666666666667,0.6792452830188679,1.528301886792453,2.207547169811321,0.32075471698113206,0.5471698113207547,0.1509433962264151,0.6226415094339622,2.0,2.0943396226415096,,53.0
374,77486.0,11.381818181818181,0.5193877551020408,0.0,1.2727272727272727,0.680625,1.3636363636363635,2.2545454545454544,3.618181818181818,0.18181818181818182,0.7272727272727273,0.2909090909090909,0.6,2.0545454545454547,4.509090909090909,,55.0
375,77644.0,15.956521739130435,0.44927272727272727,,0.782608695652174,0.6033000000000001,1.3478260869565217,2.1739130434782608,3.5217391304347827,0.6521739130434783,0.8260869565217391,0.6086956521739131,0.08695652173913043,3.0434782608695654,4.173913043478261,,23.0
376,77674.0,7.444444444444445,0.5,,0.3333333333333333,0.5,0.4444444444444444,0.6666666666666666,1.1111111111111112,0.4444444444444444,0.1111111111111111,0.2222222222222222,0.0,1.1111111111111112,1.6666666666666667,,9.0
377,77685.0,27.545454545454547,0.46712121212121216,,1.9393939393939394,0.7646538461538461,2.3333333333333335,4.545454545454546,6.878787878787879,1.4848484848484849,1.1515151515151516,0.8181818181818182,1.6666666666666667,2.909090909090909,11.212121212121213,,33.0
378,77707.0,1.0,,,3.0,0.5,1.0,0.0,1.0,0.0,1.0,0.0,0.0,1.0,3.0,,1.0
379,77776.0,4.3076923076923075,0.34375,,0.6923076923076923,0.75,0.15384615384615385,0.6153846153846154,0.7692307692307693,0.23076923076923078,0.23076923076923078,0.0,0.0,0.7692307692307693,1.3076923076923077,,13.0
380,77789.0,7.611111111111111,0.3138888888888889,0.0,0.5,0.5625,0.2777777777777778,0.6111111111111112,0.8888888888888888,0.6111111111111112,0.3333333333333333,0.2222222222222222,0.0,0.5,2.9444444444444446,,18.0
381,77820.0,12.703703703703704,0.408,0.38099999999999995,0.037037037037037035,0.5,0.1111111111111111,0.6296296296296297,0.7407407407407407,1.2222222222222223,0.2222222222222222,0.25925925925925924,0.07407407407407407,0.6666666666666666,2.5925925925925926,,27.0
382,77846.0,4.181818181818182,0.4126666666666667,0.5,0.2727272727272727,0.8,0.4090909090909091,1.0,1.4090909090909092,0.045454545454545456,0.6818181818181818,0.09090909090909091,0.13636363636363635,0.6818181818181818,2.409090909090909,,22.0
383,77905.0,12.7,0.49073809523809525,0.0,0.92,0.6927083333333334,1.68,2.1,3.78,0.64,0.52,0.44,0.46,1.78,3.28,,50.0
384,78014.0,8.533333333333333,0.64425,,0.4,0.5667,0.7333333333333333,1.4,2.1333333333333333,0.2,0.28888888888888886,0.15555555555555556,0.7777777777777778,1.2222222222222223,1.6888888888888889,,45.0
385,78194.0,13.287878787878787,0.40119672131147543,0.31126470588235294,0.9545454545454546,0.7022307692307693,0.5151515151515151,0.7575757575757576,1.2727272727272727,1.6515151515151516,0.7575757575757576,0.6060606060606061,0.07575757575757576,1.4545454545454546,5.03030303030303,,66.0
386,78201.0,7.348837209302325,0.46965625,,0.4186046511627907,0.46792307692307694,0.9302325581395349,1.372093023255814,2.302325581395349,0.09302325581395349,0.27906976744186046,0.27906976744186046,0.13953488372093023,1.0930232558139534,1.7674418604651163,,43.0
387,78227.0,12.464285714285714,0.41288,,1.9642857142857142,0.6730555555555555,1.0714285714285714,1.5357142857142858,2.607142857142857,0.7857142857142857,0.75,0.6785714285714286,0.25,1.5357142857142858,5.678571428571429,,28.0
388,78318.0,30.17241379310345,0.41620689655172416,0.28,3.1206896551724137,0.6829615384615385,0.7931034482758621,1.9482758620689655,2.7413793103448274,6.879310344827586,3.4827586206896552,1.1724137931034482,0.10344827586206896,2.1724137931034484,14.758620689655173,,58.0
389,78329.0,4.142857142857143,0.42857142857142855,0.0,0.07142857142857142,0.5,0.5,0.42857142857142855,0.9285714285714286,0.21428571428571427,0.35714285714285715,0.0,0.14285714285714285,0.7857142857142857,0.9285714285714286,,14.0
390,78347.0,13.061224489795919,0.4252325581395348,0.4,0.673469387755102,0.7301428571428572,0.7346938775510204,1.469387755102041,2.204081632653061,0.6122448979591837,0.7959183673469388,0.2653061224489796,0.30612244897959184,1.2448979591836735,3.816326530612245,,49.0
391,78352.0,5.333333333333333,0.21428571428571427,0.0,0.16666666666666666,1.0,0.08333333333333333,0.16666666666666666,0.25,0.9166666666666666,0.4166666666666667,0.0,0.0,0.6666666666666666,0.5,,12.0
392,78381.0,22.58823529411765,0.43750746268656715,0.33946666666666664,0.5147058823529411,0.7938421052631579,1.161764705882353,2.823529411764706,3.985294117647059,0.8823529411764706,1.1029411764705883,0.3382352941176471,0.16176470588235295,3.514705882352941,6.632352941176471,,68.0
393,78440.0,19.136986301369863,0.46424999999999994,0.0,1.1917808219178083,0.7107380952380952,1.6164383561643836,2.3424657534246576,3.958904109589041,0.4520547945205479,0.6027397260273972,0.3561643835616438,0.8082191780821918,2.136986301369863,4.808219178082192,,73.0
394,78492.0,3.3636363636363638,0.8,,0.5454545454545454,0.625,0.5454545454545454,0.5454545454545454,1.0909090909090908,0.0,0.36363636363636365,0.0,0.18181818181818182,0.6363636363636364,1.6363636363636365,,11.0
395,78528.0,9.875,0.2797142857142857,0.3332857142857143,0.0,,0.0,0.625,0.625,1.4375,1.0625,0.9375,0.0,1.3125,1.3125,,16.0
396,78554.0,21.323529411764707,0.4566363636363636,0.23481818181818184,0.7058823529411765,0.6923076923076923,1.088235294117647,2.6470588235294117,3.735294117647059,2.8529411764705883,1.0294117647058822,0.7352941176470589,0.29411764705882354,2.5,5.617647058823529,,34.0
397,78555.0,14.441176470588236,0.47649230769230766,0.0,0.6617647058823529,0.7087272727272727,1.3676470588235294,1.6470588235294117,3.014705882352941,0.7647058823529411,0.6617647058823529,0.35294117647058826,0.7205882352941176,1.4558823529411764,6.279411764705882,,68.0
398,78615.0,26.41891891891892,0.4466486486486486,0.08333333333333333,2.810810810810811,0.6737846153846154,1.3918918918918919,2.635135135135135,4.027027027027027,1.8783783783783783,1.9189189189189189,0.5540540540540541,0.7567567567567568,2.5135135135135136,12.662162162162161,,74.0
399,100263.0,22.545454545454547,0.45709999999999995,0.35714285714285715,1.0,0.86,0.8181818181818182,4.2727272727272725,5.090909090909091,1.2727272727272727,0.9090909090909091,0.5454545454545454,0.36363636363636365,2.727272727272727,9.818181818181818,,11.0
400,101258.0,11.5,0.54175,0.0,0.25,1.0,0.25,1.25,1.5,1.5,0.5,0.5,0.0,1.5,2.75,,4.0
