,PLAYER_ID,MIN,FG_PCT,FG3_PCT,FTM,FT_PCT,OREB,DREB,REB,AST,TOV,STL,BLK,PF,PTS,PLUS_MINUS,no_games_played
0,2.0,19.1,0.44743750000000004,0.40148611111111115,2.4125,0.8505076923076923,0.225,1.6625,1.8875,1.35,1.4875,0.7625,0.1625,1.5375,10.025,,80.0
1,3.0,32.60493827160494,0.46439506172839506,0.32667999999999997,3.0123456790123457,0.7481791044776119,2.3580246913580245,5.1234567901234565,7.481481481481482,1.617283950617284,1.9135802469135803,1.345679012345679,0.41975308641975306,3.0,11.592592592592593,,81.0
2,7.0,11.927536231884059,0.48601639344262293,1.0,0.7246376811594203,0.6864444444444444,0.8260869565217391,2.1884057971014492,3.0144927536231885,1.289855072463768,0.927536231884058,0.2898550724637681,0.5362318840579711,2.463768115942029,4.391304347826087,,69.0
3,9.0,23.45762711864407,0.4572881355932203,0.39018749999999996,1.4915254237288136,0.8056388888888889,0.3559322033898305,1.7457627118644068,2.1016949152542375,4.203389830508475,1.1864406779661016,0.9152542372881356,0.2033898305084746,2.3559322033898304,9.457627118644067,,59.0
4,15.0,14.91358024691358,0.4240886075949368,0.37435820895522387,1.1111111111111112,0.7590540540540541,0.7777777777777778,0.8641975308641975,1.6419753086419753,0.9506172839506173,0.7777777777777778,0.4567901234567901,0.18518518518518517,1.8518518518518519,6.987654320987654,,81.0
5,17.0,35.89473684210526,0.4574342105263157,0.3560263157894737,4.7894736842105265,0.8322608695652174,2.0,4.315789473684211,6.315789473684211,4.7631578947368425,2.4473684210526314,1.7894736842105263,0.5921052631578947,2.710526315789474,21.75,,76.0
6,21.0,15.459016393442623,0.377864406779661,0.32314285714285723,0.9836065573770492,0.7527096774193548,0.11475409836065574,0.9344262295081968,1.0491803278688525,2.622950819672131,0.9344262295081968,0.819672131147541,0.11475409836065574,1.6229508196721312,6.098360655737705,,61.0
7,22.0,30.525641025641026,0.5167948717948719,0.0,3.641025641025641,0.7405428571428572,2.4615384615384617,5.243589743589744,7.705128205128205,1.4230769230769231,2.423076923076923,0.5128205128205128,1.0128205128205128,3.5641025641025643,17.94871794871795,,78.0
8,23.0,32.0,0.5703191489361702,0.0,1.530612244897959,0.6664324324324324,5.591836734693878,11.204081632653061,16.79591836734694,1.9795918367346939,2.0,0.6326530612244898,0.46938775510204084,3.2448979591836733,7.122448979591836,,49.0
9,24.0,21.525,0.4336794871794872,0.35618571428571427,1.675,0.8839803921568627,0.325,1.525,1.85,4.6625,1.5,1.1875,0.025,1.6625,7.3625,,80.0
10,26.0,18.2,0.43781818181818183,0.0,1.6,0.7942972972972973,1.490909090909091,3.290909090909091,4.781818181818182,1.3272727272727274,1.5636363636363637,0.43636363636363634,0.8181818181818182,3.2181818181818183,6.509090909090909,,55.0
11,28.0,32.7887323943662,0.4690571428571429,0.1271578947368421,2.9014084507042255,0.8230357142857142,0.8450704225352113,2.352112676056338,3.1971830985915495,2.6056338028169015,1.7746478873239437,0.9154929577464789,0.3380281690140845,3.5211267605633805,12.943661971830986,,71.0
12,29.0,9.709090909090909,0.4715263157894737,,0.509090909090909,0.6666666666666666,0.7272727272727273,1.1818181818181819,1.9090909090909092,0.18181818181818182,0.34545454545454546,0.18181818181818182,1.0909090909090908,1.7272727272727273,1.7454545454545454,,55.0
13,30.0,11.133333333333333,0.4835714285714286,0.0,0.5333333333333333,0.5,1.2,0.7333333333333333,1.9333333333333333,0.4666666666666667,0.6,0.6666666666666666,0.13333333333333333,1.4666666666666666,5.466666666666667,,15.0
14,31.0,29.0609756097561,0.46466216216216216,,0.4634146341463415,0.34421052631578947,3.548780487804878,4.865853658536586,8.414634146341463,1.5121951219512195,1.2804878048780488,0.6341463414634146,1.8048780487804879,3.731707317073171,4.0,,82.0
15,32.0,22.636363636363637,0.4584838709677419,0.2857142857142857,1.0303030303030303,0.3725,3.0303030303030303,4.333333333333333,7.363636363636363,0.6818181818181818,1.3484848484848484,0.5303030303030303,0.5909090909090909,2.9696969696969697,6.787878787878788,,66.0
16,35.0,10.85,0.42976923076923074,0.0,1.175,0.7535,1.125,1.675,2.8,0.275,0.775,0.425,0.875,1.95,4.425,,40.0
17,36.0,18.09090909090909,0.45059090909090915,0.3866279069767442,2.196969696969697,0.7209148936170212,0.25757575757575757,0.7727272727272727,1.0303030303030303,1.6666666666666667,1.4848484848484849,1.0909090909090908,0.045454545454545456,1.9090909090909092,9.272727272727273,,66.0
18,37.0,15.5,0.38181250000000005,0.12084999999999999,1.1,0.7583461538461538,0.38,0.86,1.24,1.32,0.96,0.58,0.12,1.52,5.02,,50.0
19,38.0,11.967213114754099,0.36798214285714287,0.3665384615384616,0.16393442622950818,0.6875,0.45901639344262296,1.2131147540983607,1.6721311475409837,0.7049180327868853,0.47540983606557374,0.32786885245901637,0.4098360655737705,1.3934426229508197,4.377049180327869,,61.0
20,41.0,19.413793103448278,0.40917857142857145,0.2,0.7586206896551724,0.6801153846153846,1.9482758620689655,2.5689655172413794,4.517241379310345,1.3793103448275863,1.3620689655172413,0.8275862068965517,0.39655172413793105,2.7413793103448274,3.810344827586207,,58.0
21,42.0,12.268292682926829,0.473157894736842,0.0,0.4146341463414634,0.4397777777777778,1.024390243902439,1.3658536585365855,2.3902439024390243,1.1951219512195121,1.0,0.4878048780487805,0.0975609756097561,2.1219512195121952,3.341463414634146,,41.0
22,43.0,7.16,0.21790909090909089,0.16666666666666666,0.44,1.0,0.16,0.36,0.52,1.12,0.72,0.16,0.0,1.36,1.68,,25.0
23,45.0,19.095238095238095,0.4449512195121952,0.3759166666666667,1.9047619047619047,0.8363703703703704,1.9523809523809523,1.5476190476190477,3.5,1.2619047619047619,0.9523809523809523,0.5476190476190477,0.21428571428571427,1.6904761904761905,9.571428571428571,,42.0
24,46.0,3.5,1.0,,0.16666666666666666,0.5,0.16666666666666666,0.3333333333333333,0.5,0.16666666666666666,0.3333333333333333,0.16666666666666666,0.0,1.6666666666666667,1.8333333333333333,,6.0
25,47.0,19.630769230769232,0.47044615384615385,,1.4461538461538461,0.7350749999999999,1.2769230769230768,2.523076923076923,3.8,0.6923076923076923,0.9846153846153847,0.4461538461538462,0.4153846153846154,2.923076923076923,10.0,,65.0
26,49.0,23.561643835616437,0.5515616438356163,,1.6986301369863013,0.6983584905660378,2.452054794520548,4.232876712328767,6.684931506849315,0.5205479452054794,1.5753424657534247,0.6575342465753424,1.7397260273972603,3.547945205479452,10.0,,73.0
27,51.0,28.52054794520548,0.43560273972602737,0.3364776119402985,1.8904109589041096,0.8760181818181818,0.4383561643835616,1.4383561643835616,1.8767123287671232,3.6027397260273974,1.63013698630137,1.0547945205479452,0.1232876712328767,1.726027397260274,15.95890410958904,,73.0
28,52.0,28.0,0.25,,4.0,0.8,0.0,1.0,1.0,3.0,3.0,2.0,0.0,3.0,6.0,,1.0
29,53.0,23.40740740740741,0.4777777777777778,0.35577333333333333,1.7777777777777777,0.8554727272727273,0.6172839506172839,1.8024691358024691,2.419753086419753,2.3333333333333335,1.2839506172839505,0.8024691358024691,0.14814814814814814,1.9506172839506173,8.765432098765432,,81.0
30,54.0,9.932203389830509,0.39554901960784317,,0.847457627118644,0.6745,1.0169491525423728,1.5423728813559323,2.559322033898305,0.6271186440677966,0.7627118644067796,0.1694915254237288,0.11864406779661017,1.2203389830508475,3.4915254237288136,,59.0
31,55.0,25.170731707317074,0.5100609756097562,0.25,1.451219512195122,0.5853103448275863,1.951219512195122,3.2439024390243905,5.195121951219512,1.3414634146341464,1.5,0.5121951219512195,0.21951219512195122,2.658536585365854,9.939024390243903,,82.0
32,56.0,36.76829268292683,0.5110853658536585,0.2715394736842105,3.0365853658536586,0.700904109589041,1.3170731707317074,2.1097560975609757,3.426829268292683,7.109756097560975,2.451219512195122,2.4878048780487805,0.15853658536585366,2.5121951219512195,20.597560975609756,,82.0
33,57.0,6.583333333333333,0.34255555555555556,0.25,0.3333333333333333,0.8333333333333334,0.25,0.8333333333333334,1.0833333333333333,0.6666666666666666,1.0833333333333333,0.16666666666666666,0.08333333333333333,1.5,1.25,,12.0
34,61.0,21.81967213114754,0.49355,0.0,1.1967213114754098,0.6324848484848484,1.6065573770491803,2.9508196721311477,4.557377049180328,0.7213114754098361,1.1639344262295082,0.6557377049180327,0.6229508196721312,2.2295081967213113,6.80327868852459,,61.0
35,63.0,21.170731707317074,0.5292716049382716,0.0,1.548780487804878,0.506234375,2.1219512195121952,3.8048780487804876,5.926829268292683,0.8170731707317073,1.2926829268292683,0.7439024390243902,0.5975609756097561,2.8658536585365852,6.914634146341464,,82.0
36,64.0,28.73170731707317,0.46571951219512187,0.3784146341463414,2.6219512195121952,0.7859552238805969,1.170731707317073,3.682926829268293,4.853658536585366,1.646341463414634,0.9390243902439024,0.8780487804878049,0.5487804878048781,2.268292682926829,12.71951219512195,,82.0
37,65.0,15.0,0.492271186440678,0.18181818181818182,1.0317460317460319,0.7888888888888889,0.7777777777777778,1.3968253968253967,2.1746031746031744,1.0476190476190477,0.6984126984126984,0.5079365079365079,0.25396825396825395,1.4126984126984128,5.984126984126984,,63.0
38,67.0,13.657142857142857,0.5207878787878788,0.0,1.8857142857142857,0.7325283018867924,0.7857142857142857,2.3857142857142857,3.1714285714285713,0.5142857142857142,0.8,0.15714285714285714,0.2,1.8857142857142857,5.857142857142857,,70.0
39,70.0,22.426829268292682,0.516219512195122,0.5138260869565218,0.7682926829268293,0.7627142857142857,0.24390243902439024,1.2073170731707317,1.451219512195122,1.8414634146341464,0.5853658536585366,0.5365853658536586,0.036585365853658534,1.3902439024390243,8.21951219512195,,82.0
40,71.0,35.8,0.3785,0.37368421052631584,1.0125,0.6657111111111111,0.475,2.7875,3.2625,7.9,2.1375,1.6125,0.15,2.725,10.925,,80.0
41,72.0,37.34722222222222,0.39137500000000003,0.33071014492753625,4.833333333333333,0.8404347826086956,1.0138888888888888,2.4583333333333335,3.4722222222222223,9.444444444444445,3.125,1.4305555555555556,0.19444444444444445,2.5555555555555554,17.59722222222222,,72.0
42,73.0,35.689189189189186,0.433554054054054,0.2,2.6486486486486487,0.6891166666666667,2.3378378378378377,4.513513513513513,6.851351351351352,2.5945945945945947,2.0135135135135136,1.1216216216216217,1.364864864864865,2.8513513513513513,12.554054054054054,,74.0
43,74.0,1.6666666666666667,0.0,,0.0,0.0,0.0,0.0,0.0,0.3333333333333333,0.0,0.0,0.0,1.0,0.0,,3.0
44,76.0,34.98275862068966,0.4948620689655172,0.2946956521739131,3.603448275862069,0.7273653846153848,2.913793103448276,5.086206896551724,8.0,1.8103448275862069,2.4655172413793105,1.0344827586206897,0.3275862068965517,2.2586206896551726,21.74137931034483,,58.0
45,77.0,20.78048780487805,0.3788846153846154,0.44772340425531915,1.329268292682927,0.8485,0.3170731707317073,1.4268292682926829,1.7439024390243902,3.0,1.2682926829268293,0.6463414634146342,0.024390243902439025,1.5365853658536586,7.024390243902439,,82.0
46,78.0,11.921052631578947,0.3870882352941177,,0.3684210526315789,0.8571428571428571,0.7368421052631579,1.605263157894737,2.3421052631578947,0.47368421052631576,0.868421052631579,0.47368421052631576,0.2631578947368421,2.0,2.9473684210526314,,38.0
47,80.0,25.39189189189189,0.42417567567567566,0.29771641791044773,0.8648648648648649,0.44634042553191483,1.3918918918918919,3.5,4.891891891891892,1.2702702702702702,1.2972972972972974,0.4594594594594595,0.2702702702702703,2.081081081081081,12.675675675675675,,74.0
48,81.0,23.361702127659573,0.40747826086956523,0.3194166666666667,1.2340425531914894,0.7376451612903228,1.2340425531914894,1.9361702127659575,3.1702127659574466,1.574468085106383,1.1914893617021276,0.574468085106383,0.0851063829787234,1.702127659574468,8.27659574468085,,47.0
49,82.0,13.095890410958905,0.4691142857142858,0.0,0.6986301369863014,0.7424090909090908,0.8767123287671232,1.726027397260274,2.6027397260273974,0.547945205479452,0.5342465753424658,0.3013698630136986,0.2328767123287671,2.712328767123288,4.972602739726027,,73.0
50,84.0,40.15942028985507,0.4113623188405797,0.2578676470588235,5.072463768115942,0.7758307692307691,0.8405797101449275,2.869565217391304,3.710144927536232,4.043478260869565,3.3333333333333335,1.6231884057971016,0.6666666666666666,1.565217391304348,20.579710144927535,,69.0
51,87.0,37.80487804878049,0.5533536585365854,,3.024390243902439,0.6541866666666666,3.8902439024390243,8.658536585365853,12.548780487804878,1.3780487804878048,2.341463414634146,0.4878048780487805,3.9146341463414633,3.4634146341463414,11.536585365853659,,82.0
52,88.0,5.666666666666667,0.4848181818181818,,0.8333333333333334,0.8214285714285714,0.4444444444444444,0.8333333333333334,1.2777777777777777,0.2222222222222222,0.16666666666666666,0.1111111111111111,0.1111111111111111,0.5,2.1666666666666665,,18.0
53,89.0,36.8,0.404975,0.3253125,2.9375,0.7373661971830986,0.3375,2.45,2.7875,8.25,2.75,1.2125,0.075,1.9625,16.85,,80.0
54,93.0,20.695121951219512,0.4644444444444445,0.38577215189873415,1.1829268292682926,0.7921764705882353,0.36585365853658536,0.975609756097561,1.3414634146341464,1.829268292682927,1.0609756097560976,0.4268292682926829,0.13414634146341464,1.7804878048780488,10.0,,82.0
55,95.0,13.428571428571429,0.5262608695652174,0.5,0.8367346938775511,0.63164,1.1224489795918366,2.163265306122449,3.2857142857142856,0.5714285714285714,0.7959183673469388,0.3877551020408163,0.32653061224489793,2.2244897959183674,4.979591836734694,,49.0
56,96.0,35.19512195121951,0.5300853658536586,0.4878028169014085,5.329268292682927,0.838439024390244,1.646341463414634,4.548780487804878,6.195121951219512,3.7804878048780486,2.1463414634146343,1.1341463414634145,0.4268292682926829,3.073170731707317,19.170731707317074,,82.0
57,97.0,4.0,0.25,,0.0,,1.5,1.0,2.5,1.0,0.0,0.0,0.0,1.0,1.0,,2.0
58,98.0,34.05263157894737,0.4891184210526317,0.40727027027027024,1.881578947368421,0.6979322033898304,1.118421052631579,3.289473684210526,4.407894736842105,4.131578947368421,1.855263157894737,1.644736842105263,0.2894736842105263,1.631578947368421,15.789473684210526,,76.0
59,100.0,15.458333333333334,0.3919565217391305,0.38165,1.25,0.8080909090909091,0.5,1.1666666666666667,1.6666666666666667,1.125,0.8333333333333334,0.5,0.041666666666666664,1.375,7.333333333333333,,24.0
60,101.0,33.5,0.4421451612903226,0.4065806451612902,2.8870967741935485,0.8743636363636365,0.41935483870967744,2.1451612903225805,2.564516129032258,7.290322580645161,2.774193548387097,1.1290322580645162,0.0967741935483871,2.1774193548387095,12.983870967741936,,62.0
61,103.0,33.13414634146341,0.42351219512195115,0.39807317073170734,3.1341463414634148,0.7346376811594204,1.1585365853658536,2.768292682926829,3.926829268292683,1.6341463414634145,1.9146341463414633,1.2682926829268293,0.7682926829268293,3.451219512195122,15.975609756097562,,82.0
62,104.0,26.19672131147541,0.5028852459016393,,2.180327868852459,0.7287551020408164,1.540983606557377,5.672131147540983,7.213114754098361,0.6229508196721312,2.0491803278688523,0.3770491803278688,1.0491803278688525,2.4754098360655736,11.065573770491802,,61.0
63,105.0,37.69512195121951,0.42173170731707316,0.352219512195122,2.5121951219512195,0.7177272727272728,1.2682926829268293,3.3048780487804876,4.573170731707317,4.146341463414634,1.2804878048780488,1.170731707317073,0.4634146341463415,1.8902439024390243,15.621951219512194,,82.0
64,107.0,24.641975308641975,0.4235875000000001,0.3884102564102564,1.3580246913580247,0.8537446808510639,0.691358024691358,2.049382716049383,2.740740740740741,0.7037037037037037,1.0,0.4567901234567901,0.1111111111111111,1.7530864197530864,11.333333333333334,,81.0
65,109.0,32.40625,0.45015625000000004,0.3423650793650794,1.34375,0.7683170731707316,1.265625,3.796875,5.0625,3.375,1.90625,1.46875,1.1875,2.515625,10.1875,,64.0
66,111.0,9.666666666666666,0.3054,,1.0,1.0,1.1666666666666667,1.6666666666666667,2.8333333333333335,0.6666666666666666,0.8333333333333334,0.16666666666666666,0.8333333333333334,2.0,4.0,,6.0
67,112.0,4.05,0.3708125,0.125,0.4,0.75,0.55,0.95,1.5,0.15,0.4,0.25,0.15,0.75,2.3,,20.0
68,114.0,19.355555555555554,0.35653333333333337,0.21108333333333337,1.5333333333333334,0.6993333333333333,0.8444444444444444,1.7555555555555555,2.6,1.5333333333333334,1.711111111111111,0.3333333333333333,0.13333333333333333,1.8888888888888888,7.311111111111111,,45.0
69,116.0,17.128205128205128,0.4432054794520548,0.31825000000000003,1.1666666666666667,0.753325,1.064102564102564,2.0256410256410255,3.08974358974359,0.8333333333333334,0.6794871794871795,0.358974358974359,0.16666666666666666,2.782051282051282,5.487179487179487,,78.0
70,117.0,34.73684210526316,0.48773684210526314,0.40625,2.6842105263157894,0.835764705882353,0.5789473684210527,2.3157894736842106,2.8947368421052633,1.5263157894736843,1.5263157894736843,0.7894736842105263,0.0,1.8421052631578947,18.42105263157895,,19.0
71,120.0,33.3125,0.4183625,0.30484999999999995,3.9,0.8182222222222222,1.3,2.15,3.45,3.425,1.9375,0.775,0.4125,2.8125,16.3125,,80.0
72,121.0,36.962025316455694,0.5013164556962024,0.2777777777777778,5.3164556962025316,0.7423815789473686,1.9873417721518987,8.987341772151899,10.974683544303797,2.6835443037974684,3.240506329113924,0.8607594936708861,2.0126582278481013,3.4430379746835444,23.873417721518987,,79.0
73,122.0,10.619047619047619,0.34706250000000005,0.30957142857142855,0.9523809523809523,0.814625,0.6190476190476191,1.0,1.619047619047619,0.38095238095238093,0.3333333333333333,0.2857142857142857,0.14285714285714285,1.2380952380952381,3.8095238095238093,,21.0
74,123.0,27.238095238095237,0.40369047619047616,0.40438235294117647,3.261904761904762,0.8164242424242424,0.4523809523809524,2.238095238095238,2.6904761904761907,6.904761904761905,3.1904761904761907,1.4523809523809523,0.14285714285714285,2.4047619047619047,12.071428571428571,,42.0
75,124.0,35.0875,0.5124875,0.208325,3.7125,0.7925394736842106,3.2625,7.1,10.3625,4.1125,2.5625,1.3625,2.175,3.8125,15.9625,,80.0
76,128.0,25.929577464788732,0.4958591549295774,0.30744827586206896,1.8591549295774648,0.8275999999999999,1.352112676056338,3.8309859154929575,5.183098591549296,0.8169014084507042,1.056338028169014,0.6338028169014085,0.6619718309859155,2.5774647887323945,10.422535211267606,,71.0
77,129.0,32.53030303030303,0.48098484848484846,0.0,3.5303030303030303,0.7432068965517241,2.257575757575758,6.424242424242424,8.681818181818182,1.6818181818181819,2.409090909090909,0.9090909090909091,1.303030303030303,3.515151515151515,17.166666666666668,,66.0
78,132.0,9.634146341463415,0.37177777777777776,0.3039411764705882,1.4146341463414633,0.6832,0.5121951219512195,0.9024390243902439,1.4146341463414633,0.43902439024390244,0.6585365853658537,0.2682926829268293,0.36585365853658536,1.0975609756097562,4.073170731707317,,41.0
79,133.0,27.058823529411764,0.38492,0.4345581395348837,1.392156862745098,0.7501379310344827,0.6078431372549019,1.6862745098039216,2.2941176470588234,5.215686274509804,1.7058823529411764,1.607843137254902,0.17647058823529413,2.823529411764706,7.411764705882353,,51.0
80,134.0,28.76595744680851,0.48630434782608684,0.1388888888888889,4.9787234042553195,0.7964634146341464,0.6808510638297872,1.7659574468085106,2.4468085106382977,7.659574468085107,2.234042553191489,1.0,0.3829787234042553,1.872340425531915,15.53191489361702,,47.0
81,136.0,30.825,0.44216249999999996,0.15217391304347827,1.7375,0.6572295081967213,2.225,3.8625,6.0875,1.6875,1.0,0.8625,1.6875,3.275,8.1375,,80.0
82,137.0,31.84375,0.38179687500000004,0.307328125,1.546875,0.698780487804878,0.28125,2.28125,2.5625,4.28125,2.140625,1.171875,0.203125,2.453125,13.34375,,64.0
83,138.0,15.014084507042254,0.4258225806451613,,0.676056338028169,0.6547857142857143,1.3661971830985915,2.76056338028169,4.126760563380282,0.5774647887323944,0.7464788732394366,0.39436619718309857,0.704225352112676,2.3943661971830985,3.6338028169014085,,71.0
84,140.0,26.3,0.46146376811594203,0.0,3.1857142857142855,0.7372203389830507,1.1857142857142857,2.8,3.9857142857142858,2.8285714285714287,1.7857142857142858,0.6428571428571429,0.22857142857142856,2.2285714285714286,9.071428571428571,,70.0
85,141.0,15.838709677419354,0.4179038461538462,0.0,0.8225806451612904,0.59052,0.7096774193548387,2.032258064516129,2.7419354838709675,1.096774193548387,0.9032258064516129,0.7419354838709677,0.1774193548387097,2.0806451612903225,3.9193548387096775,,62.0
86,143.0,22.175,0.3998860759493671,0.25335820895522393,2.8625,0.738323076923077,0.4375,1.4625,1.9,2.8125,1.9625,0.5625,0.0875,2.5,10.4375,,80.0
87,145.0,9.555555555555555,0.38644444444444453,0.41088888888888886,0.6111111111111112,0.7911333333333332,0.37037037037037035,0.7222222222222222,1.0925925925925926,0.35185185185185186,0.6481481481481481,0.25925925925925924,0.07407407407407407,1.3518518518518519,4.777777777777778,,54.0
88,146.0,10.614035087719298,0.48960000000000004,0.25,0.38596491228070173,0.5048823529411764,0.631578947368421,1.087719298245614,1.719298245614035,0.8771929824561403,0.5263157894736842,0.42105263157894735,0.21052631578947367,1.1228070175438596,3.807017543859649,,57.0
89,147.0,22.19753086419753,0.43889999999999996,0.2914090909090909,2.1358024691358026,0.7255483870967743,0.7037037037037037,1.9753086419753085,2.6790123456790123,4.802469135802469,1.9753086419753085,0.8024691358024691,0.2716049382716049,2.54320987654321,8.185185185185185,,81.0
90,149.0,15.275862068965518,0.4245862068965518,0.38392857142857145,0.8620689655172413,0.8452857142857143,0.20689655172413793,0.7931034482758621,1.0,3.2758620689655173,0.896551724137931,0.7931034482758621,0.034482758620689655,1.4137931034482758,6.482758620689655,,29.0
91,154.0,4.285714285714286,0.3333333333333333,,0.42857142857142855,0.5,0.14285714285714285,1.2857142857142858,1.4285714285714286,0.0,0.14285714285714285,0.14285714285714285,0.0,0.8571428571428571,0.7142857142857143,,7.0
92,156.0,21.5,0.5221923076923076,0.25,2.1153846153846154,0.8328571428571429,1.0384615384615385,2.358974358974359,3.3974358974358974,0.8589743589743589,1.1153846153846154,0.3076923076923077,0.8717948717948718,3.2435897435897436,9.564102564102564,,78.0
93,157.0,33.95,0.43520000000000003,0.3676351351351351,1.7375,0.7336101694915255,0.3875,2.0375,2.425,5.725,1.8875,0.9875,0.125,2.7375,11.4875,,80.0
94,160.0,8.095238095238095,0.3271818181818182,0.22941176470588234,0.7619047619047619,0.5936153846153847,0.38095238095238093,0.42857142857142855,0.8095238095238095,0.35714285714285715,0.38095238095238093,0.2619047619047619,0.09523809523809523,0.5952380952380952,3.0476190476190474,,42.0
95,164.0,19.264150943396228,0.372549019607843,0.28223255813953485,1.0377358490566038,0.7266800000000001,0.2641509433962264,1.0377358490566038,1.3018867924528301,4.132075471698113,1.4339622641509433,0.7924528301886793,0.05660377358490566,2.188679245283019,5.811320754716981,,53.0
96,165.0,39.625,0.5174722222222221,0.2,5.638888888888889,0.7564507042253521,2.388888888888889,8.375,10.76388888888889,3.5416666666666665,3.2916666666666665,1.8472222222222223,3.361111111111111,3.4722222222222223,27.84722222222222,,72.0
97,166.0,19.948051948051948,0.4181232876712329,0.2040754716981132,1.051948051948052,0.620625,0.6623376623376623,1.6753246753246753,2.3376623376623376,2.038961038961039,1.2987012987012987,1.2597402597402598,0.35064935064935066,1.7142857142857142,6.883116883116883,,77.0
98,168.0,35.175,0.4121499999999999,0.35841558441558447,2.175,0.8022711864406781,1.2375,3.3375,4.575,1.925,1.5,0.7375,0.4375,3.025,12.325,,80.0
99,170.0,12.906666666666666,0.4513382352941176,0.0,0.56,0.8770000000000001,1.0933333333333333,2.36,3.453333333333333,0.52,0.4666666666666667,0.18666666666666668,0.24,2.32,3.7333333333333334,,75.0
100,173.0,17.08,0.3574042553191489,0.20974285714285715,0.92,0.8015714285714285,1.72,2.24,3.96,0.78,0.5,0.7,0.34,2.18,4.58,,50.0
101,174.0,10.0,0.3515,0.2928571428571428,0.6785714285714286,0.713,0.10714285714285714,0.2857142857142857,0.39285714285714285,1.3214285714285714,0.6071428571428571,0.2857142857142857,0.03571428571428571,1.0,4.142857142857143,,28.0
102,175.0,12.933333333333334,0.508936170212766,0.0,0.5833333333333334,0.4854583333333333,1.1166666666666667,2.816666666666667,3.933333333333333,0.2,0.6333333333333333,0.26666666666666666,0.95,2.433333333333333,2.783333333333333,,60.0
103,176.0,9.694915254237289,0.4061702127659575,1.0,0.4067796610169492,0.5350526315789473,0.6610169491525424,1.0677966101694916,1.728813559322034,0.3898305084745763,0.423728813559322,0.2542372881355932,0.6949152542372882,1.4745762711864407,3.0338983050847457,,59.0
104,177.0,33.705128205128204,0.4847792207792208,0.19230769230769232,2.051282051282051,0.8658039215686274,0.6538461538461539,2.641025641025641,3.2948717948717947,8.653846153846153,1.6923076923076923,1.3205128205128205,0.0,1.935897435897436,11.051282051282051,,78.0
105,178.0,31.28395061728395,0.5328024691358024,1.0,1.5308641975308641,0.6405862068965517,3.419753086419753,5.530864197530864,8.950617283950617,0.7654320987654321,1.3950617283950617,0.5925925925925926,0.6419753086419753,2.9382716049382718,10.82716049382716,,81.0
106,179.0,28.753086419753085,0.45020987654320993,0.2685111111111111,3.2962962962962963,0.8236567164179105,1.1728395061728396,2.1358024691358026,3.308641975308642,1.8888888888888888,1.3580246913580247,1.123456790123457,0.2222222222222222,1.7530864197530864,11.246913580246913,,81.0
107,180.0,12.7375,0.4166081081081081,0.3125,1.225,0.7830999999999999,0.3375,0.875,1.2125,2.5625,0.875,0.4875,0.075,1.3125,3.6875,,80.0
108,181.0,25.061728395061728,0.4532716049382716,0.40653846153846157,1.5555555555555556,0.85486,0.3333333333333333,1.5802469135802468,1.9135802469135803,3.9876543209876543,1.5185185185185186,0.8765432098765432,0.12345679012345678,1.345679012345679,10.395061728395062,,81.0
109,182.0,32.8,0.47875714285714294,0.07405555555555556,2.7714285714285714,0.6285573770491805,2.9,4.271428571428571,7.171428571428572,3.5142857142857142,2.914285714285714,1.1428571428571428,0.42857142857142855,2.9285714285714284,14.314285714285715,,70.0
110,183.0,20.015873015873016,0.5698196721311476,,1.6825396825396826,0.6765227272727272,1.5555555555555556,3.1746031746031744,4.73015873015873,0.8412698412698413,1.8095238095238095,0.6031746031746031,0.6825396825396826,3.3333333333333335,7.904761904761905,,63.0
111,184.0,31.25,0.40175,0.34444444444444444,2.2875,0.7795645161290322,1.125,2.1875,3.3125,2.25,1.4125,1.4375,0.3125,2.575,10.975,,80.0
112,185.0,38.27777777777778,0.49922222222222223,0.25118,2.1666666666666665,0.4775555555555556,3.7037037037037037,5.888888888888889,9.592592592592593,4.7407407407407405,3.0925925925925926,1.537037037037037,1.5740740740740742,3.4444444444444446,20.09259259259259,,54.0
113,187.0,16.75,0.4492533333333334,,0.9473684210526315,0.604780487804878,1.8157894736842106,3.1578947368421053,4.973684210526316,0.7763157894736842,1.25,0.47368421052631576,0.25,2.473684210526316,6.842105263157895,,76.0
114,189.0,14.709090909090909,0.4112291666666666,0.3387096774193548,0.6363636363636364,0.6875,0.23636363636363636,0.8909090909090909,1.1272727272727272,3.1636363636363636,1.7636363636363637,0.6545454545454545,0.03636363636363636,1.0545454545454545,3.5454545454545454,,55.0
115,190.0,14.137931034482758,0.4954081632653062,0.0,0.9827586206896551,0.6061818181818182,0.9827586206896551,2.0172413793103448,3.0,0.25862068965517243,0.5689655172413793,0.2413793103448276,1.3793103448275863,2.5172413793103448,3.603448275862069,,58.0
116,192.0,24.177419354838708,0.4064,0.38552542372881354,1.3870967741935485,0.7144705882352942,0.4032258064516129,1.9516129032258065,2.3548387096774195,2.1129032258064515,0.9193548387096774,0.7258064516129032,0.22580645161290322,1.9193548387096775,12.935483870967742,,62.0
117,193.0,32.41558441558441,0.5529999999999999,0.0,2.4805194805194803,0.6128461538461537,2.3636363636363638,6.077922077922078,8.441558441558442,3.116883116883117,1.5974025974025974,0.8961038961038961,0.2727272727272727,3.2857142857142856,9.935064935064934,,77.0
118,194.0,16.376623376623378,0.4210405405405405,0.3225806451612903,0.7922077922077922,0.8281724137931035,0.7012987012987013,1.103896103896104,1.8051948051948052,2.064935064935065,1.1168831168831168,0.6103896103896104,0.2727272727272727,1.7922077922077921,5.545454545454546,,77.0
119,195.0,21.26829268292683,0.43230864197530866,0.393,0.7073170731707317,0.6949032258064517,0.25609756097560976,0.7439024390243902,1.0,3.3658536585365852,1.2926829268292683,0.6219512195121951,0.04878048780487805,1.5,5.780487804878049,,82.0
120,197.0,30.984615384615385,0.4424923076923077,0.42847619047619034,1.5384615384615385,0.6497727272727273,1.476923076923077,4.184615384615385,5.661538461538462,2.476923076923077,1.3076923076923077,1.1538461538461537,0.6153846153846154,2.876923076923077,11.538461538461538,,65.0
121,198.0,15.731707317073171,0.44384999999999997,0.372945945945946,0.9024390243902439,0.8664242424242425,0.36585365853658536,1.3780487804878048,1.7439024390243902,1.170731707317073,0.7195121951219512,0.32926829268292684,0.2682926829268293,1.5975609756097562,7.487804878048781,,82.0
122,199.0,29.7027027027027,0.44085135135135134,0.3173561643835616,1.7837837837837838,0.7498,1.2702702702702702,3.175675675675676,4.445945945945946,3.1216216216216215,1.6756756756756757,1.5405405405405406,0.9054054054054054,3.5675675675675675,13.41891891891892,,74.0
123,201.0,27.378048780487806,0.39432926829268294,0.0,1.0365853658536586,0.48394230769230767,3.9634146341463414,5.353658536585366,9.317073170731707,0.4146341463414634,0.9878048780487805,0.524390243902439,1.5365853658536586,3.4878048780487805,5.451219512195122,,82.0
124,202.0,14.242424242424242,0.4715151515151516,0.25922222222222224,1.3636363636363635,0.8411764705882353,0.24242424242424243,0.8181818181818182,1.0606060606060606,2.8181818181818183,1.3333333333333333,0.8787878787878788,0.09090909090909091,2.0,6.212121212121212,,33.0
125,203.0,25.875,0.41026582278481016,0.3107794117647059,0.425,0.5740740740740741,0.8125,2.9625,3.775,5.2625,1.575,2.0625,0.6625,3.4375,5.2375,,80.0
126,204.0,33.28395061728395,0.5152222222222222,0.3974375,3.506172839506173,0.8565507246376811,0.654320987654321,1.9382716049382716,2.5925925925925926,4.283950617283951,1.7901234567901234,1.5925925925925926,0.20987654320987653,2.234567901234568,16.506172839506174,,81.0
127,208.0,22.951219512195124,0.3932839506172839,0.2990285714285715,2.6097560975609757,0.8548153846153846,0.4634146341463415,2.1097560975609757,2.573170731707317,4.939024390243903,2.0365853658536586,1.146341463414634,0.17073170731707318,2.548780487804878,9.548780487804878,,82.0
128,209.0,24.89855072463768,0.4463768115942029,0.4292835820895522,1.3768115942028984,0.8630681818181819,0.5942028985507246,1.8405797101449275,2.4347826086956523,1.6376811594202898,1.4202898550724639,0.7971014492753623,0.2608695652173913,2.0869565217391304,13.55072463768116,,69.0
129,210.0,29.26865671641791,0.44097014925373135,0.37015094339622645,2.373134328358209,0.8646122448979592,0.5223880597014925,2.253731343283582,2.7761194029850746,5.417910447761194,2.1492537313432836,1.5970149253731343,0.208955223880597,1.7611940298507462,13.26865671641791,,67.0
130,211.0,12.76086956521739,0.5737435897435899,1.0,0.4782608695652174,0.48776470588235293,1.1956521739130435,2.130434782608696,3.3260869565217392,0.45652173913043476,0.5217391304347826,0.17391304347826086,0.5869565217391305,1.3695652173913044,3.9130434782608696,,46.0
131,212.0,3.0,0.0,,0.0,,0.0,1.0,1.0,0.0,1.0,0.0,0.0,2.0,0.0,,1.0
132,213.0,23.40909090909091,0.43193181818181825,,2.659090909090909,0.68965,2.3863636363636362,3.977272727272727,6.363636363636363,0.5681818181818182,1.4545454545454546,0.4318181818181818,0.6590909090909091,3.0454545454545454,7.613636363636363,,44.0
133,216.0,23.53846153846154,0.3712564102564102,0.22482608695652173,0.8974358974358975,0.7134444444444443,0.6666666666666666,2.423076923076923,3.08974358974359,5.205128205128205,2.358974358974359,0.9358974358974359,0.23076923076923078,2.358974358974359,6.435897435897436,,78.0
134,219.0,31.466666666666665,0.4570933333333333,0.371828125,1.7066666666666668,0.7551020408163265,0.37333333333333335,2.1866666666666665,2.56,3.013333333333333,0.7466666666666667,0.8133333333333334,0.18666666666666668,2.3866666666666667,12.506666666666666,,75.0
135,221.0,39.35526315789474,0.43214473684210514,0.19444444444444445,3.723684210526316,0.7525774647887324,1.894736842105263,5.026315789473684,6.921052631578948,2.8289473684210527,2.513157894736842,1.513157894736842,0.881578947368421,2.5657894736842106,18.06578947368421,,76.0
136,223.0,11.226415094339623,0.4042093023255814,,0.5094339622641509,0.7262142857142857,1.0188679245283019,1.320754716981132,2.339622641509434,0.4716981132075472,0.4716981132075472,0.39622641509433965,0.39622641509433965,2.4150943396226414,2.69811320754717,,53.0
137,224.0,30.953125,0.4548730158730159,0.3541,1.90625,0.7233958333333333,1.234375,2.65625,3.890625,2.0,1.171875,2.046875,0.640625,2.734375,14.015625,,64.0
138,226.0,4.416666666666667,0.36116666666666664,,0.25,0.75,0.25,0.08333333333333333,0.3333333333333333,0.08333333333333333,0.4166666666666667,0.0,0.16666666666666666,0.9166666666666666,0.9166666666666666,,12.0
139,228.0,16.933333333333334,0.5681739130434783,,1.56,0.62944,1.8,2.56,4.36,0.4,0.8266666666666667,0.48,0.3333333333333333,1.88,6.1466666666666665,,75.0
140,229.0,9.5,0.34928000000000003,,0.39285714285714285,0.6547142857142857,0.35714285714285715,1.1785714285714286,1.5357142857142858,0.2857142857142857,0.5,0.17857142857142858,0.2857142857142857,1.5714285714285714,2.6785714285714284,,28.0
141,234.0,21.82089552238806,0.46490624999999997,0.3734074074074074,2.08955223880597,0.6733023255813954,0.7761194029850746,2.0,2.7761194029850746,4.298507462686567,1.9701492537313432,1.1492537313432836,0.14925373134328357,2.074626865671642,9.238805970149254,,67.0
142,236.0,31.2,0.45464285714285707,0.3721818181818182,2.6666666666666665,0.9772727272727273,0.6666666666666666,1.9285714285714286,2.642857142857143,1.8666666666666667,2.3333333333333335,1.2666666666666666,0.3333333333333333,2.8,13.066666666666666,,15.0
143,238.0,34.24285714285714,0.5215000000000002,0.0,3.757142857142857,0.6258823529411766,3.842857142857143,7.085714285714285,10.928571428571429,0.7857142857142857,2.157142857142857,0.7857142857142857,0.5857142857142857,3.5,13.757142857142858,,70.0
144,239.0,23.61764705882353,0.3960882352941177,0.1666521739130435,1.6764705882352942,0.8833500000000001,0.4117647058823529,1.4705882352941178,1.8823529411764706,3.911764705882353,1.8235294117647058,1.0,0.0,2.588235294117647,7.470588235294118,,34.0
145,240.0,6.473684210526316,0.3722121212121212,0.26264000000000004,0.21052631578947367,0.7,0.18421052631578946,0.42105263157894735,0.6052631578947368,1.131578947368421,0.7105263157894737,0.2631578947368421,0.05263157894736842,1.2105263157894737,3.0526315789473686,,38.0
146,241.0,9.217391304347826,0.5365,0.3333333333333333,0.34782608695652173,0.42058823529411765,0.30434782608695654,0.8478260869565217,1.1521739130434783,0.6521739130434783,0.6521739130434783,0.41304347826086957,0.08695652173913043,1.0434782608695652,3.3260869565217392,,46.0
147,243.0,18.377777777777776,0.3798048780487805,0.29050000000000004,1.1111111111111112,0.7134615384615385,0.7777777777777778,2.088888888888889,2.8666666666666667,1.9777777777777779,0.8666666666666667,0.8,0.35555555555555557,2.1555555555555554,6.511111111111111,,45.0
148,244.0,35.34177215189873,0.43415189873417714,0.3661688311688312,2.9873417721518987,0.8222741935483872,0.7974683544303798,2.3544303797468356,3.151898734177215,3.810126582278481,1.8481012658227849,1.3924050632911393,0.620253164556962,2.2911392405063293,15.645569620253164,,79.0
149,246.0,12.196078431372548,0.47773170731707315,,0.6666666666666666,0.41660869565217395,1.2156862745098038,2.4705882352941178,3.6862745098039214,0.3333333333333333,0.6274509803921569,0.45098039215686275,0.6274509803921569,2.019607843137255,2.9019607843137254,,51.0
150,247.0,37.97014925373134,0.4052686567164179,0.25890769230769234,4.134328358208955,0.7794655172413791,0.7014925373134329,1.6567164179104477,2.3582089552238807,5.492537313432836,3.2686567164179103,1.0746268656716418,0.1044776119402985,2.283582089552239,18.119402985074625,,67.0
151,248.0,17.017857142857142,0.46179629629629626,0.1388888888888889,1.1071428571428572,0.7132962962962963,1.3392857142857142,1.9464285714285714,3.2857142857142856,1.1071428571428572,1.3035714285714286,0.9107142857142857,0.17857142857142858,1.5357142857142858,6.089285714285714,,56.0
152,251.0,35.28395061728395,0.4727777777777778,0.3743125,4.0246913580246915,0.7916799999999999,0.7777777777777778,2.765432098765432,3.54320987654321,2.54320987654321,1.8641975308641976,0.9629629629629629,0.4691358024691358,2.6666666666666665,18.098765432098766,,81.0
153,252.0,38.1219512195122,0.5389146341463414,0.25757575757575757,6.2926829268292686,0.7447317073170732,1.9024390243902438,8.71951219512195,10.621951219512194,3.475609756097561,2.8780487804878048,1.5731707317073171,1.0365853658536586,3.2804878048780486,26.670731707317074,,82.0
154,255.0,38.25714285714286,0.4713571428571429,0.14285714285714285,5.3428571428571425,0.7196714285714287,1.7857142857142858,4.571428571428571,6.357142857142857,5.042857142857143,2.8857142857142857,1.7714285714285714,0.8857142857142857,2.9,19.914285714285715,,70.0
155,258.0,28.6125,0.5034303797468355,0.25,2.8875,0.6558857142857143,2.5875,4.8875,7.475,1.2375,2.0375,0.6125,1.45,3.45,13.225,,80.0
156,262.0,24.878048780487806,0.4960641025641026,0.0,0.6463414634146342,0.6222222222222222,2.475609756097561,4.402439024390244,6.878048780487805,0.6829268292682927,0.6829268292682927,0.7439024390243902,0.8170731707317073,1.8170731707317074,4.963414634146342,,82.0
157,265.0,23.613333333333333,0.44360273972602743,0.32,1.3733333333333333,0.65275,1.3733333333333333,2.4133333333333336,3.7866666666666666,1.0933333333333333,0.8266666666666667,0.7466666666666667,0.7066666666666667,2.1733333333333333,9.106666666666667,,75.0
158,270.0,36.391891891891895,0.5477671232876713,0.0,1.972972972972973,0.7046896551724138,3.0135135135135136,6.648648648648648,9.662162162162161,2.3378378378378377,1.1486486486486487,1.027027027027027,1.1891891891891893,2.7432432432432434,12.81081081081081,,74.0
159,271.0,23.121951219512194,0.4364878048780488,0.31082539682539684,1.670731707317073,0.79644,0.8780487804878049,1.2317073170731707,2.1097560975609757,1.1097560975609757,1.048780487804878,0.8414634146341463,0.15853658536585366,2.8536585365853657,7.7317073170731705,,82.0
160,273.0,10.839285714285714,0.44368,0.16666666666666666,1.1428571428571428,0.6986,0.8928571428571429,0.6785714285714286,1.5714285714285714,0.5535714285714286,0.7678571428571429,0.4642857142857143,0.10714285714285714,1.4107142857142858,4.125,,56.0
161,275.0,26.263157894736842,0.4125890410958904,0.341169014084507,1.9342105263157894,0.8486818181818182,0.3815789473684211,1.8157894736842106,2.1973684210526314,2.1578947368421053,1.486842105263158,0.8026315789473685,0.18421052631578946,2.3947368421052633,14.486842105263158,,76.0
162,278.0,31.07894736842105,0.4480921052631579,0.2,3.3157894736842106,0.7234705882352941,2.0657894736842106,2.776315789473684,4.842105263157895,2.5921052631578947,2.0,1.3157894736842106,0.618421052631579,2.1447368421052633,13.855263157894736,,76.0
163,279.0,12.0,0.333,,0.3333333333333333,0.5,0.6666666666666666,1.6666666666666667,2.3333333333333335,0.0,0.0,0.0,0.3333333333333333,2.6666666666666665,1.0,,3.0
164,280.0,26.61764705882353,0.48666666666666664,,3.1470588235294117,0.7852068965517242,2.6470588235294117,5.0,7.647058823529412,0.5,2.0,0.35294117647058826,0.9411764705882353,3.8529411764705883,9.323529411764707,,34.0
165,281.0,23.12987012987013,0.45717333333333326,0.0,1.025974025974026,0.740425,2.2467532467532467,4.0519480519480515,6.298701298701299,0.7662337662337663,1.0909090909090908,0.922077922077922,0.5194805194805194,3.0779220779220777,6.376623376623376,,77.0
166,283.0,22.476190476190474,0.30933333333333335,0.3000555555555555,0.9523809523809523,0.7466999999999999,0.5714285714285714,1.2142857142857142,1.7857142857142858,3.7857142857142856,1.880952380952381,1.2142857142857142,0.16666666666666666,2.238095238095238,7.476190476190476,,42.0
167,285.0,10.785714285714286,0.24354545454545454,0.3,0.6428571428571429,0.7709999999999999,0.14285714285714285,0.5,0.6428571428571429,3.0714285714285716,1.0,0.42857142857142855,0.14285714285714285,1.4285714285714286,2.2142857142857144,,14.0
168,287.0,10.929824561403509,0.44558139534883723,0.0,0.8947368421052632,0.7496521739130435,0.8245614035087719,2.2280701754385963,3.0526315789473686,0.24561403508771928,0.6842105263157895,0.2631578947368421,0.2631578947368421,2.1403508771929824,3.9473684210526314,,57.0
169,288.0,30.146341463414632,0.4882439024390245,0.0,3.682926829268293,0.7723544303797468,2.341463414634146,5.134146341463414,7.475609756097561,1.2073170731707317,1.853658536585366,0.8170731707317073,1.0853658536585367,2.0853658536585367,14.78048780487805,,82.0
170,289.0,16.62962962962963,0.42233962264150937,0.42668,1.6851851851851851,0.7300285714285714,0.6111111111111112,1.1481481481481481,1.7592592592592593,1.3333333333333333,0.9814814814814815,0.35185185185185186,0.037037037037037035,1.6296296296296295,7.314814814814815,,54.0
171,291.0,13.46774193548387,0.448951219512195,,0.7096774193548387,0.7068148148148148,1.0483870967741935,2.3548387096774195,3.403225806451613,0.3387096774193548,0.41935483870967744,0.5483870967741935,0.27419354838709675,1.032258064516129,2.2580645161290325,,62.0
172,292.0,11.644444444444444,0.5232894736842105,0.4,1.0444444444444445,0.5729565217391304,1.4222222222222223,1.8666666666666667,3.2888888888888888,0.7777777777777778,0.8222222222222222,0.4444444444444444,0.15555555555555556,1.711111111111111,4.2,,45.0
173,293.0,28.289473684210527,0.46656578947368404,0.16668,3.3552631578947367,0.7593846153846153,1.894736842105263,2.3684210526315788,4.2631578947368425,1.5789473684210527,1.9342105263157894,0.6447368421052632,1.25,3.763157894736842,12.710526315789474,,76.0
174,296.0,19.60377358490566,0.4476923076923078,0.3563846153846154,1.7924528301886793,0.7660277777777779,1.150943396226415,1.7735849056603774,2.9245283018867925,2.6226415094339623,1.471698113207547,0.9811320754716981,0.3584905660377358,2.9056603773584904,8.754716981132075,,53.0
175,297.0,38.1948051948052,0.5224285714285714,0.25332,6.363636363636363,0.7586315789473684,2.5974025974025974,7.285714285714286,9.883116883116884,1.4415584415584415,3.1298701298701297,0.6363636363636364,2.9220779220779223,3.5714285714285716,21.337662337662337,,77.0
176,299.0,36.975,0.4497625,0.2855384615384615,4.9625,0.7960512820512821,2.1125,4.3,6.4125,2.4625,3.9125,1.4375,0.275,2.925,21.9375,,80.0
177,302.0,38.3625,0.42561250000000006,0.3593625,1.95,0.7311724137931035,1.4625,3.45,4.9125,7.7,3.025,2.5,0.325,2.05,17.1625,,80.0
178,304.0,34.96341463414634,0.544560975609756,0.4408461538461539,3.0,0.82125,0.6951219512195121,2.3658536585365852,3.0609756097560976,12.329268292682928,3.2560975609756095,2.3658536585365852,0.2682926829268293,2.6219512195121952,14.707317073170731,,82.0
179,305.0,16.691358024691358,0.41477777777777775,,0.8765432098765432,0.6938684210526315,1.1481481481481481,3.1728395061728394,4.320987654320987,0.5432098765432098,0.8148148148148148,0.3333333333333333,0.4444444444444444,1.6296296296296295,4.802469135802469,,81.0
180,306.0,13.192982456140351,0.39085106382978724,0.22465217391304346,0.9473684210526315,0.7877142857142858,0.22807017543859648,0.8070175438596491,1.0350877192982457,1.7719298245614035,0.631578947368421,0.5263157894736842,0.10526315789473684,0.9298245614035088,3.43859649122807,,57.0
181,308.0,16.125,0.42963157894736836,0.0,0.921875,0.43530232558139537,1.53125,1.890625,3.421875,0.515625,0.828125,0.609375,0.546875,1.671875,4.671875,,64.0
182,310.0,16.25,0.36585937500000004,0.2906153846153846,0.8529411764705882,0.79321875,0.20588235294117646,0.8235294117647058,1.0294117647058822,3.323529411764706,1.6176470588235294,0.4264705882352941,0.0,1.161764705882353,4.1911764705882355,,68.0
183,313.0,12.472727272727273,0.4498297872340426,0.0,1.1818181818181819,0.6949,0.36363636363636365,1.2363636363636363,1.6,1.981818181818182,0.7818181818181819,0.4909090909090909,0.01818181818181818,1.4545454545454546,4.5636363636363635,,55.0
184,317.0,34.0625,0.38604999999999995,0.34895,2.1,0.7515517241379311,0.425,2.3125,2.7375,5.1375,2.0,1.15,0.05,3.2125,15.2875,,80.0
185,320.0,11.216666666666667,0.4464897959183674,0.2111333333333333,0.6333333333333333,0.66,0.26666666666666666,0.9666666666666667,1.2333333333333334,0.9833333333333333,0.85,0.5833333333333334,0.18333333333333332,1.4333333333333333,3.25,,60.0
186,323.0,14.666666666666666,0.4426666666666668,0.2894736842105263,1.0,0.6786153846153845,1.0897435897435896,2.230769230769231,3.3205128205128207,0.5,0.9102564102564102,0.19230769230769232,0.358974358974359,2.3461538461538463,4.935897435897436,,78.0
187,324.0,21.10810810810811,0.38748571428571427,0.334859649122807,1.3783783783783783,0.773590909090909,0.8783783783783784,1.452054794520548,2.310810810810811,1.6486486486486487,1.1216216216216217,0.7027027027027027,0.17567567567567569,1.9324324324324325,10.216216216216216,,74.0
188,328.0,10.862068965517242,0.525695652173913,0.3333333333333333,0.6724137931034483,0.75,0.7758620689655172,2.0172413793103448,2.793103448275862,0.4482758620689655,0.5862068965517241,0.1896551724137931,0.20689655172413793,1.603448275862069,3.413793103448276,,58.0
189,330.0,32.82608695652174,0.55,0.2778,2.9565217391304346,0.6763170731707316,2.108695652173913,3.891304347826087,6.0,3.347826086956522,2.630434782608696,0.8913043478260869,1.2391304347826086,3.8260869565217392,17.869565217391305,,46.0
190,333.0,15.883116883116884,0.4447733333333334,0.3513469387755102,1.12987012987013,0.7745744680851064,0.37662337662337664,1.2077922077922079,1.5844155844155845,1.5454545454545454,0.6363636363636364,0.6753246753246753,0.12987012987012986,1.6883116883116882,7.35064935064935,,77.0
191,335.0,14.631578947368421,0.4083548387096774,0.17946153846153848,0.7894736842105263,0.7073125,0.39473684210526316,1.0526315789473684,1.4473684210526316,1.368421052631579,1.0,0.6842105263157895,0.2631578947368421,1.868421052631579,4.868421052631579,,38.0
192,339.0,33.35064935064935,0.42781818181818193,0.3328507462686568,2.25974025974026,0.6755967741935485,2.142857142857143,5.285714285714286,7.428571428571429,3.6233766233766236,2.4545454545454546,1.7142857142857142,0.8051948051948052,2.6363636363636362,12.675324675324676,,77.0
193,340.0,10.210526315789474,0.3333076923076923,0.3333333333333333,0.8421052631578947,0.7222222222222222,0.0,0.631578947368421,0.631578947368421,1.7894736842105263,0.631578947368421,0.10526315789473684,0.05263157894736842,1.1578947368421053,2.3157894736842106,,19.0
194,341.0,9.253968253968255,0.43761538461538463,0.3333333333333333,0.19047619047619047,0.75,0.5396825396825397,1.507936507936508,2.0476190476190474,0.5873015873015873,0.3492063492063492,0.14285714285714285,0.09523809523809523,1.6031746031746033,1.4285714285714286,,63.0
195,344.0,40.46341463414634,0.4886219512195123,0.4588395061728395,4.2317073170731705,0.8698205128205129,0.32926829268292684,3.0121951219512195,3.341463414634146,7.548780487804878,2.951219512195122,1.8170731707317074,0.04878048780487805,1.9390243902439024,20.5609756097561,,82.0
196,345.0,22.0,0.38271428571428573,0.3666060606060606,1.6571428571428573,0.5945714285714285,0.5142857142857142,1.8,2.3142857142857145,3.8,1.6571428571428573,0.8571428571428571,0.05714285714285714,1.7142857142857142,8.914285714285715,,35.0
197,346.0,5.578947368421052,0.48766666666666664,0.0,0.6052631578947368,0.75,0.5,0.7631578947368421,1.263157894736842,0.34210526315789475,0.5789473684210527,0.13157894736842105,0.10526315789473684,0.7894736842105263,1.763157894736842,,38.0
198,348.0,20.44736842105263,0.3930540540540541,0.2600819672131148,1.618421052631579,0.6240816326530613,0.5657894736842105,1.6710526315789473,2.236842105263158,1.1973684210526316,1.394736842105263,0.8026315789473685,0.13157894736842105,2.039473684210526,7.855263157894737,,76.0
199,349.0,29.29268292682927,0.41819512195121955,0.233,1.451219512195122,0.7688235294117646,0.8902439024390244,2.841463414634146,3.731707317073171,7.512195121951219,2.5609756097560976,1.2804878048780488,0.1951219512195122,1.8048780487804879,7.609756097560975,,82.0
200,351.0,15.84,0.4480434782608695,0.0,1.36,0.6681724137931034,1.08,2.22,3.3,0.52,1.28,0.48,0.4,2.52,5.32,,50.0
201,353.0,2.6666666666666665,0.4166666666666667,0.5,0.6666666666666666,1.0,0.3333333333333333,0.0,0.3333333333333333,1.0,0.3333333333333333,0.3333333333333333,0.0,1.0,3.3333333333333335,,3.0
202,355.0,24.239436619718308,0.49223943661971836,0.3078235294117647,2.4788732394366195,0.7726551724137931,0.9154929577464789,1.6338028169014085,2.5492957746478875,2.4788732394366195,1.1971830985915493,0.6901408450704225,0.18309859154929578,2.6901408450704225,9.901408450704226,,71.0
203,356.0,30.014084507042252,0.4007042253521126,0.3075428571428571,2.0,0.7300576923076924,2.5492957746478875,3.112676056338028,5.661971830985915,2.0704225352112675,1.647887323943662,1.2112676056338028,0.7183098591549296,2.183098591549296,13.380281690140846,,71.0
204,357.0,13.018867924528301,0.3691153846153846,0.3364651162790698,0.6037735849056604,0.71,0.1509433962264151,0.9056603773584906,1.0566037735849056,1.7169811320754718,0.9622641509433962,0.6226415094339622,0.03773584905660377,2.150943396226415,4.962264150943396,,53.0
205,358.0,37.675324675324674,0.505961038961039,0.31263513513513513,4.623376623376624,0.7387837837837838,1.8051948051948052,2.5584415584415585,4.363636363636363,7.1558441558441555,3.3506493506493507,1.6883116883116882,0.33766233766233766,2.051948051948052,20.948051948051948,,77.0
206,359.0,19.853658536585368,0.5826756756756757,0.3333333333333333,0.926829268292683,0.6088695652173913,1.5609756097560976,3.048780487804878,4.609756097560975,0.7317073170731707,0.7073170731707317,0.2682926829268293,0.34146341463414637,2.5609756097560976,6.073170731707317,,41.0
207,361.0,36.333333333333336,0.45437333333333335,0.36221333333333333,3.533333333333333,0.6879014084507044,2.026666666666667,3.6133333333333333,5.64,2.64,2.1066666666666665,1.0533333333333332,1.0933333333333333,3.2,21.346666666666668,,75.0
208,363.0,34.19753086419753,0.4942345679012346,0.3827037037037037,5.049382716049383,0.8260375,2.0246913580246915,5.54320987654321,7.567901234567901,2.888888888888889,2.7777777777777777,1.2469135802469136,1.0740740740740742,3.728395061728395,16.320987654320987,,81.0
209,364.0,32.62222222222222,0.3892444444444444,0.29148888888888885,3.0444444444444443,0.860225,0.5111111111111111,2.0,2.511111111111111,2.8444444444444446,1.3777777777777778,1.488888888888889,0.3333333333333333,1.8888888888888888,16.244444444444444,,45.0
210,365.0,34.629629629629626,0.5150493827160493,0.352,2.728395061728395,0.7565362318840579,1.5432098765432098,3.3209876543209877,4.864197530864198,3.4074074074074074,2.074074074074074,1.5432098765432098,0.6049382716049383,3.2098765432098766,13.271604938271604,,81.0
211,368.0,7.395348837209302,0.35957894736842105,,0.13953488372093023,0.45,0.6744186046511628,1.2093023255813953,1.8837209302325582,0.3488372093023256,0.3953488372093023,0.06976744186046512,0.3953488372093023,1.0465116279069768,2.046511627906977,,43.0
212,369.0,4.4,0.175,0.16666666666666666,0.7,0.625,0.1,0.5,0.6,0.4,0.8,0.2,0.0,0.7,1.6,,10.0
213,371.0,34.916666666666664,0.4389861111111111,0.35581428571428575,2.4305555555555554,0.8072982456140351,1.7222222222222223,6.027777777777778,7.75,2.2222222222222223,2.0,0.9444444444444444,0.4583333333333333,3.513888888888889,15.527777777777779,,72.0
214,375.0,35.266666666666666,0.44922666666666666,0.3481756756756757,3.6933333333333334,0.828859375,1.2,2.12,3.32,3.2666666666666666,3.0933333333333333,0.92,0.30666666666666664,2.5866666666666664,20.426666666666666,,75.0
215,376.0,29.67948717948718,0.5386883116883118,0.0,2.141025641025641,0.6234029850746269,2.5128205128205128,4.743589743589744,7.256410256410256,0.46153846153846156,1.435897435897436,0.3717948717948718,0.782051282051282,3.8333333333333335,10.012820512820513,,78.0
216,378.0,23.79591836734694,0.43718367346938786,0.3592340425531915,0.8979591836734694,0.6598888888888889,1.1224489795918366,1.8775510204081634,3.0,2.306122448979592,1.489795918367347,0.9387755102040817,0.12244897959183673,1.7551020408163265,9.73469387755102,,49.0
217,380.0,16.78688524590164,0.4047017543859649,0.3236136363636363,0.7213114754098361,0.732,0.7049180327868853,1.0491803278688525,1.7540983606557377,1.6721311475409837,0.819672131147541,0.7540983606557377,0.11475409836065574,1.819672131147541,5.573770491803279,,61.0
218,381.0,21.676056338028168,0.3857142857142858,0.31456249999999997,0.9154929577464789,0.588051282051282,0.5915492957746479,1.267605633802817,1.8591549295774648,2.535211267605634,1.7887323943661972,0.676056338028169,0.18309859154929578,2.0,9.169014084507042,,71.0
219,383.0,29.10958904109589,0.4542465753424657,0.3441212121212121,2.1232876712328768,0.709728813559322,1.356164383561644,2.6164383561643834,3.9726027397260273,2.6301369863013697,1.8904109589041096,1.6027397260273972,0.3835616438356164,2.547945205479452,13.726027397260275,,73.0
220,384.0,33.98717948717949,0.448474358974359,0.3309864864864864,2.217948717948718,0.8370161290322581,1.3461538461538463,2.769230769230769,4.115384615384615,2.269230769230769,1.935897435897436,1.0256410256410255,0.2692307692307692,2.7564102564102564,16.576923076923077,,78.0
221,386.0,24.109756097560975,0.5143536585365853,0.38333333333333336,1.9268292682926829,0.7906896551724137,0.6219512195121951,1.2195121951219512,1.8414634146341464,4.804878048780488,1.9878048780487805,1.9024390243902438,0.04878048780487805,1.7317073170731707,9.695121951219512,,82.0
222,389.0,31.901234567901234,0.4958518518518519,0.28768055555555555,2.9012345679012346,0.7600882352941176,1.9135802469135803,3.5185185185185186,5.432098765432099,4.592592592592593,2.037037037037037,1.2592592592592593,0.19753086419753085,2.0123456790123457,15.691358024691358,,81.0
223,393.0,35.421875,0.45659375,0.3374807692307692,4.421875,0.735457627118644,1.140625,3.8125,4.953125,8.78125,3.265625,1.921875,0.140625,1.84375,18.921875,,64.0
224,397.0,32.901234567901234,0.4625308641975309,0.4233703703703703,4.728395061728395,0.9073376623376622,0.37037037037037035,2.2222222222222223,2.5925925925925926,2.9876543209876543,1.8641975308641976,1.2098765432098766,0.19753086419753085,1.9382716049382716,19.604938271604937,,81.0
225,399.0,30.0625,0.46178749999999996,0.0,3.625,0.73448,2.0625,4.0125,6.075,1.2125,1.775,0.3625,0.8875,2.6,10.85,,80.0
226,400.0,19.2,0.440625,0.25,2.0142857142857142,0.8080666666666667,1.9428571428571428,3.414285714285714,5.357142857142857,0.6285714285714286,1.1285714285714286,0.34285714285714286,0.18571428571428572,2.0428571428571427,6.3,,70.0
227,402.0,15.209677419354838,0.40490909090909094,0.31332,0.20967741935483872,0.6166666666666667,0.3709677419354839,2.596774193548387,2.967741935483871,0.8387096774193549,0.3225806451612903,0.5806451612903226,0.7419354838709677,2.2096774193548385,2.8870967741935485,,62.0
228,404.0,20.45,0.37055263157894736,0.125,1.125,0.6486086956521738,1.625,3.25,4.875,0.5,1.475,0.525,0.6,2.75,7.075,,40.0
229,406.0,37.0,0.5888481012658229,0.0,5.7594936708860756,0.5263974358974358,4.151898734177215,7.253164556962025,11.405063291139241,2.7088607594936707,2.5822784810126582,0.9240506329113924,2.430379746835443,3.2658227848101267,29.303797468354432,,79.0
230,412.0,25.873417721518987,0.4662307692307692,0.0,2.3037974683544302,0.6554285714285715,2.4177215189873418,3.5569620253164556,5.974683544303797,0.6075949367088608,1.9113924050632911,0.46835443037974683,1.3164556962025316,3.1139240506329116,11.443037974683545,,79.0
231,416.0,29.50943396226415,0.3873773584905659,0.34572549019607846,4.150943396226415,0.8445333333333331,0.9245283018867925,2.169811320754717,3.0943396226415096,1.8113207547169812,2.30188679245283,0.6037735849056604,0.3584905660377358,3.150943396226415,15.320754716981131,,53.0
232,417.0,17.0,0.46506329113924044,0.1111111111111111,1.5555555555555556,0.6922962962962963,1.1728395061728396,1.8271604938271604,3.0,0.7530864197530864,0.6666666666666666,0.5308641975308642,0.24691358024691357,2.54320987654321,6.530864197530864,,81.0
233,418.0,13.694915254237289,0.44429090909090907,0.33513513513513515,1.0847457627118644,0.8079999999999999,0.23728813559322035,0.8813559322033898,1.11864406779661,1.9661016949152543,0.7966101694915254,0.576271186440678,0.06779661016949153,0.9491525423728814,5.779661016949152,,59.0
234,420.0,13.093333333333334,0.4598888888888889,0.0,0.8666666666666667,0.5082439024390244,2.3866666666666667,3.28,5.666666666666667,0.4666666666666667,0.7866666666666666,0.3466666666666667,0.44,2.1333333333333333,4.84,,75.0
235,422.0,36.71951219512195,0.5222073170731707,0.13157894736842105,2.4634146341463414,0.6724202898550725,0.5975609756097561,1.9390243902439024,2.5365853658536586,8.170731707317072,2.524390243902439,1.3902439024390243,0.15853658536585366,1.8780487804878048,13.426829268292684,,82.0
236,423.0,25.344827586206897,0.628859649122807,0.0,2.5517241379310347,0.5508867924528301,2.4827586206896552,5.155172413793103,7.637931034482759,0.8793103448275862,2.0172413793103448,0.6724137931034483,0.896551724137931,3.1724137931034484,13.724137931034482,,58.0
237,426.0,12.608695652173912,0.3943333333333333,0.0,0.9130434782608695,0.6314,1.3695652173913044,2.0217391304347827,3.391304347826087,0.21739130434782608,0.6521739130434783,0.13043478260869565,0.06521739130434782,1.6521739130434783,3.0434782608695654,,46.0
238,428.0,31.50769230769231,0.4566923076923076,0.24052272727272728,3.1384615384615384,0.677090909090909,0.7384615384615385,1.876923076923077,2.6153846153846154,6.861538461538461,2.4923076923076923,1.2307692307692308,0.03076923076923077,2.3384615384615386,14.676923076923076,,65.0
239,431.0,32.670731707317074,0.5548536585365853,0.2857142857142857,5.341463414634147,0.7495189873417721,3.8780487804878048,7.012195121951219,10.890243902439025,1.8170731707317074,3.158536585365854,1.2439024390243902,1.4878048780487805,4.109756097560975,18.658536585365855,,82.0
240,432.0,19.808823529411764,0.43947692307692304,0.39829268292682923,0.45588235294117646,0.7023809523809523,1.5588235294117647,3.1029411764705883,4.661764705882353,0.9705882352941176,0.8970588235294118,0.36764705882352944,0.6323529411764706,1.7205882352941178,5.264705882352941,,68.0
241,433.0,29.536585365853657,0.4886951219512195,0.5,1.6829268292682926,0.6780545454545455,3.0609756097560976,5.097560975609756,8.158536585365853,0.9512195121951219,1.451219512195122,0.8170731707317073,0.8414634146341463,3.097560975609756,9.231707317073171,,82.0
242,434.0,10.568965517241379,0.36773684210526314,0.25974285714285716,0.8620689655172413,0.6731851851851851,0.5517241379310345,0.5172413793103449,1.0689655172413792,0.9827586206896551,0.8620689655172413,0.22413793103448276,0.06896551724137931,1.3448275862068966,4.551724137931035,,58.0
243,435.0,20.755102040816325,0.524795918367347,0.14285714285714285,1.5510204081632653,0.4982631578947368,2.204081632653061,3.4693877551020407,5.673469387755102,0.7551020408163265,1.7142857142857142,0.4489795918367347,1.0612244897959184,2.5306122448979593,8.938775510204081,,49.0
244,436.0,36.12307692307692,0.476484375,0.0,2.9846153846153847,0.6262758620689656,2.830769230769231,5.553846153846154,8.384615384615385,2.5384615384615383,2.5538461538461537,0.8,0.23076923076923078,3.6307692307692307,16.984615384615385,,65.0
245,440.0,4.918918918918919,0.48270370370370375,0.0,0.7297297297297297,0.6111111111111112,0.6216216216216216,0.918918918918919,1.5405405405405406,0.10810810810810811,0.4864864864864865,0.05405405405405406,0.1891891891891892,1.0,2.027027027027027,,37.0
246,441.0,31.555555555555557,0.394604938271605,0.2703561643835616,2.45679012345679,0.7416417910447761,1.6296296296296295,2.740740740740741,4.37037037037037,1.6419753086419753,2.0123456790123457,0.8888888888888888,0.6790123456790124,2.2222222222222223,14.098765432098766,,81.0
247,442.0,19.69090909090909,0.56378,0.0,1.290909090909091,0.7192413793103447,2.2545454545454544,3.3636363636363638,5.618181818181818,0.6181818181818182,1.3818181818181818,0.4,0.9818181818181818,3.2545454545454544,6.818181818181818,,55.0
248,445.0,23.076923076923077,0.4580000000000001,0.4436857142857143,1.0256410256410255,0.79815625,0.8589743589743589,1.7179487179487178,2.576923076923077,1.3461538461538463,1.0128205128205128,0.6153846153846154,0.3076923076923077,1.9102564102564104,10.435897435897436,,78.0
249,446.0,21.455696202531644,0.46674683544303797,0.3797413793103448,1.7215189873417722,0.7789818181818181,1.0759493670886076,1.7088607594936709,2.7848101265822787,1.6708860759493671,0.9746835443037974,0.7341772151898734,0.17721518987341772,1.3291139240506329,9.50632911392405,,79.0
250,448.0,20.432098765432098,0.5373513513513514,0.0,1.0123456790123457,0.44389285714285714,1.4938271604938271,2.3703703703703702,3.8641975308641974,1.037037037037037,0.9629629629629629,1.1111111111111112,1.8641975308641976,2.802469135802469,5.209876543209877,,81.0
251,452.0,40.98780487804878,0.48251219512195126,0.23684210526315788,3.1219512195121952,0.5678933333333334,3.524390243902439,6.7926829268292686,10.317073170731707,3.6097560975609757,2.6951219512195124,1.048780487804878,1.4146341463414633,3.3780487804878048,17.695121951219512,,82.0
252,456.0,25.098765432098766,0.3875185185185185,0.34871250000000004,0.8148148148148148,0.6042820512820513,0.6049382716049383,2.580246913580247,3.185185185185185,1.308641975308642,1.2592592592592593,0.5555555555555556,0.14814814814814814,2.4444444444444446,10.765432098765432,,81.0
253,457.0,28.536585365853657,0.46945679012345676,0.6666666666666666,1.853658536585366,0.8233684210526316,1.8780487804878048,3.682926829268293,5.560975609756097,0.8780487804878049,1.3170731707317074,0.5487804878048781,1.7560975609756098,3.3048780487804876,9.682926829268293,,82.0
254,458.0,11.26530612244898,0.30243589743589744,0.24667999999999998,0.6326530612244898,0.7604166666666666,0.24489795918367346,0.7346938775510204,0.9795918367346939,1.9387755102040816,1.0204081632653061,0.3673469387755102,0.12244897959183673,1.653061224489796,2.4489795918367347,,49.0
255,460.0,6.510204081632653,0.3689090909090909,0.34769230769230763,0.5510204081632653,0.7538461538461539,0.16326530612244897,0.30612244897959184,0.46938775510204084,0.9795918367346939,0.9591836734693877,0.2857142857142857,0.04081632653061224,1.0612244897959184,4.755102040816326,,49.0
256,461.0,29.8125,0.4316625,0.05,1.0,0.6635681818181819,4.1125,6.4375,10.55,2.0375,1.55,0.4375,0.3375,3.3375,10.3125,,80.0
257,462.0,19.333333333333332,0.5172125000000001,0.5,1.9753086419753085,0.6706071428571428,1.4814814814814814,3.3703703703703702,4.851851851851852,0.6790123456790124,1.3950617283950617,0.7407407407407407,0.3950617283950617,2.8395061728395063,6.950617283950617,,81.0
258,467.0,33.77215189873418,0.3816835443037975,0.21514084507042253,2.430379746835443,0.711047619047619,1.9240506329113924,3.518987341772152,5.443037974683544,7.6835443037974684,3.1645569620253164,1.9113924050632911,0.3037974683544304,1.8481012658227849,11.670886075949367,,79.0
259,468.0,11.576923076923077,0.38356410256410256,0.3333103448275862,1.1730769230769231,0.7339629629629629,0.28846153846153844,0.6538461538461539,0.9423076923076923,1.6346153846153846,0.7884615384615384,0.5769230769230769,0.07692307692307693,1.0384615384615385,3.673076923076923,,52.0
260,469.0,37.25,0.4295,0.3048860759493671,5.5875,0.7432564102564103,1.45,2.6875,4.1375,3.725,2.9375,1.025,0.1,2.375,24.075,,80.0
261,470.0,15.698412698412698,0.3410666666666666,0.3555185185185185,0.9523809523809523,0.77475,0.23809523809523808,1.492063492063492,1.7301587301587302,2.5714285714285716,0.9523809523809523,1.0317460317460319,0.3333333333333333,2.380952380952381,5.095238095238095,,63.0
262,475.0,13.11111111111111,0.38961818181818186,0.045454545454545456,0.9047619047619048,0.7607142857142858,0.6825396825396826,1.6031746031746033,2.2857142857142856,0.6984126984126984,0.5873015873015873,0.4603174603174603,0.4126984126984127,2.0952380952380953,5.079365079365079,,63.0
263,695.0,4.333333333333333,0.125,0.0,1.3333333333333333,1.0,0.0,0.6666666666666666,0.6666666666666666,0.3333333333333333,0.6666666666666666,1.0,0.0,0.0,2.0,,3.0
264,700.0,2.3333333333333335,0.0,,0.3333333333333333,0.5,0.3333333333333333,0.6666666666666666,1.0,0.0,0.3333333333333333,0.0,0.0,0.3333333333333333,0.3333333333333333,,3.0
265,705.0,13.833333333333334,0.3462,0.0,0.3333333333333333,1.0,1.0,1.8333333333333333,2.8333333333333335,0.3333333333333333,0.3333333333333333,0.16666666666666666,0.3333333333333333,2.6666666666666665,3.3333333333333335,,6.0
266,753.0,16.208955223880597,0.38353225806451613,0.24034615384615388,0.8208955223880597,0.6343870967741936,0.3582089552238806,1.2537313432835822,1.6119402985074627,1.9850746268656716,1.164179104477612,1.4776119402985075,0.2835820895522388,2.283582089552239,4.731343283582089,,67.0
267,754.0,38.86274509803921,0.4738627450980393,0.329875,6.0,0.8212978723404255,2.3529411764705883,2.7450980392156863,5.098039215686274,3.7450980392156863,3.1372549019607843,0.5490196078431373,0.23529411764705882,1.803921568627451,25.666666666666668,,51.0
268,760.0,18.142857142857142,0.384258064516129,0.22727272727272727,1.507936507936508,0.7525,1.4761904761904763,2.5873015873015874,4.063492063492063,1.3015873015873016,1.0158730158730158,0.8253968253968254,0.5555555555555556,2.746031746031746,8.063492063492063,,63.0
269,761.0,23.135135135135137,0.5404520547945206,0.4375,1.2567567567567568,0.6360227272727272,1.972972972972973,3.608108108108108,5.581081081081081,0.7432432432432432,1.527027027027027,0.5540540540540541,0.6891891891891891,3.310810810810811,8.337837837837839,,74.0
270,762.0,28.841463414634145,0.4479146341463415,0.0,1.8048780487804879,0.6423833333333333,2.9634146341463414,5.073170731707317,8.036585365853659,0.6463414634146342,1.7317073170731707,0.6585365853658537,3.341463414634146,4.121951219512195,9.487804878048781,,82.0
271,763.0,26.5875,0.4546125,0.0,2.2125,0.7681311475409835,2.0,3.6875,5.6875,0.8375,1.475,0.6,0.725,3.1625,9.2625,,80.0
272,764.0,37.95061728395062,0.5348271604938272,0.35294117647058826,8.098765432098766,0.7733500000000001,2.888888888888889,7.938271604938271,10.82716049382716,2.9135802469135803,2.876543209876543,1.654320987654321,3.234567901234568,2.8395061728395063,27.62962962962963,,81.0
273,765.0,33.30487804878049,0.4680731707317073,0.4156585365853659,3.182926829268293,0.8562463768115942,0.7317073170731707,3.097560975609756,3.8292682926829267,3.1951219512195124,1.829268292682927,1.4878048780487805,0.21951219512195122,2.1707317073170733,14.292682926829269,,82.0
274,766.0,9.903846153846153,0.38944736842105265,0.1444,0.34615384615384615,0.75,0.21153846153846154,0.9423076923076923,1.1538461538461537,1.0769230769230769,0.5192307692307693,0.36538461538461536,0.11538461538461539,1.1538461538461537,2.3461538461538463,,52.0
275,768.0,6.933333333333334,0.37172,,0.4666666666666667,0.48715384615384616,0.6333333333333333,0.8666666666666667,1.5,0.06666666666666667,0.4666666666666667,0.2,0.26666666666666666,1.3,2.2,,30.0
276,769.0,31.426829268292682,0.4732439024390244,0.41413333333333335,2.5121951219512195,0.8634848484848485,0.3048780487804878,1.9634146341463414,2.268292682926829,2.975609756097561,1.2560975609756098,1.024390243902439,0.0975609756097561,1.9390243902439024,14.024390243902438,,82.0
277,770.0,23.029850746268657,0.5206417910447761,,0.9850746268656716,0.5080208333333334,2.388059701492537,3.701492537313433,6.08955223880597,0.26865671641791045,1.2686567164179106,0.40298507462686567,1.5223880597014925,3.6865671641791047,7.462686567164179,,67.0
278,771.0,19.36842105263158,0.43570588235294117,0.0,1.4736842105263157,0.5922000000000001,0.5789473684210527,2.8421052631578947,3.4210526315789473,1.3157894736842106,2.526315789473684,0.7368421052631579,1.2105263157894737,3.263157894736842,6.947368421052632,,19.0
279,777.0,17.9375,0.4256875,0.32104166666666667,0.5,0.7864583333333334,0.225,0.9375,1.1625,1.5125,0.8875,0.4625,0.2,1.6875,6.5375,,80.0
280,779.0,36.75609756097561,0.46534146341463417,0.3856707317073171,3.8048780487804876,0.8563013698630138,1.2073170731707317,3.402439024390244,4.609756097560975,2.341463414634146,1.8658536585365855,1.3658536585365855,0.17073170731707318,2.475609756097561,22.329268292682926,,82.0
281,780.0,6.615384615384615,0.42384848484848486,0.28886666666666666,0.717948717948718,0.6730769230769231,0.5128205128205128,0.8974358974358975,1.4102564102564104,0.15384615384615385,0.5128205128205128,0.3333333333333333,0.1282051282051282,1.2820512820512822,3.3846153846153846,,39.0
282,781.0,20.41025641025641,0.5824675324675325,0.0,1.4487179487179487,0.5959821428571429,2.7051282051282053,3.9871794871794872,6.6923076923076925,1.1538461538461537,1.4871794871794872,0.3333333333333333,0.717948717948718,2.8205128205128207,7.961538461538462,,78.0
283,782.0,38.68292682926829,0.4475731707317072,0.3792469135802469,4.573170731707317,0.8604871794871795,0.8414634146341463,3.5121951219512195,4.353658536585366,3.792682926829268,2.8536585365853657,1.1097560975609757,0.35365853658536583,2.768292682926829,22.76829268292683,,82.0
284,785.0,28.773333333333333,0.4053733333333333,0.38334722222222223,2.8133333333333335,0.8048507462686567,0.64,2.2133333333333334,2.8533333333333335,6.426666666666667,2.5866666666666664,1.5066666666666666,0.16,1.8533333333333333,13.026666666666667,,75.0
285,787.0,35.029411764705884,0.48924999999999996,0.3088955223880597,5.573529411764706,0.7753384615384615,2.985294117647059,8.132352941176471,11.117647058823529,4.0588235294117645,2.2058823529411766,1.6176470588235294,0.6617647058823529,2.9558823529411766,22.955882352941178,,68.0
286,788.0,35.67164179104478,0.4613880597014925,0.17946153846153848,3.0597014925373136,0.6886451612903225,3.388059701492537,7.537313432835821,10.925373134328359,1.2835820895522387,2.417910447761194,0.8955223880597015,0.5373134328358209,3.208955223880597,17.223880597014926,,67.0
287,891.0,31.34,0.48612,0.3,2.38,0.8121463414634147,3.1,5.8,8.9,2.52,2.06,1.2,0.14,3.58,10.12,,50.0
288,892.0,32.3421052631579,0.44813157894736844,0.3451076923076923,2.973684210526316,0.9362419354838709,0.3815789473684211,1.9078947368421053,2.289473684210526,6.157894736842105,2.4342105263157894,0.9868421052631579,0.10526315789473684,1.9473684210526316,11.552631578947368,,76.0
289,893.0,39.294117647058826,0.4124705882352941,0.48214285714285715,6.411764705882353,0.8015294117647058,1.4705882352941178,5.411764705882353,6.882352941176471,5.294117647058823,2.0588235294117645,1.7647058823529411,0.7647058823529411,2.764705882352941,26.88235294117647,,17.0
290,894.0,24.925925925925927,0.4074444444444445,0.30548000000000003,3.4444444444444446,0.883,0.4444444444444444,1.9259259259259258,2.3703703703703702,1.4814814814814814,0.8888888888888888,0.8148148148148148,0.07407407407407407,1.4074074074074074,12.518518518518519,,27.0
291,895.0,17.14814814814815,0.41381249999999997,0.24072222222222223,0.9629629629629629,0.6851621621621622,1.2098765432098766,2.0246913580246915,3.234567901234568,0.8271604938271605,0.9135802469135802,0.6790123456790124,0.19753086419753085,1.9876543209876543,6.197530864197531,,81.0
292,896.0,37.435483870967744,0.41762903225806447,0.3581803278688524,3.532258064516129,0.7470363636363636,0.7419354838709677,2.3225806451612905,3.064516129032258,9.32258064516129,3.4516129032258065,1.4193548387096775,0.1935483870967742,2.5,20.112903225806452,,62.0
293,897.0,10.619047619047619,0.37075757575757573,0.0,0.5238095238095238,0.5104375,0.9047619047619048,1.2142857142857142,2.119047619047619,0.2857142857142857,0.5,0.23809523809523808,0.35714285714285715,1.2142857142857142,1.8095238095238095,,42.0
294,898.0,16.597014925373134,0.43056060606060603,0.25425641025641027,1.1194029850746268,0.7573529411764706,0.746268656716418,1.1940298507462686,1.9402985074626866,1.1492537313432836,1.208955223880597,0.6417910447761194,0.23880597014925373,2.1343283582089554,6.850746268656716,,67.0
295,899.0,28.645833333333332,0.4032291666666666,0.3755,3.0833333333333335,0.9275000000000001,0.5208333333333334,1.8125,2.3333333333333335,6.979166666666667,2.9583333333333335,0.7291666666666666,0.08333333333333333,1.0416666666666667,15.770833333333334,,48.0
296,900.0,14.23076923076923,0.45043999999999995,0.0,0.9615384615384616,0.7487692307692307,1.2307692307692308,2.0,3.230769230769231,0.6538461538461539,1.0769230769230769,0.6153846153846154,0.2692307692307692,2.6923076923076925,4.730769230769231,,26.0
297,901.0,29.942857142857143,0.5590142857142857,0.0,2.3857142857142857,0.5774406779661018,2.8857142857142857,5.085714285714285,7.9714285714285715,1.6,1.8857142857142857,0.5857142857142857,0.4,3.2,13.385714285714286,,70.0
298,902.0,32.455882352941174,0.40438235294117647,0.18857894736842107,2.073529411764706,0.7575106382978722,0.6764705882352942,2.1323529411764706,2.8088235294117645,6.117647058823529,2.2941176470588234,1.4558823529411764,0.19117647058823528,2.7205882352941178,9.985294117647058,,68.0
299,903.0,7.0,0.333,,2.0,1.0,0.0,2.0,2.0,1.0,0.0,0.0,0.0,1.0,4.0,,1.0
300,904.0,35.6,0.49912000000000006,0.39229166666666665,3.76,0.8710434782608695,1.0,3.6,4.6,5.0,3.72,1.52,0.76,2.12,19.04,,25.0
301,905.0,31.7027027027027,0.5541369863013699,0.0,1.864864864864865,0.5535714285714286,3.5,5.905405405405405,9.405405405405405,0.7837837837837838,1.6756756756756757,0.972972972972973,1.5675675675675675,3.0,10.621621621621621,,74.0
302,906.0,14.898550724637682,0.3453064516129032,0.28924074074074074,0.7971014492753623,0.7874166666666667,0.30434782608695654,1.3043478260869565,1.608695652173913,2.8115942028985508,1.0579710144927537,0.855072463768116,0.07246376811594203,1.6666666666666667,4.231884057971015,,69.0
303,907.0,26.733333333333334,0.41457627118644064,0.2938421052631579,2.9,0.7867142857142857,1.2833333333333334,2.283333333333333,3.566666666666667,1.7833333333333334,1.3833333333333333,1.2,0.4166666666666667,2.8833333333333333,12.966666666666667,,60.0
304,911.0,14.171875,0.41608000000000006,0.0,0.453125,0.609375,1.578125,2.9375,4.515625,0.25,0.84375,0.265625,1.046875,2.546875,3.109375,,64.0
305,912.0,22.481012658227847,0.43980263157894733,0.24934146341463412,0.9367088607594937,0.6804857142857142,0.8481012658227848,2.2151898734177213,3.0632911392405062,1.379746835443038,0.9620253164556962,0.6708860759493671,0.31645569620253167,2.9873417721518987,8.30379746835443,,79.0
306,913.0,39.925925925925924,0.4841851851851852,0.3566865671641791,3.382716049382716,0.7699736842105264,2.345679012345679,4.8765432098765435,7.222222222222222,4.555555555555555,2.5555555555555554,0.9629629629629629,0.345679012345679,2.1481481481481484,18.82716049382716,,81.0
307,915.0,26.775,0.4715249999999999,0.3160833333333333,2.2375,0.6425797101449274,1.65,3.1625,4.8125,2.0125,2.1625,1.1875,0.575,3.5125,12.2375,,80.0
308,916.0,13.073529411764707,0.47316129032258064,0.0,0.5588235294117647,0.575,1.5735294117647058,1.9558823529411764,3.5294117647058822,0.8823529411764706,0.8676470588235294,0.38235294117647056,0.4852941176470588,2.1470588235294117,3.5,,68.0
309,917.0,3.774193548387097,0.4246086956521739,0.0,0.6774193548387096,0.7000000000000001,0.25806451612903225,0.6129032258064516,0.8709677419354839,0.06451612903225806,0.41935483870967744,0.0967741935483871,0.16129032258064516,1.0,2.3548387096774195,,31.0
310,920.0,32.76829268292683,0.5133780487804878,0.3295689655172414,3.0609756097560976,0.7088285714285715,2.3658536585365852,5.7926829268292686,8.158536585365853,1.548780487804878,1.3902439024390243,0.6707317073170732,0.3780487804878049,1.7804878048780488,11.170731707317072,,82.0
311,922.0,28.438356164383563,0.4405753424657534,0.0,2.643835616438356,0.644015873015873,2.3013698630136985,3.7945205479452055,6.095890410958904,1.2602739726027397,1.3424657534246576,0.9452054794520548,1.8082191780821917,3.3698630136986303,12.506849315068493,,73.0
312,923.0,28.97222222222222,0.38390277777777776,0.2823088235294118,2.0416666666666665,0.621074074074074,1.9027777777777777,3.7222222222222223,5.625,1.4583333333333333,1.5972222222222223,0.625,1.2222222222222223,2.1805555555555554,12.583333333333334,,72.0
313,925.0,12.894736842105264,0.34851923076923075,0.2925,0.6140350877192983,0.868421052631579,0.43859649122807015,0.9122807017543859,1.3508771929824561,0.5087719298245614,0.6140350877192983,0.17543859649122806,0.15789473684210525,1.631578947368421,4.701754385964913,,57.0
314,927.0,26.066666666666666,0.4749866666666666,,2.04,0.7334677419354838,1.4666666666666666,3.013333333333333,4.48,1.64,1.2933333333333332,0.6266666666666667,1.1333333333333333,3.72,7.293333333333333,,75.0
315,930.0,19.476190476190474,0.46820000000000006,0.0,1.4761904761904763,0.5769375,1.0,2.5714285714285716,3.5714285714285716,0.8095238095238095,1.0476190476190477,0.3333333333333333,0.7142857142857143,3.0476190476190474,5.9523809523809526,,21.0
316,931.0,26.974358974358974,0.4084102564102564,0.2654074074074074,2.6666666666666665,0.7876451612903225,1.1794871794871795,3.051282051282051,4.230769230769231,1.3076923076923077,1.1282051282051282,0.38461538461538464,0.07692307692307693,2.4871794871794872,11.025641025641026,,39.0
317,932.0,24.34375,0.5576825396825397,0.1,1.21875,0.614225,2.53125,4.890625,7.421875,1.453125,1.796875,0.9375,1.8125,3.390625,8.515625,,64.0
318,934.0,37.55357142857143,0.4215535714285714,0.25274074074074077,6.714285714285714,0.7820178571428571,2.982142857142857,7.571428571428571,10.553571428571429,3.3392857142857144,3.0714285714285716,0.625,1.6785714285714286,2.892857142857143,20.464285714285715,,56.0
319,935.0,13.65079365079365,0.4322857142857143,0.25862068965517243,0.9841269841269841,0.6453870967741936,0.6984126984126984,1.5396825396825398,2.238095238095238,0.5396825396825397,0.6666666666666666,0.7619047619047619,0.1746031746031746,1.6031746031746033,4.492063492063492,,63.0
320,937.0,38.151898734177216,0.48440506329113925,0.3225454545454545,3.9873417721518987,0.7273243243243243,2.2151898734177213,5.8734177215189876,8.08860759493671,5.177215189873418,3.430379746835443,2.9367088607594938,1.1265822784810127,3.0126582278481013,21.417721518987342,,79.0
321,938.0,28.75,0.513470588235294,,3.0833333333333335,0.7008333333333333,2.138888888888889,5.25,7.388888888888889,1.25,2.888888888888889,0.5555555555555556,1.0277777777777777,3.388888888888889,12.083333333333334,,36.0
322,939.0,17.887323943661972,0.3921044776119403,0.28125,0.9859154929577465,0.6408809523809524,0.8028169014084507,1.1549295774647887,1.9577464788732395,2.084507042253521,1.2394366197183098,0.8169014084507042,0.2112676056338028,1.7605633802816902,4.47887323943662,,71.0
323,941.0,10.814814814814815,0.5185500000000001,0.21428571428571427,0.7407407407407407,0.6041875,0.3333333333333333,0.7777777777777778,1.1111111111111112,2.0,0.7037037037037037,0.7037037037037037,0.0,1.3703703703703705,2.5925925925925926,,27.0
324,943.0,18.16216216216216,0.40236111111111117,0.2120909090909091,1.5405405405405406,0.6280909090909091,0.6486486486486487,1.2702702702702702,1.9189189189189189,2.72972972972973,1.5405405405405406,0.7567567567567568,0.02702702702702703,1.135135135135135,7.351351351351352,,37.0
325,1005.0,35.57142857142857,0.44322077922077924,0.3501866666666667,3.4545454545454546,0.7108611111111112,1.2987012987012987,3.1818181818181817,4.48051948051948,4.103896103896104,3.155844155844156,1.5974025974025974,0.8181818181818182,3.4415584415584415,16.350649350649352,,77.0
326,1006.0,13.267857142857142,0.42594230769230773,,0.4107142857142857,0.6354375,0.4107142857142857,1.9464285714285714,2.357142857142857,0.48214285714285715,0.7142857142857143,0.23214285714285715,0.8035714285714286,1.9285714285714286,3.3392857142857144,,56.0
327,1008.0,23.4,0.4052800000000001,0.3103513513513514,1.0,0.9227272727272727,0.56,1.7,2.26,4.1,1.72,1.04,0.02,1.48,6.5,,50.0
328,1010.0,7.983870967741935,0.2752619047619047,0.2613684210526316,0.45161290322580644,0.75,0.16129032258064516,0.5483870967741935,0.7096774193548387,2.161290322580645,0.8870967741935484,0.6612903225806451,0.0,1.403225806451613,2.0,,62.0
329,1022.0,3.652173913043478,0.4268571428571429,,0.5652173913043478,0.8333333333333334,0.4782608695652174,0.5652173913043478,1.0434782608695652,0.13043478260869565,0.391304347826087,0.0,0.13043478260869565,0.8695652173913043,1.3478260869565217,,23.0
330,1027.0,9.8,0.38333333333333336,,0.7333333333333333,0.7857142857142857,0.6666666666666666,1.0666666666666667,1.7333333333333334,0.8,0.4,0.26666666666666666,0.13333333333333333,0.8,3.1333333333333333,,15.0
331,1068.0,8.327586206896552,0.3743076923076923,,0.4482758620689655,0.6510666666666667,0.5517241379310345,1.4482758620689655,2.0,0.3793103448275862,0.43103448275862066,0.10344827586206896,0.3793103448275862,1.8620689655172413,1.896551724137931,,58.0
332,1073.0,9.44,0.4563043478260869,,1.6,0.7701428571428571,0.84,1.44,2.28,0.48,1.04,0.28,0.12,1.88,4.8,,25.0
333,1090.0,14.440677966101696,0.5067755102040816,0.15,1.0677966101694916,0.6535806451612903,0.6271186440677966,0.9661016949152542,1.5932203389830508,0.8983050847457628,0.7627118644067796,0.6101694915254238,0.5423728813559322,1.9322033898305084,5.11864406779661,,59.0
334,1096.0,9.735294117647058,0.36665000000000003,,0.23529411764705882,0.35,1.1764705882352942,1.2058823529411764,2.3823529411764706,0.5,0.35294117647058826,0.35294117647058826,0.3235294117647059,1.7647058823529411,1.1764705882352942,,34.0
335,1101.0,3.0,0.0,,0.0,0.0,0.0,0.0,0.0,0.0,0.0,0.0,0.0,0.5,0.0,,2.0
336,1106.0,11.722222222222221,0.4227826086956522,0.27775,0.7222222222222222,0.8101666666666667,0.7407407407407407,1.5185185185185186,2.259259259259259,0.7592592592592593,0.7222222222222222,0.18518518518518517,0.25925925925925924,1.9814814814814814,3.8703703703703702,,54.0
337,1110.0,2.25,0.25,,0.25,0.5,0.5,0.5,1.0,0.0,0.25,0.0,0.25,0.0,0.75,,4.0
338,1114.0,12.238095238095237,0.34361111111111114,0.2333,0.7619047619047619,0.6944444444444444,0.8571428571428571,1.1428571428571428,2.0,0.9047619047619048,0.8095238095238095,0.42857142857142855,0.23809523809523808,1.5714285714285714,3.3333333333333335,,21.0
339,1120.0,4.5,0.6986666666666667,0.0,0.75,0.75,0.0,0.25,0.25,0.75,0.75,1.0,0.0,0.75,3.75,,4.0
340,1122.0,31.467532467532468,0.4184545454545455,0.3382467532467533,3.4545454545454546,0.7720895522388059,2.038961038961039,3.168831168831169,5.207792207792208,2.155844155844156,2.2467532467532467,0.7922077922077922,0.18181818181818182,1.6883116883116882,17.792207792207794,,77.0
341,1123.0,7.0,0.053625,,0.18181818181818182,0.22233333333333336,1.0909090909090908,0.9090909090909091,2.0,0.09090909090909091,0.5454545454545454,0.0,0.0,1.3636363636363635,0.7272727272727273,,11.0
342,1125.0,8.65,0.394448275862069,0.0,0.5,0.7350833333333333,0.7,0.975,1.675,0.45,0.4,0.4,0.225,1.3,2.55,,40.0
343,1365.0,21.029411764705884,0.39944117647058824,0.3157894736842105,1.3088235294117647,0.7112499999999999,1.3823529411764706,3.0294117647058822,4.411764705882353,1.588235294117647,1.3088235294117647,0.4411764705882353,0.29411764705882354,2.1470588235294117,8.632352941176471,,68.0
344,1380.0,20.133333333333333,0.34426666666666667,0.27006896551724136,0.7333333333333333,0.8333333333333334,0.9666666666666667,1.1333333333333333,2.1,1.3333333333333333,1.0333333333333334,0.7333333333333333,0.3333333333333333,1.6,6.933333333333334,,30.0
345,1425.0,4.8,0.24245454545454545,0.0,0.5333333333333333,0.6666666666666666,0.3333333333333333,0.9333333333333333,1.2666666666666666,0.0,0.4666666666666667,0.13333333333333333,0.4,0.9333333333333333,1.6,,15.0
346,1472.0,15.308641975308642,0.4290649350649351,0.15217391304347827,1.345679012345679,0.7951836734693877,0.8148148148148148,1.8148148148148149,2.6296296296296298,0.9012345679012346,0.6419753086419753,0.30864197530864196,0.37037037037037035,2.1358024691358026,6.209876543209877,,81.0
347,1474.0,15.105263157894736,0.43287499999999995,,1.4210526315789473,0.885375,1.0,2.1052631578947367,3.1052631578947367,1.368421052631579,1.3157894736842106,0.47368421052631576,0.10526315789473684,1.7894736842105263,4.368421052631579,,19.0
348,1479.0,7.888888888888889,0.2727272727272727,0.0,0.5555555555555556,0.575,0.3333333333333333,1.3333333333333333,1.6666666666666667,0.37037037037037035,0.5925925925925926,0.25925925925925924,0.0,1.2962962962962963,1.2962962962962963,,27.0
349,1489.0,18.344827586206897,0.3890714285714285,0.34615384615384615,1.0172413793103448,0.68425,1.0517241379310345,2.3275862068965516,3.3793103448275863,1.5344827586206897,1.206896551724138,0.4827586206896552,0.39655172413793105,2.0344827586206895,5.637931034482759,,58.0
350,1577.0,4.0,0.1665,0.25,0.0,,0.0,0.5,0.5,1.0,0.0,0.5,0.0,0.0,1.5,,2.0
351,1593.0,11.380952380952381,0.49594736842105264,,0.7619047619047619,0.7777777777777778,0.7619047619047619,2.4285714285714284,3.1904761904761907,0.38095238095238093,0.38095238095238093,0.38095238095238093,0.2857142857142857,2.238095238095238,4.476190476190476,,21.0
352,1603.0,12.608695652173912,0.32330000000000003,0.3333529411764706,0.6086956521739131,0.645875,0.34782608695652173,1.0434782608695652,1.391304347826087,1.0434782608695652,0.7391304347826086,0.2608695652173913,0.17391304347826086,2.0434782608695654,4.6521739130434785,,23.0
353,1666.0,4.0,0.25,0.5,0.42857142857142855,0.75,0.0,0.0,0.0,0.14285714285714285,0.42857142857142855,0.2857142857142857,0.0,0.2857142857142857,1.1428571428571428,,7.0
354,1667.0,10.27027027027027,0.4253076923076923,0.43309090909090914,0.5945945945945946,0.925,0.08108108108108109,0.6216216216216216,0.7027027027027027,2.2972972972972974,0.8108108108108109,0.24324324324324326,0.0,1.4054054054054055,3.2162162162162162,,37.0
355,1677.0,9.507246376811594,0.49843396226415093,0.07692307692307693,1.0,0.6074324324324325,0.8115942028985508,0.463768115942029,1.2753623188405796,0.5797101449275363,0.7101449275362319,0.9710144927536232,0.17391304347826086,1.4782608695652173,3.652173913043478,,69.0
356,1680.0,7.0,0.475,,1.0,0.6666666666666666,0.0,0.6666666666666666,0.6666666666666666,0.6666666666666666,0.5,0.0,0.0,1.3333333333333333,2.3333333333333335,,6.0
357,1806.0,6.153846153846154,0.575,,0.15384615384615385,0.5,0.15384615384615385,0.6923076923076923,0.8461538461538461,0.8461538461538461,0.38461538461538464,0.3076923076923077,0.0,0.6153846153846154,1.3846153846153846,,13.0
358,1814.0,16.765625,0.4210847457627119,0.36883333333333335,0.640625,0.65,0.21875,0.921875,1.140625,2.28125,0.78125,0.5,0.34375,1.859375,5.0,,64.0
359,1821.0,4.333333333333333,0.38883333333333336,0.0,0.0,,0.5,1.0,1.5,0.125,0.125,0.0,0.0,0.625,0.6666666666666666,,9.0
360,1844.0,5.4,0.125,0.16666666666666666,0.2,1.0,0.0,0.0,0.0,0.2,0.4,0.0,0.0,0.8,0.8,,5.0
361,1855.0,13.10909090909091,0.3806666666666667,0.2968,0.9818181818181818,0.7416666666666667,0.5272727272727272,0.8545454545454545,1.3818181818181818,1.1454545454545455,0.7454545454545455,1.2181818181818183,0.01818181818181818,1.7636363636363637,5.0181818181818185,,55.0
362,1861.0,15.063829787234043,0.3756222222222222,0.3796111111111111,0.3829787234042553,0.75,0.44680851063829785,0.851063829787234,1.297872340425532,2.702127659574468,1.0425531914893618,0.44680851063829785,0.10638297872340426,1.4893617021276595,4.23404255319149,,47.0
363,2349.0,24.74,0.48618,0.1862941176470588,0.72,0.5516190476190477,1.74,4.08,5.82,1.2,1.52,0.56,0.58,2.9,10.04,,50.0
364,76001.0,9.37037037037037,0.5107755102040816,0.0,0.37037037037037035,0.5625,0.6851851851851852,1.4259259259259258,2.111111111111111,0.24074074074074073,0.8333333333333334,0.2777777777777778,0.2222222222222222,1.9259259259259258,4.7407407407407405,,54.0
365,76017.0,18.56756756756757,0.45694117647058824,0.3538923076923077,1.4189189189189189,0.7886888888888889,0.33783783783783783,1.135135135135135,1.472972972972973,2.8378378378378377,1.0675675675675675,0.6216216216216216,0.0945945945945946,2.0945945945945947,7.716216216216216,,74.0
366,76128.0,7.4,0.43700000000000006,0.125,0.7,0.79175,0.1,0.6,0.7,1.4,0.7,0.1,0.1,1.0,3.0,,10.0
367,76148.0,15.333333333333334,0.5,0.143,0.0,,0.0,0.6666666666666666,0.6666666666666666,1.3333333333333333,1.0,0.0,0.0,2.0,4.666666666666667,,3.0
368,76195.0,16.2,0.5833333333333334,0.3333333333333333,0.0,,0.2,2.2,2.4,0.0,0.2,0.0,1.8,2.0,3.0,,5.0
369,76217.0,18.28358208955224,0.41570689655172416,0.18181818181818182,1.0149253731343284,0.7985172413793103,1.0746268656716418,3.2238805970149254,4.298507462686567,1.7611940298507462,1.3582089552238805,0.31343283582089554,1.1940298507462686,2.716417910447761,4.567164179104478,,67.0
370,76338.0,14.461538461538462,0.36124324324324325,0.3073125,1.6923076923076923,0.8218823529411764,0.7692307692307693,1.1923076923076923,1.9615384615384615,0.8846153846153846,0.8333333333333334,0.41025641025641024,0.10256410256410256,1.564102564102564,6.012820512820513,,78.0
371,76362.0,14.827586206896552,0.40411111111111114,,0.5172413793103449,0.75,0.8620689655172413,2.1379310344827585,3.0,0.3448275862068966,0.6206896551724138,0.20689655172413793,0.10344827586206896,2.413793103448276,2.3793103448275863,,29.0
372,76431.0,2.5,,,1.0,1.0,0.0,0.0,0.0,0.0,0.0,0.5,0.0,1.5,1.0,,2.0
373,76482.0,4.142857142857143,0.08333333333333333,0.0,0.2857142857142857,0.375,0.14285714285714285,0.2857142857142857,0.42857142857142855,0.14285714285714285,0.2857142857142857,0.14285714285714285,0.0,0.14285714285714285,0.8571428571428571,,7.0
374,76542.0,6.5,0.2145,0.333,0.5,1.0,0.0,1.5,1.5,0.5,1.0,0.0,0.0,2.0,4.0,,2.0
375,76583.0,14.255813953488373,0.6706969696969698,,0.5116279069767442,0.6211818181818182,0.4418604651162791,2.046511627906977,2.488372093023256,0.32558139534883723,0.5116279069767442,0.13953488372093023,0.6511627906976745,1.5348837209302326,2.558139534883721,,43.0
376,76676.0,15.875,0.40857142857142853,0.26185714285714284,1.25,0.7778333333333333,0.125,0.25,0.375,0.875,0.75,0.875,0.125,2.375,5.375,,8.0
377,76726.0,17.638297872340427,0.3173043478260869,0.2578684210526316,0.6382978723404256,0.753375,0.1702127659574468,0.9574468085106383,1.127659574468085,2.6595744680851063,1.0851063829787233,0.2765957446808511,0.1276595744680851,1.553191489361702,4.191489361702128,,47.0
378,76732.0,19.6,0.196,0.0,0.2,0.5,1.6,2.4,4.0,1.8,1.6,0.2,0.0,1.0,3.8,,5.0
379,76770.0,25.454545454545453,0.46709090909090906,0.1875,0.45454545454545453,0.5,0.09090909090909091,1.5454545454545454,1.6363636363636365,3.0,1.2727272727272727,0.7272727272727273,0.09090909090909091,2.090909090909091,5.0,,11.0
380,76782.0,26.45205479452055,0.37276811594202897,0.22867441860465118,1.2191780821917808,0.7942380952380952,0.6575342465753424,1.643835616438356,2.3013698630136985,4.3561643835616435,1.4383561643835616,0.9726027397260274,0.1780821917808219,2.5205479452054793,6.136986301369863,,73.0
381,76801.0,2.6666666666666665,0.5,0.0,0.6666666666666666,1.0,0.3333333333333333,0.0,0.3333333333333333,0.0,0.6666666666666666,0.0,0.0,0.3333333333333333,1.3333333333333333,,3.0
382,76903.0,9.823529411764707,0.3352307692307693,0.0,0.7647058823529411,0.5276666666666666,0.9411764705882353,1.7058823529411764,2.6470588235294117,0.5882352941176471,0.7058823529411765,0.47058823529411764,0.058823529411764705,1.7058823529411764,2.6470588235294117,,17.0
383,76952.0,15.8,0.28111111111111114,1.0,0.3,0.4443333333333333,0.9,1.4,2.3,1.2,0.7,0.9,0.0,1.2,4.6,,10.0
384,76961.0,6.0,0.3,0.0,2.6666666666666665,0.9166666666666666,0.0,0.0,0.0,0.0,0.3333333333333333,0.0,0.0,0.6666666666666666,4.666666666666667,,3.0
385,77019.0,9.2,0.111,0.1,0.6,0.75,0.8,0.6,1.4,0.6,0.2,0.2,0.2,1.4,2.0,,5.0
386,77064.0,2.0,0.0,0.0,0.0,,0.0,0.0,0.0,0.0,0.0,0.5,0.0,0.5,0.0,,2.0
387,77081.0,11.166666666666666,0.20094117647058826,0.5,0.1111111111111111,0.5,0.2222222222222222,0.5,0.7222222222222222,1.0555555555555556,0.9444444444444444,0.5,0.0,1.9444444444444444,1.1111111111111112,,18.0
388,77174.0,12.636363636363637,0.3137,0.09528571428571429,1.1818181818181819,0.8471666666666667,0.5454545454545454,0.45454545454545453,1.0,1.4545454545454546,0.8181818181818182,0.5454545454545454,0.0,1.7272727272727273,4.090909090909091,,11.0
389,77358.0,3.409090909090909,0.40275,0.3888888888888889,0.8181818181818182,0.7857142857142857,0.0,0.22727272727272727,0.22727272727272727,0.22727272727272727,0.22727272727272727,0.2727272727272727,0.13636363636363635,0.8181818181818182,1.9545454545454546,,22.0
390,77372.0,7.833333333333333,0.267625,0.2692307692307692,0.9583333333333334,0.832375,0.25,0.8333333333333334,1.0833333333333333,1.8333333333333333,0.875,0.16666666666666666,0.0,1.1666666666666667,2.0833333333333335,,24.0
391,77377.0,8.228070175438596,0.41917073170731706,0.0,0.3333333333333333,0.37915,0.8596491228070176,1.3157894736842106,2.175438596491228,0.47368421052631576,0.3684210526315789,0.22807017543859648,0.3508771929824561,1.5964912280701755,2.263157894736842,,57.0
392,77449.0,8.764705882352942,0.3378,0.5,1.2941176470588236,0.6944444444444444,1.1764705882352942,1.5294117647058822,2.7058823529411766,0.35294117647058826,0.6470588235294118,0.11764705882352941,0.17647058823529413,0.8823529411764706,2.8823529411764706,,17.0
393,77478.0,14.0,0.2,,0.0,,2.0,0.0,2.0,1.0,0.0,0.0,1.0,2.0,2.0,,1.0
394,77905.0,7.5,0.4355333333333333,,0.3076923076923077,0.65,0.38461538461538464,0.9230769230769231,1.3076923076923077,0.6153846153846154,0.3076923076923077,0.11538461538461539,0.34615384615384615,1.3461538461538463,1.6923076923076923,,26.0
395,78014.0,9.372549019607844,0.48214285714285715,,0.4117647058823529,0.625,0.6078431372549019,1.2549019607843137,1.8627450980392157,0.17647058823529413,0.45098039215686275,0.13725490196078433,0.7058823529411765,1.2352941176470589,1.196078431372549,,51.0
396,78197.0,11.0,0.4338518518518519,0.125,0.896551724137931,0.9181818181818181,0.4482758620689655,1.4827586206896552,1.9310344827586208,0.6896551724137931,0.6206896551724138,0.20689655172413793,0.06896551724137931,1.4137931034482758,5.275862068965517,,29.0
397,78286.0,5.666666666666667,0.5635,,0.4444444444444444,0.8335,0.3333333333333333,0.5555555555555556,0.8888888888888888,0.3333333333333333,0.5555555555555556,0.1111111111111111,0.0,0.8888888888888888,2.6666666666666665,,9.0
398,78293.0,24.618181818181817,0.4512363636363636,0.2857142857142857,1.8545454545454545,0.8468378378378378,2.581818181818182,5.581818181818182,8.163636363636364,1.0545454545454545,1.981818181818182,0.8181818181818182,1.0,2.8181818181818183,12.563636363636364,,55.0
399,78347.0,5.7,0.3055555555555556,0.0,0.2,1.0,0.7,1.0,1.7,0.2,0.3,0.0,0.0,0.9,1.4,,10.0
400,78379.0,4.966666666666667,0.38994999999999996,0.4,0.6666666666666666,0.5628461538461539,0.5666666666666667,0.36666666666666664,0.9333333333333333,0.23333333333333334,0.4,0.26666666666666666,0.03333333333333333,0.6666666666666666,2.2666666666666666,,30.0
401,78381.0,11.755102040816327,0.36747727272727276,0.37624242424242427,0.5306122448979592,0.9111333333333334,0.46938775510204084,1.510204081632653,1.9795918367346939,0.7755102040816326,0.4489795918367347,0.24489795918367346,0.061224489795918366,2.0816326530612246,4.061224489795919,,49.0
402,78440.0,11.083333333333334,0.4426875,,0.875,0.7424545454545455,0.7916666666666666,1.1666666666666667,1.9583333333333333,0.2916666666666667,0.625,0.20833333333333334,0.20833333333333334,1.75,2.375,,24.0
403,78528.0,9.86046511627907,0.3588918918918919,0.3235172413793103,0.16279069767441862,0.75,0.13953488372093023,0.8604651162790697,1.0,1.744186046511628,0.5348837209302325,0.5116279069767442,0.046511627906976744,1.0232558139534884,3.186046511627907,,43.0
404,78554.0,11.823529411764707,0.36973333333333336,0.35,0.4117647058823529,0.5667,0.6764705882352942,1.1470588235294117,1.8235294117647058,0.7941176470588235,1.0294117647058822,0.29411764705882354,0.058823529411764705,1.411764705882353,2.9411764705882355,,34.0
405,78633.0,11.0,0.6666666666666666,0.5971666666666667,0.14285714285714285,1.0,0.14285714285714285,0.5714285714285714,0.7142857142857143,1.7142857142857142,0.5714285714285714,0.5714285714285714,0.0,1.1428571428571428,3.4285714285714284,,7.0
