,PLAYER_ID,MIN,FG_PCT,FG3_PCT,FTM,FT_PCT,OREB,DREB,REB,AST,TOV,STL,BLK,PF,PTS,PLUS_MINUS,no_games_played
0,3.0,27.603566666666666,0.40590000000000004,0.05,3.68,0.71892,2.0,3.92,5.92,1.06,1.48,1.14,0.32,2.86,9.78,4.1,50.0
1,7.0,7.56938596491228,0.2824736842105263,0.0,0.3157894736842105,0.11842105263157894,0.15789473684210525,0.5789473684210527,0.7368421052631579,0.21052631578947367,0.42105263157894735,0.05263157894736842,0.10526315789473684,1.2105263157894737,1.4736842105263157,1.2105263157894737,19.0
2,12.0,5.116041666666667,0.1875,0.0,0.0,0.0,0.125,1.25,1.375,0.125,0.5,0.25,0.125,1.0,0.5,-1.75,8.0
3,15.0,25.312210884353743,0.39853061224489794,0.3112857142857143,1.7959183673469388,0.6236122448979592,0.7959183673469388,2.061224489795918,2.857142857142857,1.0816326530612246,1.0816326530612246,0.8979591836734694,0.12244897959183673,1.7551020408163265,10.46938775510204,-4.285714285714286,49.0
4,21.0,16.117933333333333,0.38426000000000005,0.30302,1.24,0.3195,0.28,0.98,1.26,2.0,1.1,1.32,0.06,1.5,6.38,3.68,50.0
5,22.0,25.968163265306124,0.5007959183673469,0.0,2.204081632653061,0.5265918367346938,1.489795918367347,4.122448979591836,5.612244897959184,1.0612244897959184,1.530612244897959,0.3673469387755102,1.0612244897959184,3.2448979591836733,14.857142857142858,3.9591836734693877,49.0
6,23.0,28.680217391304346,0.27243478260869564,0.0,0.7391304347826086,0.21373913043478263,2.6956521739130435,8.521739130434783,11.217391304347826,1.3043478260869565,1.3478260869565217,0.43478260869565216,0.5217391304347826,3.0869565217391304,2.130434782608696,-0.6086956521739131,23.0
7,26.0,23.85790598290598,0.45492307692307693,0.0,1.5128205128205128,0.5325897435897436,1.5384615384615385,4.153846153846154,5.6923076923076925,1.1538461538461537,1.358974358974359,0.5897435897435898,0.5384615384615384,3.051282051282051,8.692307692307692,1.3076923076923077,39.0
8,28.0,20.949047619047622,0.4166428571428571,0.0,1.3571428571428572,0.44342857142857145,0.35714285714285715,1.4285714285714286,1.7857142857142858,1.3571428571428572,0.8571428571428571,1.1428571428571428,0.5,2.7142857142857144,5.785714285714286,-2.357142857142857,14.0
9,29.0,12.198333333333336,0.3725,0.0,0.18181818181818182,0.13636363636363635,1.4090909090909092,1.0454545454545454,2.4545454545454546,0.09090909090909091,0.5909090909090909,0.4090909090909091,1.4545454545454546,2.6818181818181817,2.1818181818181817,-0.6363636363636364,22.0
10,35.0,9.509619047619047,0.29157142857142854,0.0,0.6285714285714286,0.23334285714285713,1.0285714285714285,1.8,2.8285714285714287,0.37142857142857144,0.7428571428571429,0.2571428571428571,0.7428571428571429,2.085714285714286,2.2285714285714286,0.34285714285714286,35.0
11,42.0,5.483333333333333,0.0,0.0,1.0,0.5,0.0,0.0,0.0,0.0,0.0,0.0,0.0,0.0,1.0,-2.0,1.0
12,43.0,11.290641025641026,0.35441025641025636,0.27435897435897433,0.6923076923076923,0.28205128205128205,0.20512820512820512,1.0,1.205128205128205,1.7692307692307692,0.9230769230769231,0.46153846153846156,0.05128205128205128,1.2564102564102564,4.794871794871795,0.10256410256410256,39.0
13,45.0,25.88732638888889,0.4123333333333334,0.3923125,1.5625,0.579875,0.7083333333333334,2.6666666666666665,3.375,1.6458333333333333,1.0208333333333333,0.9375,0.2916666666666667,2.6666666666666665,8.916666666666666,0.2916666666666667,48.0
14,49.0,1.15,0.0,0.0,0.0,0.0,0.0,0.0,0.0,0.0,1.0,0.0,0.0,0.0,0.0,-4.0,1.0
15,52.0,7.4775,0.25,0.0,0.0,0.0,0.5,0.0,0.5,0.0,0.5,0.0,0.0,0.5,1.0,-2.0,2.0
16,53.0,27.485177304964534,0.458,0.31136170212765957,2.1914893617021276,0.5776382978723404,0.7659574468085106,2.148936170212766,2.9148936170212765,1.8936170212765957,1.297872340425532,0.9787234042553191,0.2553191489361702,1.9361702127659575,9.680851063829786,5.361702127659575,47.0
17,54.0,28.953266666666664,0.45674,0.0,3.08,0.60722,2.2,4.58,6.78,1.3,1.44,0.72,0.26,2.56,9.08,-5.64,50.0
18,55.0,4.962857142857142,0.25,0.0,0.2857142857142857,0.14285714285714285,0.14285714285714285,0.5714285714285714,0.7142857142857143,0.14285714285714285,0.42857142857142855,0.0,0.14285714285714285,0.8571428571428571,1.1428571428571428,-0.2857142857142857,7.0
19,56.0,40.19570000000001,0.43156,0.2833,3.98,0.6358600000000001,1.24,3.64,4.88,8.72,3.08,2.18,0.24,2.3,21.68,0.58,50.0
20,57.0,35.355,0.38849999999999996,0.25962,4.14,0.74406,1.18,2.96,4.14,3.74,2.38,2.26,0.52,2.22,15.2,-2.22,50.0
21,61.0,10.90547619047619,0.26939285714285716,0.0,0.17857142857142858,0.07142857142857142,0.8928571428571429,1.3214285714285714,2.2142857142857144,0.14285714285714285,0.5714285714285714,0.42857142857142855,0.25,1.4642857142857142,2.3214285714285716,-1.1785714285714286,28.0
22,63.0,22.884652777777777,0.4766041666666667,0.0,1.5833333333333333,0.407125,2.8125,4.479166666666667,7.291666666666667,1.0,1.25,0.9583333333333334,0.375,2.2291666666666665,4.791666666666667,-3.0625,48.0
23,64.0,16.432777777777776,0.4079791666666666,0.30122916666666666,0.8958333333333334,0.359375,0.75,2.125,2.875,0.5208333333333334,0.4583333333333333,0.3125,0.2916666666666667,1.5416666666666667,4.958333333333333,0.4583333333333333,48.0
24,65.0,17.388560606060608,0.383,0.089,0.8181818181818182,0.2916590909090909,0.7045454545454546,1.9545454545454546,2.659090909090909,1.1363636363636365,0.8636363636363636,0.45454545454545453,0.13636363636363635,1.5681818181818181,4.863636363636363,2.340909090909091,44.0
25,67.0,14.570102040816328,0.3145918367346939,0.0,0.9795918367346939,0.2879591836734694,1.1020408163265305,1.6734693877551021,2.7755102040816326,0.40816326530612246,0.6530612244897959,0.16326530612244897,0.14285714285714285,1.7959183673469388,4.326530612244898,-0.02040816326530612,49.0
26,70.0,16.633674242424238,0.3478181818181818,0.20720454545454545,0.7045454545454546,0.3401590909090909,0.13636363636363635,0.8636363636363636,1.0,1.1136363636363635,0.5,0.5227272727272727,0.06818181818181818,0.6363636363636364,4.363636363636363,1.6590909090909092,44.0
27,71.0,11.985606060606061,0.322,0.0,0.36363636363636365,0.18181818181818182,0.09090909090909091,1.0909090909090908,1.1818181818181819,2.727272727272727,0.8181818181818182,0.36363636363636365,0.0,0.45454545454545453,2.5454545454545454,-2.5454545454545454,11.0
28,72.0,29.67705882352941,0.4448529411764706,0.0661764705882353,2.4705882352941178,0.6554117647058825,0.7058823529411765,2.323529411764706,3.0294117647058822,5.676470588235294,2.088235294117647,0.9705882352941176,0.058823529411764705,2.2941176470588234,12.117647058823529,-3.676470588235294,34.0
29,73.0,16.097266666666666,0.16400000000000003,0.0,0.28,0.14,1.44,1.88,3.32,0.6,0.52,0.52,0.72,1.96,1.16,-3.52,25.0
30,76.0,27.053461538461537,0.4046153846153846,0.3333076923076923,2.6153846153846154,0.43276923076923074,1.7692307692307692,4.769230769230769,6.538461538461538,0.9230769230769231,2.1538461538461537,0.5384615384615384,0.38461538461538464,1.7692307692307692,12.538461538461538,-4.3076923076923075,13.0
31,77.0,10.212291666666667,0.293125,0.08333333333333333,0.75,0.264875,0.2916666666666667,0.5833333333333334,0.875,0.9583333333333334,0.8333333333333334,0.20833333333333334,0.041666666666666664,0.75,3.8333333333333335,-0.75,24.0
32,82.0,11.83188596491228,0.2988157894736842,0.02631578947368421,0.47368421052631576,0.21052631578947367,0.5263157894736842,1.5526315789473684,2.0789473684210527,0.47368421052631576,0.4473684210526316,0.34210526315789475,0.3157894736842105,2.0789473684210527,3.763157894736842,-2.1842105263157894,38.0
33,84.0,33.42527027027027,0.4036486486486487,0.20359459459459459,4.1891891891891895,0.7513243243243243,1.1081081081081081,3.108108108108108,4.216216216216216,2.4594594594594597,2.135135135135135,1.2432432432432432,0.05405405405405406,1.7567567567567568,16.37837837837838,-1.3513513513513513,37.0
34,85.0,20.31870833333333,0.47467500000000007,0.39175,1.15,0.3031,0.45,1.5,1.95,2.825,1.625,0.825,0.025,2.25,7.3,0.55,40.0
35,87.0,36.55563333333333,0.51572,0.0,3.9,0.63786,3.84,8.36,12.2,1.14,1.88,0.32,2.94,2.9,10.82,4.5,50.0
36,89.0,36.033433333333335,0.37654000000000004,0.28458,2.84,0.6847200000000001,0.28,1.98,2.26,7.36,2.42,0.8,0.06,1.8,16.52,-6.12,50.0
37,93.0,27.496533333333332,0.42149999999999993,0.37382,0.88,0.4,0.06,1.66,1.72,1.78,1.14,0.42,0.06,1.52,9.14,-1.04,50.0
38,95.0,26.758,0.45942222222222223,0.0,1.5777777777777777,0.44371111111111106,2.0444444444444443,3.111111111111111,5.155555555555556,1.0666666666666667,1.511111111111111,0.7555555555555555,0.35555555555555557,3.311111111111111,9.044444444444444,-6.4222222222222225,45.0
39,96.0,35.29206666666667,0.46722,0.27634000000000003,4.0,0.7043,1.54,5.86,7.4,3.68,2.06,0.82,0.52,3.04,15.04,1.74,50.0
40,98.0,33.607943262411354,0.3708723404255319,0.32370212765957446,2.106382978723404,0.392595744680851,1.0851063829787233,4.808510638297872,5.8936170212765955,1.9361702127659575,1.7659574468085106,1.3617021276595744,0.3191489361702128,1.5319148936170213,14.914893617021276,1.872340425531915,47.0
41,100.0,12.565722222222224,0.36756666666666665,0.1734,0.1,0.08333333333333333,0.26666666666666666,1.0666666666666667,1.3333333333333333,0.7,0.4666666666666667,0.13333333333333333,0.1,1.4,3.966666666666667,0.2,30.0
42,104.0,5.669166666666666,0.13883333333333334,0.0,0.0,0.0,0.5,0.8333333333333334,1.3333333333333333,0.16666666666666666,0.5,0.0,0.0,1.0,0.6666666666666666,-0.16666666666666666,6.0
43,105.0,33.85465277777778,0.4104583333333333,0.32333333333333336,0.6875,0.28854166666666664,0.4375,3.8958333333333335,4.333333333333333,3.125,1.1458333333333333,0.7916666666666666,0.14583333333333334,2.0833333333333335,7.020833333333333,4.791666666666667,48.0
44,107.0,25.704861111111114,0.43512500000000004,0.43566666666666665,1.1041666666666667,0.296,0.5208333333333334,1.875,2.3958333333333335,0.7916666666666666,0.9375,0.5208333333333334,0.0625,1.6041666666666667,10.3125,0.5416666666666666,48.0
45,109.0,19.62736842105263,0.391,0.2127105263157895,0.8947368421052632,0.28728947368421054,1.4473684210526316,2.526315789473684,3.973684210526316,1.4736842105263157,1.2894736842105263,0.9473684210526315,1.0263157894736843,2.710526315789474,4.947368421052632,3.0789473684210527,38.0
46,111.0,27.011000000000003,0.3987,0.05,2.15,0.5662499999999999,1.25,4.2,5.45,0.9,1.7,0.4,0.35,2.4,10.2,-0.05,20.0
47,120.0,36.46819444444445,0.40697222222222224,0.3216111111111111,5.305555555555555,0.8434444444444444,1.3888888888888888,2.8055555555555554,4.194444444444445,3.2777777777777777,2.75,1.0,0.3055555555555556,2.7777777777777777,18.666666666666668,6.5,36.0
48,121.0,34.2215350877193,0.41002631578947374,0.0,4.2894736842105265,0.6468684210526315,1.9473684210526316,7.973684210526316,9.921052631578947,1.131578947368421,2.6052631578947367,0.7894736842105263,2.6315789473684212,2.763157894736842,17.289473684210527,1.236842105263158,38.0
49,123.0,18.643733333333333,0.41431999999999997,0.0,2.88,0.6678000000000001,0.36,1.08,1.44,3.24,1.96,0.8,0.04,1.64,8.88,-3.52,25.0
50,124.0,35.1245,0.46934000000000003,0.12666,3.58,0.67074,2.8,7.22,10.02,4.3,2.62,0.88,1.02,3.32,14.28,0.48,50.0
51,133.0,36.870400000000004,0.44496,0.32008,3.18,0.6839400000000001,0.46,2.76,3.22,6.44,2.84,2.0,0.2,2.6,14.12,1.0,50.0
52,136.0,32.237566666666666,0.47243999999999997,0.0,2.26,0.6029800000000001,2.3,4.62,6.92,1.32,1.38,0.92,0.96,3.32,11.42,4.04,50.0
53,137.0,21.916449275362318,0.3871521739130434,0.3396304347826087,1.826086956521739,0.49717391304347835,0.2826086956521739,1.565217391304348,1.8478260869565217,1.6521739130434783,1.4565217391304348,0.6521739130434783,0.06521739130434782,2.4347826086956523,10.695652173913043,1.2173913043478262,46.0
54,138.0,8.941666666666666,0.16,0.0,0.2,0.1,1.6,0.8,2.4,0.2,1.4,0.4,0.0,1.2,1.8,1.8,5.0
55,143.0,11.115961538461537,0.2679615384615385,0.2436153846153846,0.19230769230769232,0.11538461538461539,0.2692307692307692,0.6538461538461539,0.9230769230769231,1.0384615384615385,0.6153846153846154,0.2692307692307692,0.11538461538461539,1.1538461538461537,3.1923076923076925,-2.423076923076923,26.0
56,145.0,18.110648148148147,0.29083333333333333,0.2383888888888889,0.9444444444444444,0.3571388888888889,0.5,1.75,2.25,0.75,0.8055555555555556,0.5833333333333334,0.16666666666666666,1.8055555555555556,6.472222222222222,-1.1111111111111112,36.0
57,146.0,21.117533333333334,0.43774,0.34934,0.26,0.115,0.58,2.08,2.66,1.14,0.42,0.74,0.26,1.66,5.48,1.34,50.0
58,147.0,25.28173469387755,0.38961224489795915,0.18877551020408162,2.5510204081632653,0.6535306122448978,0.6938775510204082,2.4489795918367347,3.142857142857143,1.8979591836734695,1.469387755102041,1.0204081632653061,0.30612244897959184,2.6122448979591835,11.061224489795919,2.122448979591837,49.0
59,156.0,8.44462962962963,0.37516666666666665,0.0,0.2777777777777778,0.125,0.5,1.2222222222222223,1.7222222222222223,0.5,0.5,0.05555555555555555,0.5555555555555556,1.7222222222222223,2.611111111111111,-0.6111111111111112,18.0
60,157.0,24.893703703703704,0.3619333333333334,0.2863777777777778,0.5777777777777777,0.26295555555555555,0.28888888888888886,1.2,1.488888888888889,4.155555555555556,1.1555555555555554,0.9777777777777777,0.08888888888888889,1.4666666666666666,6.866666666666666,-1.6666666666666667,45.0
61,164.0,27.04923611111111,0.42612500000000003,0.35312499999999997,1.3333333333333333,0.42049999999999993,0.375,2.3958333333333335,2.7708333333333335,4.020833333333333,1.7708333333333333,0.9166666666666666,0.020833333333333332,3.25,6.833333333333333,0.20833333333333334,48.0
62,165.0,35.688766666666666,0.51932,0.08,3.9,0.70088,2.12,7.44,9.56,1.76,2.78,1.64,2.46,3.2,18.9,1.24,50.0
63,166.0,31.62395238095238,0.3602857142857143,0.22151428571428572,2.0285714285714285,0.5676285714285714,1.4,3.742857142857143,5.142857142857143,3.2857142857142856,1.8571428571428572,1.7142857142857142,1.0,2.257142857142857,11.2,-2.742857142857143,35.0
64,168.0,29.70386524822695,0.3971914893617022,0.21627659574468086,1.6808510638297873,0.4882765957446809,1.0425531914893618,4.0,5.042553191489362,2.1914893617021276,1.2340425531914894,0.8297872340425532,0.2978723404255319,2.6595744680851063,10.27659574468085,-1.9361702127659575,47.0
65,170.0,12.058440860215054,0.32083870967741934,0.0,0.25806451612903225,0.0967741935483871,0.8709677419354839,1.2903225806451613,2.161290322580645,0.3870967741935484,0.3225806451612903,0.25806451612903225,0.03225806451612903,1.4838709677419355,2.193548387096774,-2.064516129032258,31.0
66,173.0,12.563333333333333,0.2600909090909091,0.15654545454545454,0.15151515151515152,0.07575757575757576,0.30303030303030304,1.0303030303030303,1.3333333333333333,0.30303030303030304,0.3939393939393939,0.5151515151515151,0.09090909090909091,1.7575757575757576,1.606060606060606,2.5454545454545454,33.0
67,177.0,19.861898148148146,0.5520833333333334,0.0,0.8611111111111112,0.34258333333333335,0.4444444444444444,1.5833333333333333,2.0277777777777777,3.7222222222222223,1.3055555555555556,1.1944444444444444,0.027777777777777776,1.2222222222222223,5.083333333333333,-0.3333333333333333,36.0
68,178.0,30.824409722222224,0.48218750000000005,0.020833333333333332,0.6041666666666666,0.18714583333333334,3.8333333333333335,5.020833333333333,8.854166666666666,0.8958333333333334,1.0208333333333333,0.4166666666666667,0.625,3.125,7.666666666666667,-2.1666666666666665,48.0
69,179.0,25.964818840579706,0.3895000000000001,0.21719565217391304,1.326086956521739,0.4695652173913043,0.6521739130434783,1.673913043478261,2.3260869565217392,1.7826086956521738,0.9782608695652174,0.6086956521739131,0.32608695652173914,1.4130434782608696,6.956521739130435,-5.021739130434782,46.0
70,180.0,14.211234567901235,0.3535555555555555,0.24318518518518517,1.5925925925925926,0.5246666666666667,0.2962962962962963,0.8518518518518519,1.1481481481481481,2.3333333333333335,1.2222222222222223,0.4074074074074074,0.0,1.1481481481481481,5.888888888888889,-2.4074074074074074,27.0
71,182.0,21.463650793650793,0.36599999999999994,0.21428571428571427,1.3333333333333333,0.4166666666666667,1.6666666666666667,2.142857142857143,3.8095238095238093,1.8095238095238095,1.5714285714285714,0.5714285714285714,0.19047619047619047,1.7619047619047619,7.761904761904762,-1.1904761904761905,21.0
72,183.0,24.04928571428571,0.5011020408163266,0.0,1.653061224489796,0.5047959183673469,1.8775510204081634,3.673469387755102,5.551020408163265,1.4489795918367347,2.2653061224489797,0.7755102040816326,0.8163265306122449,3.693877551020408,10.46938775510204,2.0408163265306123,49.0
73,184.0,36.64360465116279,0.4332093023255814,0.36030232558139536,2.6744186046511627,0.6178139534883722,0.9069767441860465,3.13953488372093,4.046511627906977,3.4651162790697674,2.13953488372093,1.3953488372093024,0.5813953488372093,2.883720930232558,14.255813953488373,1.5348837209302326,43.0
74,185.0,40.99305555555555,0.49457142857142855,0.07935714285714286,1.880952380952381,0.3647857142857143,3.5476190476190474,9.428571428571429,12.976190476190476,4.119047619047619,3.5238095238095237,1.4285714285714286,2.119047619047619,3.4285714285714284,19.976190476190474,0.8809523809523809,42.0
75,187.0,20.184366666666666,0.42776000000000003,0.02,1.62,0.40668,1.9,3.2,5.1,1.16,1.16,0.92,0.2,3.36,9.08,-0.24,50.0
76,190.0,7.2494736842105265,0.32205263157894737,0.0,0.21052631578947367,0.09210526315789473,0.7368421052631579,1.105263157894737,1.8421052631578947,0.10526315789473684,0.9473684210526315,0.0,0.5789473684210527,1.6842105263157894,2.3157894736842106,-3.1578947368421053,19.0
77,192.0,20.562314814814815,0.35297222222222224,0.3229722222222222,0.6388888888888888,0.22455555555555554,0.2222222222222222,1.3888888888888888,1.6111111111111112,1.1111111111111112,0.5277777777777778,0.4166666666666667,0.08333333333333333,1.3611111111111112,6.5,0.2222222222222222,36.0
78,195.0,14.101851851851851,0.2962222222222222,0.08333333333333333,0.4444444444444444,0.2777777777777778,0.0,0.3333333333333333,0.3333333333333333,2.5555555555555554,1.2222222222222223,0.7777777777777778,0.0,1.4444444444444444,2.2222222222222223,-1.4444444444444444,9.0
79,197.0,22.093958333333333,0.320625,0.3213125,1.0625,0.35415625,1.0,2.71875,3.71875,1.40625,0.71875,1.25,0.34375,2.5625,6.625,-0.46875,32.0
80,198.0,21.07313333333333,0.45308,0.34165999999999996,0.58,0.28334,0.32,1.72,2.04,1.06,0.78,0.46,0.2,2.26,6.98,-0.42,50.0
81,201.0,14.903478260869562,0.3773913043478261,0.0,0.41304347826086957,0.16630434782608697,1.7173913043478262,2.4782608695652173,4.195652173913044,0.15217391304347827,0.5217391304347826,0.2826086956521739,0.8260869565217391,2.5217391304347827,2.5,1.0869565217391304,46.0
82,202.0,3.6916666666666664,0.0,0.0,0.0,0.0,0.0,0.0,0.0,1.5,0.0,0.5,0.0,0.0,0.0,4.0,2.0
83,204.0,29.899861111111107,0.47737500000000005,0.328125,2.6041666666666665,0.7515416666666667,0.6875,2.6458333333333335,3.3333333333333335,4.0,1.7083333333333333,1.0833333333333333,0.2916666666666667,1.9791666666666667,12.229166666666666,6.958333333333333,48.0
84,208.0,24.927083333333332,0.37925,0.0875,5.875,0.830625,0.625,1.25,1.875,4.5,2.5,1.125,0.0,2.75,15.875,5.0,8.0
85,209.0,20.600674603174603,0.4761904761904761,0.4519047619047618,0.6666666666666666,0.29366666666666663,0.42857142857142855,1.5952380952380953,2.0238095238095237,1.1428571428571428,1.0714285714285714,0.8571428571428571,0.07142857142857142,1.0,10.071428571428571,1.1428571428571428,42.0
86,210.0,33.85527777777778,0.4158888888888888,0.1527777777777778,1.8055555555555556,0.604,0.75,2.9722222222222223,3.7222222222222223,8.583333333333334,2.0555555555555554,1.75,0.2777777777777778,2.2777777777777777,13.916666666666666,0.9444444444444444,36.0
87,213.0,25.928673469387753,0.46646938775510194,0.0,2.7551020408163267,0.6164489795918368,2.36734693877551,4.653061224489796,7.020408163265306,0.673469387755102,1.0204081632653061,0.4489795918367347,0.8571428571428571,2.7755102040816326,9.448979591836734,0.12244897959183673,49.0
88,216.0,4.6,0.0,0.0,0.0,0.0,0.0,1.0,1.0,1.0,1.0,0.0,0.0,1.0,0.0,-3.0,1.0
89,219.0,22.84034722222222,0.3980416666666666,0.2100625,0.8333333333333334,0.28820833333333334,0.2916666666666667,1.8333333333333333,2.125,3.625,1.1458333333333333,0.6875,0.0625,1.2916666666666667,5.854166666666667,-0.2916666666666667,48.0
90,221.0,21.221190476190472,0.48871428571428577,0.0,2.3469387755102042,0.6075306122448979,1.469387755102041,3.489795918367347,4.959183673469388,0.6938775510204082,1.2448979591836735,0.5714285714285714,0.3469387755102041,2.183673469387755,8.10204081632653,0.9591836734693877,49.0
91,223.0,10.658619047619048,0.4015142857142857,0.02857142857142857,0.5428571428571428,0.2714285714285714,0.5714285714285714,0.8857142857142857,1.457142857142857,0.4,0.2857142857142857,0.4857142857142857,0.2571428571428571,2.3714285714285714,2.2285714285714286,1.8285714285714285,35.0
92,224.0,37.57726666666667,0.44142,0.31398000000000004,4.24,0.7330199999999999,1.0,2.88,3.88,3.72,1.86,2.5,1.16,2.56,15.6,3.96,50.0
93,226.0,6.514333333333333,0.3,0.0,0.5,0.2,0.6,1.0,1.6,0.1,0.4,0.2,0.1,1.3,1.3,-2.9,10.0
94,228.0,14.60246212121212,0.4142954545454545,0.0,1.4090909090909092,0.34940909090909095,1.1590909090909092,2.0681818181818183,3.227272727272727,0.6363636363636364,0.75,0.36363636363636365,0.2727272727272727,1.4318181818181819,3.9545454545454546,1.1818181818181819,44.0
95,234.0,10.149242424242425,0.3393636363636363,0.09090909090909091,0.7272727272727273,0.3409090909090909,0.2727272727272727,0.36363636363636365,0.6363636363636364,1.0,0.6363636363636364,0.36363636363636365,0.0,1.1818181818181819,2.272727272727273,1.0,11.0
96,238.0,29.17521929824561,0.3996052631578948,0.0,2.1315789473684212,0.49160526315789466,3.026315789473684,4.526315789473684,7.552631578947368,0.9210526315789473,1.5526315789473684,0.8947368421052632,0.42105263157894735,3.8157894736842106,8.552631578947368,-0.8157894736842105,38.0
97,239.0,25.47162162162162,0.3052162162162162,0.2773243243243243,1.6486486486486487,0.5477297297297297,0.13513513513513514,1.162162162162162,1.2972972972972974,3.891891891891892,1.8108108108108107,1.162162162162162,0.10810810810810811,2.2162162162162162,8.0,-5.324324324324325,37.0
98,243.0,19.1773,0.38,0.09666000000000001,0.88,0.32834,0.54,2.26,2.8,2.0,1.14,1.26,0.06,1.8,4.8,-1.32,50.0
99,244.0,28.160884353741494,0.35428571428571426,0.34636734693877547,0.8163265306122449,0.29981632653061224,0.30612244897959184,1.7959183673469388,2.1020408163265305,2.9183673469387754,1.6326530612244898,1.1428571428571428,0.16326530612244897,1.5510204081632653,11.204081632653061,-0.6122448979591837,49.0
100,247.0,29.468070175438594,0.38818421052631585,0.3823684210526315,1.3421052631578947,0.42457894736842106,0.3157894736842105,1.4736842105263157,1.7894736842105263,3.526315789473684,1.394736842105263,0.6052631578947368,0.05263157894736842,1.3421052631578947,11.263157894736842,2.6315789473684212,38.0
101,248.0,30.57817829457364,0.394186046511628,0.1511627906976744,1.2325581395348837,0.3228604651162791,2.558139534883721,3.9302325581395348,6.488372093023256,1.7674418604651163,1.8372093023255813,1.9767441860465116,0.5116279069767442,3.302325581395349,8.279069767441861,2.5348837209302326,43.0
102,251.0,30.225900000000003,0.4147799999999999,0.28298,2.12,0.52648,0.7,3.56,4.26,2.34,1.42,0.52,0.34,2.08,11.22,3.2,50.0
103,252.0,37.37969387755102,0.4929795918367347,0.0,7.714285714285714,0.8098163265306123,2.183673469387755,7.26530612244898,9.448979591836734,4.1020408163265305,3.306122448979592,1.2653061224489797,0.5714285714285714,2.7346938775510203,23.755102040816325,7.224489795918367,49.0
104,255.0,36.99176666666666,0.48018,0.0,5.7,0.7047199999999999,1.3,5.8,7.1,6.0,3.68,1.6,0.54,2.28,21.06,3.84,50.0
105,258.0,31.7465625,0.4893958333333333,0.0,3.8333333333333335,0.6937708333333333,3.6041666666666665,6.1875,9.791666666666666,1.3958333333333333,2.0,0.4375,0.7083333333333334,2.8333333333333335,11.458333333333334,5.416666666666667,48.0
106,265.0,16.893156028368796,0.33895744680851064,0.02127659574468085,0.44680851063829785,0.22340425531914893,0.7659574468085106,1.574468085106383,2.3404255319148937,0.48936170212765956,0.44680851063829785,0.425531914893617,0.3404255319148936,1.553191489361702,3.106382978723404,1.446808510638298,47.0
107,270.0,33.107166666666664,0.413,0.0,0.94,0.395,2.34,4.68,7.02,1.8,0.88,0.92,1.2,1.98,8.86,0.84,50.0
108,271.0,19.0002,0.38573999999999997,0.24666,1.36,0.49201999999999996,0.3,1.2,1.5,0.82,0.82,0.56,0.24,2.52,6.06,-0.62,50.0
109,273.0,5.566666666666666,0.03125,0.0,0.375,0.1875,0.625,0.125,0.75,0.0,0.125,0.125,0.125,0.5,0.625,2.25,8.0
110,275.0,36.2878,0.41790000000000005,0.34854,3.36,0.7317199999999999,0.4,2.64,3.04,2.74,2.6,0.7,0.18,2.3,16.26,1.16,50.0
111,278.0,18.09201388888889,0.36831250000000004,0.0,1.0833333333333333,0.2970625,0.9791666666666666,1.625,2.6041666666666665,1.2083333333333333,0.625,1.1875,0.375,1.6875,4.333333333333333,1.9375,48.0
112,280.0,6.197628205128206,0.2088076923076923,0.0,0.46153846153846156,0.1769230769230769,0.6923076923076923,1.0769230769230769,1.7692307692307692,0.0,0.34615384615384615,0.19230769230769232,0.38461538461538464,1.5769230769230769,1.6153846153846154,-0.07692307692307693,26.0
113,281.0,6.636666666666666,0.24757142857142855,0.0,0.5714285714285714,0.08157142857142856,0.42857142857142855,1.5714285714285714,2.0,0.14285714285714285,0.5714285714285714,0.42857142857142855,0.2857142857142857,1.2857142857142858,2.0,-2.5714285714285716,7.0
114,283.0,35.79942176870748,0.4325714285714286,0.34626530612244893,1.3673469387755102,0.432265306122449,0.5306122448979592,2.8979591836734695,3.4285714285714284,3.938775510204082,1.8775510204081634,1.7551020408163265,0.16326530612244897,2.5714285714285716,11.877551020408163,3.6122448979591835,49.0
115,288.0,19.68117647058823,0.42785294117647055,0.0,2.323529411764706,0.6584411764705882,0.9705882352941176,2.735294117647059,3.7058823529411766,0.5588235294117647,1.0588235294117647,0.6470588235294118,0.35294117647058826,1.411764705882353,8.264705882352942,-0.6764705882352942,34.0
116,292.0,8.53551724137931,0.3339310344827587,0.0,0.4827586206896552,0.1843448275862069,0.896551724137931,1.4137931034482758,2.310344827586207,0.2413793103448276,0.3103448275862069,0.2413793103448276,0.1724137931034483,1.1724137931034482,2.413793103448276,0.9310344827586207,29.0
117,296.0,21.356704545454544,0.42793181818181814,0.24211363636363634,1.5,0.38884090909090907,0.5909090909090909,1.4318181818181819,2.022727272727273,2.022727272727273,1.2727272727272727,0.6363636363636364,0.22727272727272727,2.590909090909091,8.954545454545455,2.1363636363636362,44.0
118,297.0,38.16119565217391,0.5326956521739131,0.0,6.0,0.6239347826086957,3.608695652173913,7.413043478260869,11.021739130434783,1.608695652173913,3.0217391304347827,0.7391304347826086,3.9130434782608696,3.5,20.08695652173913,7.391304347826087,46.0
119,299.0,33.54882978723404,0.45499999999999996,0.30672340425531913,2.978723404255319,0.7053617021276596,1.553191489361702,4.319148936170213,5.872340425531915,2.127659574468085,2.25531914893617,0.9787234042553191,0.8723404255319149,2.425531914893617,18.404255319148938,3.148936170212766,47.0
120,302.0,36.71423611111111,0.3729166666666666,0.26579166666666665,1.4375,0.5060833333333333,0.9375,3.7291666666666665,4.666666666666667,5.791666666666667,2.3958333333333335,2.0625,0.1875,1.2708333333333333,13.333333333333334,4.583333333333333,48.0
121,304.0,28.158333333333335,0.49525999999999987,0.21334,2.74,0.6643600000000001,0.62,2.3,2.92,7.48,2.2,1.62,0.26,2.14,11.06,6.06,50.0
122,317.0,33.70613333333333,0.36443999999999993,0.2738,1.48,0.50534,0.66,2.6,3.26,4.7,1.66,1.38,0.1,2.7,13.8,-1.66,50.0
123,320.0,5.8500000000000005,0.16666666666666666,0.0,0.0,0.0,0.0,0.3333333333333333,0.3333333333333333,0.3333333333333333,0.3333333333333333,0.0,0.0,0.3333333333333333,0.6666666666666666,3.0,3.0
124,323.0,10.897460317460316,0.31364285714285717,0.007928571428571429,0.30952380952380953,0.14285714285714285,0.6666666666666666,1.3095238095238095,1.9761904761904763,0.5952380952380952,0.5714285714285714,0.14285714285714285,0.19047619047619047,1.5,2.8095238095238093,-1.8333333333333333,42.0
125,324.0,28.877976190476186,0.3724285714285714,0.24846428571428575,1.0714285714285714,0.4291785714285714,1.0714285714285714,1.9285714285714286,3.0,2.7857142857142856,1.3571428571428572,1.25,0.21428571428571427,2.142857142857143,9.642857142857142,1.8214285714285714,28.0
126,328.0,7.902604166666666,0.15625,0.0,0.1875,0.09375,0.4375,1.0,1.4375,0.125,0.375,0.3125,0.0625,1.375,0.8125,-2.1875,16.0
127,330.0,23.689733333333333,0.47681999999999997,0.02,1.56,0.5212399999999999,1.24,3.14,4.38,2.26,1.38,0.72,0.76,2.58,9.06,1.04,50.0
128,339.0,36.32604651162791,0.48148837209302325,0.046511627906976744,4.023255813953488,0.7107906976744187,3.046511627906977,5.813953488372093,8.86046511627907,2.813953488372093,2.046511627906977,1.372093023255814,0.4883720930232558,2.5813953488372094,16.953488372093023,2.2325581395348837,43.0
129,341.0,3.7872222222222227,0.0,0.0,0.0,0.0,0.0,0.3333333333333333,0.3333333333333333,0.0,0.0,0.0,0.0,2.0,0.0,-5.666666666666667,3.0
130,344.0,23.1428,0.46001999999999993,0.3655,1.28,0.39492000000000005,0.32,1.78,2.1,4.16,1.76,1.04,0.1,1.28,9.28,0.48,50.0
131,345.0,27.3253,0.4575,0.38348,2.46,0.6744,0.26,2.54,2.8,2.92,1.48,0.96,0.22,1.94,10.5,1.98,50.0
132,348.0,13.37,0.4606774193548387,0.14838709677419354,0.7419354838709677,0.29570967741935483,0.41935483870967744,1.0,1.4193548387096775,0.7096774193548387,0.9354838709677419,0.4838709677419355,0.12903225806451613,1.3225806451612903,5.419354838709677,0.1935483870967742,31.0
133,349.0,28.160442176870745,0.4364897959183673,0.2875918367346939,1.3265306122448979,0.4676734693877551,0.673469387755102,3.0816326530612246,3.7551020408163267,7.877551020408164,2.020408163265306,0.8571428571428571,0.061224489795918366,1.183673469387755,7.612244897959184,4.020408163265306,49.0
134,353.0,30.070199999999996,0.45660000000000006,0.38173999999999997,3.22,0.71384,1.06,2.54,3.6,6.7,3.16,2.16,0.08,1.8,13.8,3.82,50.0
135,356.0,12.178219696969698,0.31370454545454546,0.1825909090909091,0.9090909090909091,0.32954545454545453,1.2272727272727273,1.5227272727272727,2.75,0.5227272727272727,0.4772727272727273,0.36363636363636365,0.25,1.2272727272727273,4.181818181818182,0.8181818181818182,44.0
136,358.0,38.92776666666666,0.40495999999999993,0.24346,2.98,0.57012,1.48,4.2,5.68,5.32,3.0,2.22,0.46,2.22,15.82,2.56,50.0
137,359.0,24.871631944444445,0.4406041666666667,0.15277083333333333,0.8333333333333334,0.29410416666666667,0.75,2.875,3.625,1.1875,0.7916666666666666,0.3333333333333333,0.3958333333333333,2.2083333333333335,8.479166666666666,-0.0625,48.0
138,361.0,34.81306666666667,0.46765999999999996,0.34990000000000004,3.26,0.64678,1.36,3.16,4.52,2.56,1.76,1.5,1.18,3.04,16.38,3.32,50.0
139,363.0,20.9809375,0.3644375,0.03125,2.75,0.47206250000000005,1.3125,2.0625,3.375,1.5,1.1875,0.9375,0.75,1.875,7.5625,0.9375,16.0
140,364.0,31.127982456140355,0.35807894736842105,0.3621315789473684,2.0,0.6283684210526316,0.3157894736842105,2.4210526315789473,2.736842105263158,2.8684210526315788,1.4210526315789473,0.8947368421052632,0.23684210526315788,1.2105263157894737,12.078947368421053,2.5789473684210527,38.0
141,365.0,18.781282051282055,0.33084615384615385,0.0,1.0769230769230769,0.3269230769230769,1.3846153846153846,1.7692307692307692,3.1538461538461537,1.0,0.9230769230769231,0.9230769230769231,0.3076923076923077,1.8461538461538463,4.615384615384615,2.6153846153846154,13.0
142,368.0,4.14,0.125,0.0,0.1875,0.09375,0.4375,0.75,1.1875,0.5,0.625,0.0,0.1875,1.0625,0.6875,-2.875,16.0
143,369.0,31.06773333333333,0.40948000000000007,0.33163999999999993,1.1,0.30096000000000006,0.46,2.98,3.44,5.42,2.62,2.06,0.16,2.1,7.56,1.54,50.0
144,371.0,29.473333333333333,0.375,0.5,1.0,0.5,3.0,1.0,4.0,0.0,3.0,1.0,0.0,3.0,9.0,-7.0,1.0
145,375.0,29.41659574468085,0.3986808510638297,0.3629148936170212,2.3617021276595747,0.5918936170212766,1.2553191489361701,2.9148936170212765,4.170212765957447,2.2127659574468086,2.021276595744681,0.5319148936170213,0.19148936170212766,2.127659574468085,13.851063829787234,0.40425531914893614,47.0
146,376.0,12.500326086956521,0.39893478260869564,0.0,0.2391304347826087,0.1358695652173913,0.9782608695652174,2.0434782608695654,3.0217391304347827,0.30434782608695654,0.34782608695652173,0.2608695652173913,0.5869565217391305,2.3260869565217392,2.0652173913043477,-0.2608695652173913,46.0
147,381.0,16.448870967741932,0.30935483870967745,0.23548387096774193,0.9032258064516129,0.3602258064516129,0.5806451612903226,1.4193548387096775,2.0,1.8064516129032258,1.4193548387096775,0.7096774193548387,0.25806451612903225,1.935483870967742,5.903225806451613,-1.903225806451613,31.0
148,383.0,32.15216666666666,0.37660000000000005,0.04,2.28,0.5220199999999999,1.22,3.66,4.88,2.46,1.42,2.68,0.52,3.24,11.76,-2.82,50.0
149,384.0,25.329099999999997,0.38721999999999995,0.07666,0.66,0.25542,0.66,2.16,2.82,1.46,0.84,0.78,0.32,2.92,7.7,-0.88,50.0
150,386.0,8.37290476190476,0.3033428571428572,0.1762,0.2857142857142857,0.13334285714285712,0.2,0.7714285714285715,0.9714285714285714,1.3428571428571427,0.9714285714285714,0.5714285714285714,0.0,0.7142857142857143,2.8,-1.5142857142857142,35.0
151,389.0,37.642575757575756,0.42138636363636367,0.2551136363636364,3.6136363636363638,0.6732272727272727,1.4772727272727273,5.568181818181818,7.045454545454546,5.340909090909091,2.75,1.1136363636363635,0.25,1.8636363636363635,18.818181818181817,-3.6363636363636362,44.0
152,393.0,37.12969696969697,0.4122954545454546,0.15529545454545454,4.0,0.6628409090909091,1.2727272727272727,3.5454545454545454,4.818181818181818,9.863636363636363,3.227272727272727,1.7272727272727273,0.11363636363636363,2.0681818181818183,15.681818181818182,-0.45454545454545453,44.0
153,397.0,35.76286666666667,0.4415,0.35418000000000005,4.52,0.84238,0.5,2.2,2.7,2.24,1.52,0.74,0.18,2.02,18.4,3.76,50.0
154,399.0,8.727592592592593,0.32269444444444445,0.0,0.9444444444444444,0.375,0.9166666666666666,1.0833333333333333,2.0,0.25,0.5833333333333334,0.05555555555555555,0.25,1.6944444444444444,2.7222222222222223,-1.2777777777777777,36.0
155,400.0,15.912348484848485,0.3828409090909091,0.0,1.6136363636363635,0.4969090909090909,1.5,2.159090909090909,3.659090909090909,0.38636363636363635,0.8409090909090909,0.3409090909090909,0.1590909090909091,1.4545454545454546,5.068181818181818,1.5227272727272727,44.0
156,406.0,34.7524149659864,0.5816122448979593,0.0,5.489795918367347,0.5286734693877551,3.816326530612245,6.8979591836734695,10.714285714285714,2.326530612244898,2.489795918367347,0.7346938775510204,1.6734693877551021,3.163265306122449,26.306122448979593,4.591836734693878,49.0
157,416.0,6.01111111111111,0.111,0.0,0.6666666666666666,0.16666666666666666,1.3333333333333333,0.6666666666666666,2.0,0.0,0.3333333333333333,0.0,0.0,0.6666666666666666,1.3333333333333333,1.0,3.0
158,417.0,26.910700000000002,0.38447999999999993,0.13,2.52,0.6079399999999999,1.1,2.54,3.64,1.96,0.68,0.7,0.32,2.22,11.22,-0.1,50.0
159,420.0,34.03138888888889,0.4138,0.0,1.6,0.4736,4.9,7.1,12.0,1.1,1.5333333333333334,0.8,2.0,4.2,8.066666666666666,-3.7,30.0
160,422.0,33.4674,0.48147999999999996,0.02,1.0,0.27616,0.44,1.92,2.36,7.38,2.24,1.02,0.22,2.02,9.74,5.98,50.0
161,423.0,16.18715277777778,0.3589166666666667,0.010416666666666666,0.7708333333333334,0.2413125,1.0833333333333333,2.6458333333333335,3.7291666666666665,0.6666666666666666,1.2916666666666667,0.6666666666666666,0.20833333333333334,2.4583333333333335,5.666666666666667,-1.0,48.0
162,426.0,15.63373873873874,0.4454864864864865,0.0,0.7567567567567568,0.3288378378378378,1.3513513513513513,2.4054054054054053,3.7567567567567566,0.2702702702702703,0.43243243243243246,0.2972972972972973,0.08108108108108109,2.135135135135135,3.4054054054054053,-0.6486486486486487,37.0
163,428.0,28.13311111111111,0.4135666666666667,0.0,1.8333333333333333,0.46360000000000007,0.5333333333333333,1.4,1.9333333333333333,4.133333333333334,2.033333333333333,0.9,0.1,1.8,8.233333333333333,-4.466666666666667,30.0
164,431.0,35.02849206349207,0.5067857142857143,0.023809523809523808,7.309523809523809,0.7638571428571429,3.119047619047619,6.119047619047619,9.238095238095237,2.4047619047619047,3.0238095238095237,1.1428571428571428,1.0714285714285714,3.7857142857142856,20.523809523809526,0.5952380952380952,42.0
165,432.0,15.044239130434784,0.33339130434782605,0.2771304347826087,0.30434782608695654,0.16304347826086957,0.6304347826086957,1.9130434782608696,2.5434782608695654,0.6521739130434783,0.6086956521739131,0.4782608695652174,0.2608695652173913,1.1304347826086956,3.608695652173913,-1.5,46.0
166,435.0,4.066666666666666,1.0,0.0,0.5,0.25,0.0,0.5,0.5,0.5,0.0,0.0,0.0,1.0,2.5,1.5,2.0
167,436.0,39.83351851851851,0.47550000000000003,0.0,3.0555555555555554,0.6146666666666667,2.5277777777777777,5.638888888888889,8.166666666666666,2.9722222222222223,2.638888888888889,1.1666666666666667,0.3888888888888889,3.611111111111111,19.0,-2.3055555555555554,36.0
168,441.0,26.2921,0.39932,0.23794,2.52,0.62678,1.18,2.72,3.9,1.22,1.98,1.16,0.4,2.14,12.24,-6.02,50.0
169,445.0,29.84755555555556,0.4346888888888888,0.2972444444444444,0.7111111111111111,0.2759333333333333,0.4222222222222222,2.7333333333333334,3.1555555555555554,1.7777777777777777,0.9111111111111111,0.8222222222222222,0.35555555555555557,1.1555555555555554,11.177777777777777,-1.9777777777777779,45.0
170,446.0,16.71074074074074,0.39908333333333335,0.09955555555555556,1.0,0.33936111111111106,0.5833333333333334,1.2777777777777777,1.8611111111111112,0.8611111111111112,0.5,0.5,0.19444444444444445,1.4444444444444444,5.361111111111111,1.2777777777777777,36.0
171,448.0,27.422365591397842,0.4425483870967742,0.0,1.1290322580645162,0.29593548387096774,1.7419354838709677,3.6451612903225805,5.387096774193548,1.8064516129032258,1.8709677419354838,1.2903225806451613,1.3870967741935485,2.5483870967741935,6.548387096774194,-0.03225806451612903,31.0
172,452.0,34.184068627450976,0.4319411764705882,0.0,2.1176470588235294,0.36744117647058827,2.5294117647058822,3.676470588235294,6.205882352941177,1.6470588235294117,2.235294117647059,0.9411764705882353,1.0,3.5588235294117645,13.764705882352942,1.6470588235294117,34.0
173,456.0,19.84006666666667,0.33954000000000006,0.29256,0.48,0.21034,0.34,2.3,2.64,1.2,0.82,0.4,0.16,1.8,6.06,-0.3,50.0
174,457.0,18.378968253968253,0.3366190476190476,0.0,0.7619047619047619,0.2761904761904762,1.5714285714285714,2.857142857142857,4.428571428571429,0.6190476190476191,0.8095238095238095,0.23809523809523808,0.5714285714285714,2.0476190476190474,3.8095238095238093,-2.6666666666666665,21.0
175,458.0,20.7691,0.44569999999999993,0.21,1.34,0.5309999999999999,0.24,1.64,1.88,3.7,2.18,0.6,0.04,2.44,7.36,0.78,50.0
176,461.0,11.304444444444444,0.30088888888888893,0.0,0.7777777777777778,0.3472222222222222,1.5555555555555556,1.3333333333333333,2.888888888888889,0.8333333333333334,0.3888888888888889,0.2777777777777778,0.0,1.7222222222222223,3.0,2.1666666666666665,18.0
177,462.0,25.15313008130081,0.4309268292682927,0.0,2.5609756097560976,0.553219512195122,1.0975609756097562,4.073170731707317,5.170731707317073,1.170731707317073,1.2439024390243902,0.9024390243902439,0.24390243902439024,3.292682926829268,9.0,-0.8780487804878049,41.0
178,467.0,41.26533333333334,0.44245999999999996,0.33402,3.62,0.6777599999999999,1.74,5.04,6.78,10.78,3.0,2.28,0.38,2.16,16.92,4.28,50.0
179,468.0,17.1372480620155,0.34188372093023256,0.19534883720930232,1.6511627906976745,0.48823255813953487,0.5813953488372093,1.6511627906976745,2.2325581395348837,2.604651162790698,1.0930232558139534,1.2325581395348837,0.11627906976744186,1.4186046511627908,4.953488372093023,1.8604651162790697,43.0
180,469.0,35.567708333333336,0.457125,0.34025,3.125,0.6452083333333333,1.0,5.083333333333333,6.083333333333333,3.125,2.5,0.8333333333333334,0.125,2.4166666666666665,14.833333333333334,3.9166666666666665,24.0
181,672.0,10.04260162601626,0.3153414634146341,0.2511951219512195,0.17073170731707318,0.07317073170731707,0.21951219512195122,0.8048780487804879,1.024390243902439,0.43902439024390244,0.34146341463414637,0.3170731707317073,0.0975609756097561,0.6829268292682927,2.8536585365853657,-0.07317073170731707,41.0
182,673.0,30.043377192982454,0.45039473684210524,0.0,2.6315789473684212,0.6141842105263158,2.6315789473684212,3.9473684210526314,6.578947368421052,0.7105263157894737,1.5263157894736843,0.868421052631579,0.5,2.526315789473684,12.473684210526315,-1.8157894736842106,38.0
183,674.0,10.864691358024693,0.20500000000000002,0.0,0.7777777777777778,0.25462962962962965,1.0,1.1851851851851851,2.185185185185185,1.5185185185185186,0.5185185185185185,0.4444444444444444,0.18518518518518517,1.4074074074074074,1.8888888888888888,0.2962962962962963,27.0
184,677.0,20.40859649122807,0.34768421052631576,0.061394736842105266,2.9210526315789473,0.5593947368421053,0.8947368421052632,1.236842105263158,2.1315789473684212,0.9736842105263158,1.2894736842105263,0.7105263157894737,0.21052631578947367,2.0,7.2894736842105265,-4.131578947368421,38.0
185,679.0,24.996523809523808,0.42668571428571433,0.0,1.7714285714285714,0.5051428571428571,2.257142857142857,3.6,5.857142857142857,0.5142857142857142,2.142857142857143,0.6857142857142857,0.2571428571428571,3.2285714285714286,8.8,-2.0285714285714285,35.0
186,682.0,16.8138,0.30964,0.09,1.3,0.32528,0.42,1.62,2.04,3.04,1.34,0.92,0.28,1.96,4.28,-1.76,50.0
187,684.0,5.018333333333333,0.15471428571428572,0.07142857142857142,0.07142857142857142,0.03571428571428571,0.2857142857142857,0.8571428571428571,1.1428571428571428,0.07142857142857142,0.2857142857142857,0.0,0.21428571428571427,1.5714285714285714,1.1428571428571428,-0.14285714285714285,14.0
188,685.0,23.255,0.4385208333333333,0.0,0.625,0.22533333333333336,1.5625,3.5,5.0625,0.75,1.0208333333333333,0.5833333333333334,0.5833333333333334,2.375,5.541666666666667,-5.375,48.0
189,686.0,38.74849999999999,0.46704,0.01,4.6,0.61922,3.36,7.38,10.74,1.64,2.76,1.46,2.3,3.5,21.22,-5.04,50.0
190,688.0,22.850933333333334,0.41387999999999997,0.02,1.26,0.41598,0.38,1.78,2.16,1.56,0.74,0.84,0.14,2.7,4.88,-0.6,50.0
191,689.0,32.5267,0.4665000000000001,0.0,3.32,0.6962600000000001,2.78,5.36,8.14,0.6,1.84,0.9,2.98,3.6,11.2,1.1,50.0
192,690.0,19.90833333333333,0.4892553191489361,0.0,1.0212765957446808,0.2947872340425532,1.4042553191489362,2.2127659574468086,3.617021276595745,0.7021276595744681,0.7659574468085106,0.574468085106383,0.9148936170212766,3.3191489361702127,5.148936170212766,2.3191489361702127,47.0
193,692.0,23.442198581560284,0.49976595744680835,0.0,2.021276595744681,0.5485531914893617,2.2127659574468086,3.2127659574468086,5.425531914893617,0.6595744680851063,1.148936170212766,1.0638297872340425,0.6170212765957447,3.425531914893617,7.8936170212765955,-1.0425531914893618,47.0
194,693.0,33.01496124031008,0.4286279069767442,0.0,3.302325581395349,0.6364186046511627,3.5813953488372094,4.651162790697675,8.232558139534884,1.5813953488372092,1.5348837209302326,0.7441860465116279,1.5348837209302326,3.4186046511627906,13.674418604651162,0.5581395348837209,43.0
195,694.0,24.63113636363637,0.41124999999999995,0.3437727272727273,1.1590909090909092,0.4227272727272728,0.3181818181818182,1.8409090909090908,2.159090909090909,1.25,0.75,0.7954545454545454,0.09090909090909091,2.1363636363636362,10.727272727272727,-1.0227272727272727,44.0
196,695.0,16.115151515151517,0.3149318181818182,0.2382045454545455,0.7727272727272727,0.2784090909090909,0.45454545454545453,1.2954545454545454,1.75,2.0681818181818183,1.3181818181818181,0.38636363636363635,0.022727272727272728,1.5,5.045454545454546,-1.2045454545454546,44.0
197,696.0,21.304013605442176,0.3951632653061225,0.216,1.4285714285714286,0.46069387755102037,0.3877551020408163,1.2448979591836735,1.6326530612244898,3.4489795918367347,1.2653061224489797,0.8571428571428571,0.08163265306122448,2.2653061224489797,7.061224489795919,0.0,49.0
198,697.0,7.229305555555555,0.21808333333333332,0.020833333333333332,0.5,0.25,0.16666666666666666,0.75,0.9166666666666666,0.3333333333333333,0.25,0.0,0.0,0.9166666666666666,1.5833333333333333,-0.08333333333333333,12.0
199,698.0,6.033333333333334,0.4443333333333334,0.0,0.0,0.0,0.0,0.6666666666666666,0.6666666666666666,0.3333333333333333,0.6666666666666666,0.0,0.0,1.0,4.0,-2.6666666666666665,3.0
200,699.0,31.921261261261265,0.39486486486486483,0.2911351351351351,2.108108108108108,0.554081081081081,1.054054054054054,2.8378378378378377,3.891891891891892,3.135135135135135,1.945945945945946,1.135135135135135,0.2972972972972973,2.6486486486486487,11.135135135135135,-6.8108108108108105,37.0
201,702.0,15.681111111111107,0.3935833333333334,0.27725,0.6666666666666666,0.31949999999999995,0.3333333333333333,1.0,1.3333333333333333,0.8333333333333334,0.5833333333333334,0.25,0.08333333333333333,1.5,6.833333333333333,-3.3333333333333335,12.0
202,703.0,23.636066666666665,0.4439,0.0,1.32,0.40568,1.64,4.08,5.72,1.1,1.46,0.9,0.34,3.18,8.12,-0.32,50.0
203,704.0,8.0375,0.2604166666666667,0.16666666666666666,0.5833333333333334,0.3125,0.16666666666666666,0.9166666666666666,1.0833333333333333,0.6666666666666666,0.4166666666666667,0.4166666666666667,0.0,0.8333333333333334,3.0833333333333335,-0.75,12.0
204,707.0,8.82875,0.20825,0.0,1.25,0.375,0.5,1.25,1.75,0.25,1.75,0.25,0.0,3.0,2.25,-2.25,4.0
205,708.0,37.85088652482269,0.4734255319148936,0.07446808510638298,3.0851063829787235,0.6028085106382978,3.5319148936170213,6.872340425531915,10.404255319148936,4.297872340425532,2.872340425531915,1.6595744680851063,1.7659574468085106,3.234042553191489,20.78723404255319,1.6170212765957446,47.0
206,710.0,9.49121212121212,0.5545454545454546,0.0,0.9090909090909091,0.45454545454545453,1.1818181818181819,1.9090909090909092,3.090909090909091,0.09090909090909091,1.0,0.18181818181818182,0.7272727272727273,2.0,3.4545454545454546,-0.09090909090909091,11.0
207,711.0,28.306269841269845,0.35033333333333333,0.2367142857142857,5.0,0.8114761904761905,0.6190476190476191,1.9285714285714286,2.5476190476190474,2.8095238095238093,2.880952380952381,0.8095238095238095,0.4523809523809524,1.880952380952381,14.452380952380953,0.5,42.0
208,712.0,6.2444444444444445,0.2776666666666667,0.0,1.0,0.5,0.6666666666666666,1.0,1.6666666666666667,0.0,0.3333333333333333,0.3333333333333333,0.0,1.3333333333333333,2.3333333333333335,-3.3333333333333335,3.0
209,713.0,11.427094017094017,0.2868205128205128,0.24130769230769233,0.6923076923076923,0.20641025641025643,0.5897435897435898,1.2307692307692308,1.8205128205128205,0.5897435897435898,0.717948717948718,0.20512820512820512,0.05128205128205128,1.1538461538461537,5.3076923076923075,-1.5384615384615385,39.0
210,714.0,41.10486666666666,0.43764000000000003,0.2784,3.72,0.7247999999999999,1.38,3.88,5.26,4.36,2.14,1.32,0.3,1.92,20.18,-1.24,50.0
211,715.0,7.108333333333333,0.3352857142857143,0.0,0.35714285714285715,0.21428571428571427,0.5,1.0714285714285714,1.5714285714285714,0.0,0.14285714285714285,0.07142857142857142,0.14285714285714285,1.2142857142857142,2.2142857142857144,-3.142857142857143,14.0
212,717.0,26.978633333333327,0.48674,0.11,2.7,0.61424,1.76,6.1,7.86,2.38,1.7,0.68,1.26,2.94,12.12,3.18,50.0
213,718.0,30.228777777777776,0.4558444444444444,0.0,3.2222222222222223,0.5313999999999999,2.8222222222222224,4.977777777777778,7.8,1.711111111111111,1.4666666666666666,0.6444444444444445,0.5111111111111111,2.7111111111111112,15.977777777777778,-0.8888888888888888,45.0
214,722.0,27.50926666666667,0.48153999999999997,0.02,2.4,0.61422,1.7,2.42,4.12,1.32,1.5,0.6,0.16,2.36,13.18,-1.28,50.0
215,724.0,21.488194444444442,0.36875,0.20825,1.0277777777777777,0.44213888888888886,0.19444444444444445,1.8611111111111112,2.0555555555555554,3.3055555555555554,1.9166666666666667,0.9722222222222222,0.1388888888888889,2.138888888888889,7.25,-0.25,36.0
216,727.0,35.770694444444445,0.43016666666666675,0.07985416666666667,2.2916666666666665,0.5928749999999999,0.5208333333333334,2.8541666666666665,3.375,6.270833333333333,2.3125,2.0833333333333335,0.020833333333333332,3.1041666666666665,8.604166666666666,2.6666666666666665,48.0
217,731.0,27.962152777777774,0.47881250000000003,0.0,1.5625,0.438,2.1875,5.0625,7.25,0.4791666666666667,0.9375,0.25,2.7291666666666665,2.9166666666666665,5.6875,6.645833333333333,48.0
218,735.0,28.117399999999996,0.38816,0.0,2.68,0.54976,2.0,3.52,5.52,1.48,1.88,0.52,0.32,4.12,10.84,-6.6,25.0
219,739.0,28.859557823129247,0.5134489795918367,0.1666734693877551,2.673469387755102,0.5860408163265306,1.163265306122449,3.7551020408163267,4.918367346938775,1.2244897959183674,1.6326530612244898,0.9795918367346939,1.1020408163265305,3.5714285714285716,12.816326530612244,6.122448979591836,49.0
220,753.0,29.337991452991453,0.4037435897435897,0.0,2.051282051282051,0.5373076923076923,0.6923076923076923,2.6923076923076925,3.3846153846153846,3.8205128205128207,2.051282051282051,1.7435897435897436,0.20512820512820512,2.41025641025641,8.820512820512821,-6.153846153846154,39.0
221,754.0,24.010714285714286,0.40297959183673476,0.19216326530612246,1.7346938775510203,0.5656530612244898,0.7346938775510204,2.510204081632653,3.2448979591836733,2.6122448979591835,1.6734693877551021,0.8775510204081632,0.12244897959183673,1.6326530612244898,8.448979591836734,4.6938775510204085,49.0
222,757.0,33.4905,0.38696,0.27488,1.78,0.52278,0.82,2.52,3.34,6.24,2.2,0.98,0.08,1.62,12.62,1.72,50.0
223,760.0,15.596333333333334,0.29615555555555556,0.06666666666666667,0.13333333333333333,0.05,0.9333333333333333,1.9555555555555555,2.888888888888889,0.9111111111111111,0.6666666666666666,0.8222222222222222,0.3111111111111111,2.0444444444444443,3.2222222222222223,2.111111111111111,45.0
224,761.0,30.788333333333334,0.46282,0.02,2.82,0.68636,2.74,4.5,7.24,1.16,2.02,0.78,0.8,3.14,13.48,3.28,50.0
225,762.0,26.42904761904762,0.4914285714285715,0.0,1.7551020408163265,0.5654081632653061,2.6530612244897958,5.346938775510204,8.0,0.8163265306122449,1.1428571428571428,0.7142857142857143,3.2448979591836733,3.122448979591837,8.571428571428571,2.7346938775510203,49.0
226,763.0,26.681279069767445,0.467046511627907,0.0,2.395348837209302,0.5216046511627908,1.930232558139535,4.046511627906977,5.976744186046512,0.5348837209302325,1.4883720930232558,0.6046511627906976,0.9069767441860465,2.511627906976744,11.186046511627907,-4.744186046511628,43.0
227,764.0,31.68887755102041,0.5093673469387756,0.0,4.877551020408164,0.6335510204081632,3.020408163265306,7.020408163265306,10.040816326530612,2.1020408163265305,2.204081632653061,1.4081632653061225,2.4285714285714284,2.9183673469387754,15.816326530612244,6.755102040816326,49.0
228,765.0,32.89353333333333,0.40062,0.27,2.38,0.72014,1.02,3.0,4.02,2.46,1.6,1.6,0.36,1.8,10.32,2.04,50.0
229,766.0,4.478666666666667,0.1625,0.0,0.0,0.0,0.15,0.25,0.4,0.25,0.3,0.2,0.0,0.5,0.7,0.8,20.0
230,769.0,11.127812500000001,0.3149375,0.125,0.5625,0.24740625,0.0625,1.15625,1.21875,1.90625,0.78125,0.375,0.0,0.96875,3.28125,-0.96875,32.0
231,770.0,10.084965986394556,0.22073469387755104,0.0,0.32653061224489793,0.11395918367346938,1.0,1.5510204081632653,2.5510204081632653,0.2653061224489796,0.32653061224489793,0.08163265306122448,0.4489795918367347,1.6326530612244898,1.2244897959183674,-1.2857142857142858,49.0
232,777.0,15.348333333333333,0.3001818181818182,0.21966666666666668,0.5757575757575758,0.2727272727272727,0.30303030303030304,1.2121212121212122,1.5151515151515151,1.7575757575757576,0.9696969696969697,0.30303030303030304,0.09090909090909091,1.9090909090909092,3.0606060606060606,0.9393939393939394,33.0
233,779.0,36.49141975308642,0.4263333333333333,0.3874814814814815,2.8518518518518516,0.6561111111111111,0.3333333333333333,3.3333333333333335,3.6666666666666665,2.6296296296296298,1.6666666666666667,0.6296296296296297,0.2222222222222222,2.4814814814814814,17.48148148148148,2.037037037037037,27.0
234,781.0,12.063288288288287,0.4460810810810811,0.0,0.3783783783783784,0.1891891891891892,0.8918918918918919,2.8378378378378377,3.72972972972973,0.4864864864864865,0.5945945945945946,0.24324324324324326,0.2702702702702703,1.7027027027027026,2.4324324324324325,0.5945945945945946,37.0
235,782.0,38.247299999999996,0.40582000000000007,0.28764,5.02,0.8241600000000001,0.6,2.84,3.44,2.44,2.72,1.28,0.2,2.42,19.66,-2.02,50.0
236,785.0,26.748666666666665,0.33060000000000006,0.29446666666666665,1.4,0.35113333333333335,0.2,2.1333333333333333,2.3333333333333335,4.4,1.9333333333333333,1.4666666666666666,0.13333333333333333,2.3333333333333335,7.933333333333334,-1.4666666666666666,15.0
237,786.0,9.541111111111112,0.0,0.0,0.6666666666666666,0.3333333333333333,0.0,0.3333333333333333,0.3333333333333333,0.3333333333333333,1.0,0.0,0.0,1.0,0.6666666666666666,0.3333333333333333,3.0
238,787.0,36.25384920634921,0.48326190476190484,0.03373809523809524,4.571428571428571,0.6723095238095238,3.9761904761904763,8.30952380952381,12.285714285714286,4.571428571428571,2.380952380952381,1.0238095238095237,0.30952380952380953,2.119047619047619,16.095238095238095,3.1904761904761907,42.0
239,788.0,28.97805555555555,0.4038809523809524,0.0,3.0952380952380953,0.7463809523809524,2.5952380952380953,5.738095238095238,8.333333333333334,1.5952380952380953,2.0476190476190474,0.6666666666666666,0.6666666666666666,3.1904761904761907,12.0,-1.7857142857142858,42.0
240,891.0,32.67693333333333,0.42211999999999994,0.02,1.34,0.47084000000000004,1.92,5.56,7.48,3.36,1.92,0.92,0.42,3.64,6.96,-0.1,50.0
241,895.0,22.747375886524825,0.3456382978723405,0.21838297872340423,1.1063829787234043,0.3624255319148936,0.7872340425531915,2.297872340425532,3.0851063829787235,0.9148936170212766,0.9148936170212766,0.6595744680851063,0.14893617021276595,1.574468085106383,7.48936170212766,1.9148936170212767,47.0
242,896.0,36.835486111111116,0.40825,0.35822916666666665,2.5208333333333335,0.6200416666666667,0.3125,2.8541666666666665,3.1666666666666665,7.333333333333333,2.7291666666666665,1.1875,0.125,2.125,17.395833333333332,4.895833333333333,48.0
243,898.0,11.889375000000001,0.33816666666666667,0.10416666666666667,0.375,0.1875,0.2916666666666667,1.0833333333333333,1.375,1.25,0.875,0.7083333333333334,0.20833333333333334,0.9583333333333334,3.2083333333333335,-0.5416666666666666,24.0
244,901.0,31.402482993197278,0.5298367346938776,0.0,1.510204081632653,0.4836326530612245,1.9591836734693877,4.857142857142857,6.816326530612245,2.061224489795918,1.7959183673469388,0.8571428571428571,0.3877551020408163,4.0,11.306122448979592,-1.9387755102040816,49.0
245,902.0,26.541527777777777,0.4112291666666666,0.09027083333333334,1.7291666666666667,0.5873125,0.4375,2.0,2.4375,4.625,1.7083333333333333,0.9375,0.22916666666666666,2.3541666666666665,9.479166666666666,-0.8541666666666666,48.0
246,904.0,23.549799999999994,0.47182,0.4350200000000001,1.6,0.61934,0.5,2.7,3.2,1.62,1.2,0.94,0.26,2.02,10.14,2.56,50.0
247,905.0,27.50283333333333,0.52298,0.0,1.52,0.5196200000000001,3.1,5.22,8.32,0.44,0.86,0.4,1.14,2.3,7.96,2.96,50.0
248,906.0,28.063275862068966,0.4283448275862069,0.2884827586206896,1.2758620689655173,0.4373448275862069,0.4827586206896552,3.0344827586206895,3.5172413793103448,5.931034482758621,2.1724137931034484,1.103448275862069,0.034482758620689655,1.8275862068965518,6.896551724137931,1.7586206896551724,29.0
249,907.0,23.599731182795697,0.3913225806451613,0.1774193548387097,1.7741935483870968,0.5752580645161289,0.7419354838709677,2.225806451612903,2.967741935483871,1.1612903225806452,1.064516129032258,0.967741935483871,0.16129032258064516,2.193548387096774,8.096774193548388,-1.6451612903225807,31.0
250,911.0,20.537666666666663,0.48238,0.0,1.28,0.44226,2.4,4.0,6.4,0.38,0.94,0.58,1.14,3.02,5.12,-0.8,50.0
251,913.0,33.45544217687074,0.43808163265306127,0.31189795918367347,2.7346938775510203,0.6818571428571429,1.8571428571428572,3.938775510204082,5.795918367346939,2.4285714285714284,1.816326530612245,0.6938775510204082,0.20408163265306123,3.0,11.979591836734693,2.306122448979592,49.0
252,914.0,5.333333333333333,0.3,0.0,0.6666666666666666,0.11116666666666668,0.6666666666666666,1.1666666666666667,1.8333333333333333,0.0,0.6666666666666666,0.0,0.16666666666666666,0.3333333333333333,2.3333333333333335,2.5,6.0
253,915.0,20.61070921985816,0.4457872340425532,0.20212765957446807,1.446808510638298,0.39165957446808514,1.3829787234042554,2.425531914893617,3.8085106382978724,1.6382978723404256,1.4042553191489362,1.0,0.46808510638297873,2.978723404255319,7.404255319148936,-4.425531914893617,47.0
254,916.0,15.618578431372548,0.3401176470588235,0.0,0.8235294117647058,0.30917647058823533,1.7058823529411764,2.735294117647059,4.4411764705882355,0.35294117647058826,0.6176470588235294,0.5588235294117647,0.47058823529411764,2.176470588235294,2.9411764705882355,1.088235294117647,34.0
255,919.0,13.026981981981981,0.29110810810810805,0.0,0.24324324324324326,0.0991081081081081,0.972972972972973,2.972972972972973,3.945945945945946,0.2972972972972973,0.4594594594594595,0.40540540540540543,0.16216216216216217,1.4594594594594594,3.4324324324324325,-0.05405405405405406,37.0
256,920.0,18.46676666666667,0.37622,0.0,0.6,0.23166,1.64,2.92,4.56,0.5,0.38,0.56,0.16,1.38,4.92,-1.64,50.0
257,922.0,29.770034013605446,0.45765306122448973,0.0,3.510204081632653,0.5518163265306123,2.5714285714285716,5.530612244897959,8.10204081632653,1.4081632653061225,1.6326530612244898,0.7959183673469388,1.489795918367347,3.2448979591836733,12.571428571428571,0.04081632653061224,49.0
258,923.0,26.030590277777776,0.39075,0.30139583333333336,1.8333333333333333,0.5629583333333333,2.3958333333333335,4.729166666666667,7.125,1.375,1.6666666666666667,0.9791666666666666,0.7708333333333334,2.5625,11.041666666666666,-0.375,48.0
259,931.0,21.457156862745098,0.31970588235294123,0.21470588235294116,2.9411764705882355,0.48058823529411765,1.0588235294117647,2.764705882352941,3.823529411764706,0.9411764705882353,1.4705882352941178,0.29411764705882354,0.29411764705882354,2.0,10.882352941176471,-3.2941176470588234,17.0
260,932.0,8.627500000000001,0.54175,0.0,0.0,0.0,1.75,0.25,2.0,0.0,1.0,0.0,0.5,0.75,2.5,-3.25,4.0
261,934.0,31.861396396396398,0.3999189189189189,0.11262162162162162,3.864864864864865,0.7675405405405404,2.054054054054054,6.8108108108108105,8.864864864864865,2.108108108108108,2.4324324324324325,0.6486486486486487,1.135135135135135,2.5945945945945947,13.135135135135135,-2.5405405405405403,37.0
262,935.0,35.33836666666666,0.46763999999999994,0.3273,2.72,0.6384399999999999,1.3,4.02,5.32,1.48,1.52,1.52,0.3,3.08,12.44,6.24,50.0
263,937.0,40.2646,0.42498,0.3172,2.64,0.5943799999999999,1.26,5.2,6.46,5.86,3.18,1.96,0.74,2.36,14.52,1.26,50.0
264,938.0,9.946851851851854,0.09444444444444444,0.0,0.7777777777777778,0.3055555555555556,0.5555555555555556,1.7777777777777777,2.3333333333333335,0.2222222222222222,1.1111111111111112,0.4444444444444444,0.6666666666666666,1.6666666666666667,1.6666666666666667,-5.666666666666667,9.0
265,947.0,41.483125,0.4017916666666667,0.2710416666666666,7.416666666666667,0.7439166666666667,1.375,3.5416666666666665,4.916666666666667,4.645833333333333,3.4791666666666665,2.2916666666666665,0.14583333333333334,2.0416666666666665,26.75,3.8958333333333335,48.0
266,948.0,20.572499999999998,0.48465217391304344,0.0,1.2391304347826086,0.3992608695652174,2.217391304347826,3.282608695652174,5.5,0.2608695652173913,0.8478260869565217,0.6304347826086957,1.608695652173913,2.847826086956522,7.1521739130434785,-0.8478260869565217,46.0
267,949.0,40.39646666666667,0.43048000000000003,0.16333999999999999,7.38,0.8308,2.28,5.2,7.48,3.44,3.72,1.38,1.1,2.74,23.04,-7.22,50.0
268,950.0,38.64857142857143,0.4308163265306123,0.2954897959183673,4.530612244897959,0.7439387755102042,0.7551020408163265,2.142857142857143,2.8979591836734695,8.918367346938776,3.3469387755102042,1.2040816326530612,0.16326530612244897,2.5510204081632653,21.306122448979593,1.7959183673469388,49.0
269,951.0,34.37606666666667,0.44667999999999997,0.38647999999999993,3.52,0.7474200000000001,1.14,3.1,4.24,3.56,2.44,1.06,0.14,2.34,17.12,2.4,50.0
270,952.0,36.91373015873016,0.4114761904761905,0.3218809523809524,2.6904761904761907,0.5090476190476191,2.5238095238095237,6.023809523809524,8.547619047619047,3.0952380952380953,2.8333333333333335,1.5,0.6666666666666666,3.380952380952381,18.666666666666668,-4.738095238095238,42.0
271,953.0,23.633437499999996,0.47427083333333336,0.0,1.6875,0.5453333333333333,2.9583333333333335,4.5625,7.520833333333333,0.6875,1.0,0.5416666666666666,0.75,3.375,6.645833333333333,-3.4791666666666665,48.0
272,954.0,34.19170289855072,0.36317391304347824,0.27171739130434786,1.9130434782608696,0.5779347826086957,1.1304347826086956,3.0217391304347827,4.1521739130434785,2.5217391304347827,1.434782608695652,1.7173913043478262,0.5652173913043478,1.7826086956521738,12.869565217391305,-5.695652173913044,46.0
273,955.0,14.537264957264956,0.40199999999999997,0.0,1.358974358974359,0.38153846153846155,1.1794871794871795,2.4871794871794872,3.6666666666666665,0.15384615384615385,0.9487179487179487,0.23076923076923078,0.41025641025641024,2.230769230769231,5.871794871794871,-3.5128205128205128,39.0
274,956.0,28.306166666666662,0.3714,0.0,2.4,0.45927999999999997,3.28,4.36,7.64,1.08,1.84,0.52,1.16,3.3,8.84,-2.12,50.0
275,957.0,11.055198412698411,0.3453571428571428,0.0,0.7142857142857143,0.24404761904761904,0.6666666666666666,1.7380952380952381,2.4047619047619047,0.14285714285714285,0.6428571428571429,0.14285714285714285,0.3333333333333333,1.4285714285714286,3.380952380952381,-0.35714285714285715,42.0
276,958.0,27.897333333333332,0.48738,0.0,1.82,0.46036,2.28,4.36,6.64,1.5,2.0,0.7,0.72,3.38,9.98,0.06,50.0
277,959.0,31.749583333333334,0.34885,0.2872,0.95,0.38392499999999996,0.8,2.05,2.85,5.475,2.075,0.925,0.05,2.45,7.875,-0.25,40.0
278,960.0,17.503796296296294,0.328,0.18977777777777777,1.2777777777777777,0.3605833333333333,0.3055555555555556,1.1944444444444444,1.5,2.638888888888889,1.25,0.4444444444444444,0.16666666666666666,1.3055555555555556,6.833333333333333,-3.2222222222222223,36.0
279,961.0,16.909097222222222,0.4455416666666667,0.0,2.1875,0.47750000000000004,1.125,2.4375,3.5625,0.9583333333333334,1.4583333333333333,0.25,0.8958333333333334,1.9166666666666667,8.5625,-1.4583333333333333,48.0
280,962.0,20.59375,0.30093749999999997,0.15781250000000002,1.25,0.42246874999999995,1.125,2.46875,3.59375,1.25,1.25,0.75,0.40625,2.75,5.65625,0.9375,32.0
281,965.0,22.61753333333333,0.36632000000000003,0.32298000000000004,1.2,0.38262,0.42,1.4,1.82,3.94,1.54,1.22,0.02,1.9,5.92,4.3,50.0
282,966.0,23.12416666666666,0.47212000000000004,0.0,2.14,0.5466,3.16,3.82,6.98,0.46,0.82,1.26,0.14,2.16,7.1,0.78,50.0
283,967.0,8.894270833333334,0.162375,0.078125,0.25,0.0625,0.375,0.8125,1.1875,0.9375,0.125,0.3125,0.1875,0.5,2.125,0.6875,16.0
284,969.0,14.285855855855853,0.401027027027027,0.0,0.5945945945945946,0.25675675675675674,0.918918918918919,2.5405405405405403,3.4594594594594597,0.8378378378378378,0.9459459459459459,0.5675675675675675,0.7297297297297297,2.918918918918919,4.216216216216216,0.35135135135135137,37.0
285,970.0,21.9840243902439,0.49058536585365853,0.0,2.1463414634146343,0.5705609756097562,1.7560975609756098,4.2439024390243905,6.0,0.36585365853658536,1.4878048780487805,0.14634146341463414,0.6097560975609756,2.5121951219512195,9.75609756097561,1.2195121951219512,41.0
286,971.0,17.919318181818184,0.32081818181818184,0.0,1.8181818181818181,0.4318181818181818,1.2272727272727273,1.8636363636363635,3.090909090909091,0.5909090909090909,0.6818181818181818,0.5454545454545454,0.045454545454545456,1.7727272727272727,5.2727272727272725,-1.1818181818181819,22.0
287,976.0,12.141238095238096,0.304,0.13094285714285714,0.6,0.21428571428571427,0.2571428571428571,0.34285714285714286,0.6,2.085714285714286,0.8571428571428571,0.5428571428571428,0.02857142857142857,1.0285714285714285,3.7142857142857144,-1.9714285714285715,35.0
288,977.0,37.885133333333336,0.47186,0.17800000000000002,4.9,0.8214400000000001,1.06,4.22,5.28,3.8,3.14,1.44,1.0,3.06,19.92,1.84,50.0
289,978.0,21.358923611111113,0.3310208333333333,0.26095833333333335,1.3125,0.3938333333333333,0.8958333333333334,2.0833333333333335,2.9791666666666665,1.5,1.1041666666666667,0.8541666666666666,0.14583333333333334,0.8958333333333334,8.375,0.7291666666666666,48.0
290,979.0,8.592685185185184,0.28808333333333336,0.0,0.5,0.2361111111111111,1.1666666666666667,1.5277777777777777,2.6944444444444446,0.3611111111111111,0.3888888888888889,0.1111111111111111,0.3888888888888889,1.1388888888888888,2.5,-1.3333333333333333,36.0
291,980.0,34.12466666666667,0.5048,0.0,3.6,0.5716,3.4,5.4,8.8,0.8,1.8,0.8,1.4,4.8,15.2,-2.4,5.0
292,983.0,11.581666666666669,0.21525000000000002,0.15275,0.5,0.22916666666666666,0.3333333333333333,1.3333333333333333,1.6666666666666667,2.0,1.3333333333333333,0.5833333333333334,0.0,1.4166666666666667,3.1666666666666665,-1.8333333333333333,12.0
293,987.0,6.547222222222222,0.4583333333333333,0.0,0.16666666666666666,0.08333333333333333,0.3333333333333333,0.8333333333333334,1.1666666666666667,0.3333333333333333,0.3333333333333333,0.3333333333333333,0.0,0.6666666666666666,1.8333333333333333,-1.1666666666666667,6.0
294,988.0,22.266666666666666,0.625,0.0,2.0,1.0,0.0,2.0,2.0,3.0,1.0,2.0,0.0,1.0,12.0,6.0,1.0
295,989.0,2.5347916666666666,0.45,0.0,0.375,0.09375,1.125,0.25,1.375,0.375,0.125,0.0,0.0,0.5,2.125,0.875,8.0
296,990.0,12.894680851063828,0.39425531914893613,0.0,2.0851063829787235,0.5275531914893618,1.9148936170212767,1.9574468085106382,3.872340425531915,0.6170212765957447,1.1914893617021276,0.851063829787234,0.46808510638297873,2.5531914893617023,6.042553191489362,1.6808510638297873,47.0
297,994.0,30.366726190476186,0.4857857142857143,0.0,1.5357142857142858,0.40432142857142855,4.0,6.285714285714286,10.285714285714286,0.8571428571428571,1.2142857142857142,0.8928571428571429,0.6428571428571429,2.607142857142857,6.321428571428571,0.2857142857142857,28.0
298,998.0,6.31125,0.0625,0.0,0.0,0.0,0.5,0.5,1.0,0.0,0.25,0.0,0.0,1.5,0.5,-0.25,4.0
299,1000.0,21.414500000000004,0.42937999999999993,0.19,1.78,0.52162,0.98,1.66,2.64,1.12,1.32,0.78,0.2,1.78,8.54,0.66,50.0
300,1003.0,10.794901960784314,0.22747058823529412,0.23917647058823532,0.5294117647058824,0.21076470588235297,0.17647058823529413,1.0,1.1764705882352942,1.7058823529411764,0.7058823529411765,0.4117647058823529,0.058823529411764705,1.411764705882353,2.176470588235294,0.6470588235294118,17.0
301,1005.0,21.84840277777778,0.38885416666666667,0.38818749999999996,1.8541666666666667,0.5043333333333333,0.75,2.2291666666666665,2.9791666666666665,1.6666666666666667,1.3125,0.7708333333333334,0.5833333333333334,2.1041666666666665,9.291666666666666,4.8125,48.0
302,1006.0,5.695277777777778,0.36116666666666664,0.0,0.3333333333333333,0.16666666666666666,0.5,0.5,1.0,0.0,0.3333333333333333,0.0,0.3333333333333333,0.3333333333333333,1.6666666666666667,0.0,6.0
303,1036.0,1.65,0.0,0.0,0.0,0.0,0.0,0.0,0.0,0.0,0.0,0.0,0.0,0.0,0.0,-1.0,1.0
304,1037.0,6.123333333333333,0.5,0.0,0.0,0.0,2.0,1.0,3.0,0.0,0.0,0.0,0.0,1.0,1.0,-7.5,2.0
305,1051.0,21.55428571428571,0.45306122448979597,0.0,0.7755102040816326,0.315469387755102,2.020408163265306,3.2244897959183674,5.244897959183674,0.5714285714285714,0.5918367346938775,0.6122448979591837,0.9183673469387755,2.306122448979592,5.510204081632653,-1.836734693877551,49.0
306,1061.0,10.176145833333333,0.15625,0.0,0.0,0.0,0.8125,0.9375,1.75,0.0625,0.3125,0.0625,0.6875,1.875,0.375,-2.9375,16.0
307,1065.0,17.1859595959596,0.32772727272727276,0.2559090909090909,1.606060606060606,0.5134848484848485,0.36363636363636365,2.1515151515151514,2.515151515151515,1.9393939393939394,1.0909090909090908,1.2121212121212122,0.06060606060606061,1.3333333333333333,7.545454545454546,-0.6060606060606061,33.0
308,1073.0,8.85827777777778,0.35833333333333334,0.0,1.7666666666666666,0.4433333333333333,1.2,1.1333333333333333,2.3333333333333335,0.16666666666666666,0.8333333333333334,0.1,0.1,1.6666666666666667,3.8333333333333335,-1.2,30.0
309,1074.0,12.441444444444443,0.1222,0.06666666666666667,0.6666666666666666,0.36666666666666664,0.13333333333333333,0.5333333333333333,0.6666666666666666,1.4,0.9333333333333333,0.26666666666666666,0.0,0.4666666666666667,1.4,-0.8,15.0
310,1110.0,11.1071875,0.35443749999999996,0.0,0.59375,0.24896875,0.8125,1.625,2.4375,0.28125,0.40625,0.21875,0.25,0.875,3.71875,0.0,32.0
311,1112.0,26.74402173913043,0.509195652173913,0.0,1.0217391304347827,0.290695652173913,2.9565217391304346,5.369565217391305,8.326086956521738,0.391304347826087,0.782608695652174,1.0869565217391304,1.9565217391304348,2.4130434782608696,5.978260869565218,0.2608695652173913,46.0
312,1114.0,18.349432624113476,0.369936170212766,0.27185106382978724,0.6808510638297872,0.3468085106382979,0.44680851063829785,1.6595744680851063,2.106382978723404,1.0425531914893618,0.7872340425531915,0.8723404255319149,0.19148936170212766,1.3404255319148937,6.404255319148936,4.170212765957447,47.0
313,1122.0,9.270061728395062,0.2842222222222222,0.12962962962962962,1.0740740740740742,0.3781111111111111,1.1111111111111112,1.5185185185185186,2.6296296296296298,0.5925925925925926,0.8518518518518519,0.14814814814814814,0.037037037037037035,0.7037037037037037,4.962962962962963,0.37037037037037035,27.0
314,1133.0,7.463611111111111,0.3885416666666666,0.041666666666666664,0.3333333333333333,0.138875,0.25,0.9166666666666666,1.1666666666666667,0.8333333333333334,0.5416666666666666,0.375,0.08333333333333333,1.0833333333333333,1.875,0.4166666666666667,24.0
315,1134.0,25.66030612244898,0.4177142857142857,0.04081632653061224,2.142857142857143,0.5379999999999999,1.6938775510204083,3.142857142857143,4.836734693877551,1.816326530612245,2.326530612244898,0.9591836734693877,0.7142857142857143,2.5510204081632653,9.73469387755102,-0.30612244897959184,49.0
316,1138.0,8.481736111111111,0.132125,0.07708333333333334,0.125,0.08333333333333333,0.4166666666666667,0.625,1.0416666666666667,1.125,0.5416666666666666,0.125,0.041666666666666664,0.5833333333333334,1.5,-0.3333333333333333,24.0
317,1425.0,11.474291666666668,0.36185,0.0,1.35,0.46457499999999996,1.35,1.85,3.2,0.55,0.75,0.35,0.6,1.875,3.95,-2.45,40.0
318,1429.0,5.45,0.5,0.5,0.0,0.0,0.0,0.0,0.0,0.0,0.0,0.0,0.0,1.0,1.5,0.0,2.0
319,1444.0,19.942340425531913,0.563340425531915,0.02127659574468085,1.8085106382978724,0.5440638297872341,2.148936170212766,2.574468085106383,4.723404255319149,0.6382978723404256,1.1063829787234043,0.46808510638297873,0.48936170212765956,1.6382978723404256,8.936170212765957,-2.3404255319148937,47.0
320,1477.0,16.563333333333336,0.22773333333333332,0.1499666666666667,0.36666666666666664,0.16443333333333332,0.5,1.2333333333333334,1.7333333333333334,0.9333333333333333,0.43333333333333335,0.7,0.3,1.7,2.3333333333333335,-1.7333333333333334,30.0
321,1495.0,39.265766666666664,0.49205999999999994,0.02,4.94,0.69574,3.18,8.24,11.42,2.42,2.92,0.9,2.52,2.94,21.68,7.42,50.0
322,1496.0,37.50218253968254,0.4319047619047619,0.2241904761904762,6.095238095238095,0.8261428571428572,2.7142857142857144,5.809523809523809,8.523809523809524,1.5476190476190477,3.1666666666666665,1.0238095238095237,1.2619047619047619,3.1904761904761907,21.80952380952381,-2.7142857142857144,42.0
323,1497.0,33.12929629629629,0.36379999999999996,0.31406666666666666,3.488888888888889,0.7356444444444444,0.5333333333333333,1.6,2.1333333333333333,3.8444444444444446,2.1777777777777776,1.288888888888889,0.3111111111111111,2.5555555555555554,13.866666666666667,-4.2444444444444445,45.0
324,1498.0,13.057056737588649,0.3533617021276595,0.0851063829787234,1.0425531914893618,0.3422127659574468,0.2765957446808511,0.8723404255319149,1.148936170212766,2.25531914893617,0.9361702127659575,0.6382978723404256,0.1276595744680851,0.8297872340425532,4.680851063829787,2.234042553191489,47.0
325,1499.0,22.396066666666666,0.5268800000000001,0.0,0.82,0.301,1.92,4.08,6.0,1.06,0.9,0.58,1.42,3.18,6.7,0.2,50.0
326,1500.0,37.876260162601625,0.42804878048780487,0.07519512195121952,2.024390243902439,0.6498536585365853,0.9024390243902439,2.8780487804878048,3.7804878048780486,2.5365853658536586,2.1707317073170733,1.6341463414634145,0.2926829268292683,1.975609756097561,17.024390243902438,-4.317073170731708,41.0
327,1501.0,16.265333333333334,0.45736000000000004,0.21798,1.46,0.4155,0.98,1.54,2.52,0.92,0.92,0.52,0.24,2.14,7.16,-0.56,50.0
328,1502.0,13.898257575757576,0.3481818181818182,0.0,0.5681818181818182,0.18911363636363634,1.7954545454545454,2.6136363636363638,4.409090909090909,0.4090909090909091,0.7045454545454546,0.3409090909090909,0.9772727272727273,2.0454545454545454,2.9318181818181817,-0.9772727272727273,44.0
329,1503.0,22.50670068027211,0.41389795918367345,0.08842857142857143,2.326530612244898,0.5645714285714286,2.4489795918367347,3.2244897959183674,5.673469387755102,2.306122448979592,1.6326530612244898,1.0612244897959184,1.346938775510204,1.9183673469387754,9.346938775510203,-0.5918367346938775,49.0
330,1504.0,28.434133333333335,0.45964,0.0,3.36,0.6028,4.2,7.42,11.62,0.64,1.54,0.62,0.44,4.24,11.0,-3.84,50.0
331,1505.0,24.50180272108843,0.42518367346938785,0.0986326530612245,1.9183673469387754,0.5594081632653062,1.469387755102041,2.326530612244898,3.795918367346939,1.0204081632653061,1.4285714285714286,1.0204081632653061,0.32653061224489793,2.4693877551020407,9.26530612244898,-2.2857142857142856,49.0
332,1506.0,9.250802469135802,0.4006296296296296,0.17592592592592593,0.7407407407407407,0.283962962962963,0.5925925925925926,1.0740740740740742,1.6666666666666667,0.37037037037037035,0.8518518518518519,0.25925925925925924,0.2962962962962963,1.1851851851851851,3.4074074074074074,-2.185185185185185,27.0
333,1507.0,25.80065789473684,0.3868157894736842,0.26973684210526316,3.6315789473684212,0.654,0.5263157894736842,2.3421052631578947,2.8684210526315788,3.8157894736842106,2.1578947368421053,1.263157894736842,0.10526315789473684,1.9210526315789473,10.763157894736842,-0.7894736842105263,38.0
334,1508.0,32.7313043478261,0.46478260869565224,0.021739130434782608,3.260869565217391,0.6616086956521741,2.1739130434782608,3.0869565217391304,5.260869565217392,1.4565217391304348,2.608695652173913,0.34782608695652173,0.6304347826086957,3.891304347826087,16.804347826086957,-7.0,46.0
335,1509.0,12.690193798449615,0.34051162790697675,0.023255813953488372,0.7906976744186046,0.2868372093023256,1.1395348837209303,2.3488372093023258,3.488372093023256,0.4418604651162791,0.627906976744186,0.5348837209302325,1.302325581395349,2.3255813953488373,3.511627906976744,1.5348837209302326,43.0
336,1510.0,30.48542735042735,0.42025641025641025,0.0,2.6923076923076925,0.6173076923076923,0.41025641025641024,2.948717948717949,3.358974358974359,7.743589743589744,2.6923076923076925,1.794871794871795,0.1794871794871795,2.948717948717949,9.564102564102564,1.0,39.0
337,1511.0,20.1036574074074,0.32852777777777775,0.2426111111111111,0.4722222222222222,0.2662222222222222,0.8333333333333334,1.9722222222222223,2.8055555555555554,0.6666666666666666,0.9444444444444444,0.7777777777777778,0.4722222222222222,2.6944444444444446,5.75,-2.0,36.0
338,1512.0,11.472235772357722,0.36473170731707316,0.0,0.8292682926829268,0.2939024390243903,0.8536585365853658,1.5121951219512195,2.3658536585365852,0.6585365853658537,0.6341463414634146,0.43902439024390244,0.3170731707317073,2.3902439024390243,3.268292682926829,-1.6829268292682926,41.0
339,1513.0,16.234479166666667,0.3951875,0.0,1.0,0.371875,2.375,2.75,5.125,0.25,0.3125,0.5,1.125,2.5625,5.125,3.4375,16.0
340,1514.0,2.1597222222222223,0.25,0.0,0.0,0.0,0.16666666666666666,0.0,0.16666666666666666,0.0,0.3333333333333333,0.16666666666666666,0.0,0.6666666666666666,0.6666666666666666,-2.5,6.0
341,1515.0,1.4341666666666668,0.5,0.0,0.0,0.0,0.0,0.0,0.0,0.0,0.0,0.0,0.0,0.0,1.0,0.5,2.0
342,1516.0,11.243055555555554,0.23813333333333334,0.14303333333333335,0.9333333333333333,0.325,0.23333333333333334,0.7,0.9333333333333333,0.4,0.9666666666666667,0.4,0.03333333333333333,1.0,4.866666666666666,-2.2,30.0
343,1517.0,18.77276666666667,0.4003399999999999,0.09666000000000001,1.22,0.39768000000000003,0.86,1.84,2.7,3.34,1.5,0.78,0.06,1.5,7.06,-0.82,50.0
344,1518.0,12.003589743589744,0.2959230769230769,0.025615384615384616,1.2307692307692308,0.2436153846153846,0.6923076923076923,0.6153846153846154,1.3076923076923077,0.8461538461538461,1.5384615384615385,0.38461538461538464,0.15384615384615385,1.6153846153846154,3.3076923076923075,-6.538461538461538,13.0
345,1519.0,15.15042735042735,0.541923076923077,0.0,0.6923076923076923,0.3333333333333333,1.6666666666666667,1.7692307692307692,3.4358974358974357,0.38461538461538464,0.5384615384615384,0.4358974358974359,0.23076923076923078,2.1025641025641026,4.333333333333333,1.3076923076923077,39.0
346,1520.0,13.72144927536232,0.2519130434782609,0.09708695652173914,0.30434782608695654,0.1116086956521739,0.30434782608695654,0.7391304347826086,1.0434782608695652,0.5652173913043478,0.8695652173913043,0.7391304347826086,0.6086956521739131,1.5217391304347827,3.652173913043478,-3.5652173913043477,23.0
347,1521.0,4.548508771929825,0.2473157894736842,0.10526315789473684,1.0526315789473684,0.375,0.05263157894736842,0.5263157894736842,0.5789473684210527,0.631578947368421,0.7368421052631579,0.2631578947368421,0.0,0.7368421052631579,2.3157894736842106,-2.1052631578947367,19.0
348,1522.0,11.005897435897433,0.24212820512820513,0.01282051282051282,0.5384615384615384,0.2735128205128205,0.6410256410256411,1.7435897435897436,2.3846153846153846,0.9743589743589743,1.0,0.5641025641025641,0.28205128205128205,1.5384615384615385,3.076923076923077,-3.7948717948717947,39.0
349,1525.0,9.062222222222225,0.27799999999999997,0.0,0.4444444444444444,0.16666666666666666,1.0,0.8888888888888888,1.8888888888888888,0.6666666666666666,0.4444444444444444,0.1111111111111111,0.16666666666666666,1.2222222222222223,3.111111111111111,1.4444444444444444,18.0
350,1526.0,5.6785,0.10270000000000001,0.0,1.3,0.45,0.2,0.8,1.0,0.0,0.3,0.3,0.0,0.6,2.5,-4.6,10.0
351,1527.0,4.793939393939394,0.34700000000000003,0.0,0.0,0.0,0.2727272727272727,0.18181818181818182,0.45454545454545453,0.18181818181818182,0.5454545454545454,0.2727272727272727,0.09090909090909091,0.6363636363636364,1.4545454545454546,-1.7272727272727273,11.0
352,1532.0,6.301354166666666,0.16362500000000002,0.125,0.4375,0.15625,0.1875,0.5625,0.75,0.1875,0.5625,0.3125,0.125,1.0,1.875,-1.875,16.0
353,1533.0,18.083299319727892,0.3808367346938776,0.07142857142857142,1.163265306122449,0.41836734693877553,0.32653061224489793,1.2040816326530612,1.530612244897959,2.183673469387755,1.3265306122448979,0.7142857142857143,0.14285714285714285,1.3673469387755102,4.979591836734694,-0.8571428571428571,49.0
354,1538.0,30.403966666666665,0.4073199999999999,0.03,1.48,0.48832000000000003,0.9,3.04,3.94,2.26,1.94,1.16,0.48,2.72,9.08,-1.96,50.0
355,1540.0,20.060131578947367,0.34731578947368424,0.31097368421052635,0.5789473684210527,0.20307894736842105,0.9210526315789473,1.4210526315789473,2.3421052631578947,0.7894736842105263,0.8947368421052632,0.6578947368421053,0.47368421052631576,2.289473684210526,5.394736842105263,-2.9210526315789473,38.0
356,1541.0,21.0248,0.38921999999999995,0.21,0.88,0.34334000000000003,0.38,1.26,1.64,2.6,1.12,1.02,0.24,1.88,4.96,-1.42,50.0
357,1544.0,18.64873015873016,0.3720952380952381,0.15276190476190477,1.3571428571428572,0.4967142857142858,0.8571428571428571,1.2619047619047619,2.119047619047619,0.5714285714285714,1.1428571428571428,0.23809523809523808,0.30952380952380953,2.5238095238095237,6.857142857142857,0.5952380952380952,42.0
358,1545.0,12.830326086956523,0.3349130434782609,0.24456521739130435,0.8695652173913043,0.3423913043478261,0.2391304347826087,0.7391304347826086,0.9782608695652174,2.1956521739130435,1.0434782608695652,0.5652173913043478,0.043478260869565216,1.2826086956521738,4.521739130434782,-1.7173913043478262,46.0
359,1562.0,3.179298245614035,0.20173684210526316,0.0,0.5789473684210527,0.22894736842105262,0.3157894736842105,0.42105263157894735,0.7368421052631579,0.21052631578947367,0.21052631578947367,0.10526315789473684,0.05263157894736842,0.631578947368421,1.2105263157894737,0.21052631578947367,19.0
360,1563.0,9.018333333333334,0.239625,0.0,0.625,0.270875,0.0,0.875,0.875,0.375,0.375,0.375,0.125,1.125,1.625,-1.375,8.0
361,1564.0,1.7875,0.0,0.0,0.0,0.0,0.0,0.0,0.0,0.0,0.0,0.0,0.0,0.0,0.0,0.0,2.0
362,1565.0,9.334642857142857,0.23133333333333336,0.0,0.40476190476190477,0.18452380952380953,1.0238095238095237,1.3333333333333333,2.357142857142857,0.11904761904761904,0.2857142857142857,0.09523809523809523,0.6666666666666666,1.8095238095238095,1.4523809523809523,-0.6190476190476191,42.0
363,1569.0,5.719555555555555,0.34446666666666664,0.0,0.5333333333333333,0.26666666666666666,0.3333333333333333,1.3333333333333333,1.6666666666666667,0.0,0.4,0.2,0.6,0.9333333333333333,2.1333333333333333,-0.6666666666666666,15.0
364,1576.0,7.888125,0.416625,0.0,0.375,0.09375,0.75,1.625,2.375,0.25,0.75,0.25,0.125,1.25,1.875,-3.875,8.0
365,1585.0,1.2138888888888888,0.0,0.0,0.6666666666666666,0.3333333333333333,0.3333333333333333,0.0,0.3333333333333333,0.0,0.0,0.0,0.0,0.0,0.6666666666666666,-1.3333333333333333,3.0
366,1591.0,6.306666666666667,0.45825,0.25,0.5,0.25,0.75,0.25,1.0,1.25,1.5,0.5,0.0,0.5,2.75,-3.0,4.0
367,1593.0,11.3478125,0.39259375,0.0,0.59375,0.221375,1.28125,2.75,4.03125,0.40625,0.84375,0.15625,0.40625,2.0625,3.34375,-1.40625,32.0
368,1594.0,5.334509803921568,0.14705882352941177,0.0,0.29411764705882354,0.10294117647058823,0.17647058823529413,0.4117647058823529,0.5882352941176471,1.1176470588235294,0.7058823529411765,0.5294117647058824,0.0,0.47058823529411764,1.0,0.9411764705882353,17.0
369,1600.0,18.030966666666664,0.34936,0.0,1.8,0.4901,1.4,2.06,3.46,0.8,0.96,0.46,0.34,1.76,6.16,-4.88,50.0
370,1601.0,16.995193798449613,0.3185581395348837,0.23913953488372092,0.3953488372093023,0.18604651162790697,0.20930232558139536,1.0930232558139534,1.302325581395349,1.4651162790697674,0.7906976744186046,0.7674418604651163,0.06976744186046512,1.5348837209302326,4.72093023255814,-2.9767441860465116,43.0
371,1607.0,20.963066666666663,0.35556000000000004,0.2,1.36,0.42556,0.6,1.6,2.2,3.68,1.52,0.44,0.08,1.12,6.76,-2.72,25.0
372,1630.0,2.6333333333333333,0.5,0.0,1.0,0.5,0.0,0.5,0.5,0.0,0.0,0.0,0.0,0.0,2.0,4.5,2.0
373,1667.0,5.704166666666667,0.125,0.0,0.5,0.25,0.0,0.0,0.0,0.75,0.75,0.25,0.0,0.25,1.0,0.75,4.0
374,1709.0,28.469444444444445,0.44464444444444445,0.0,1.2666666666666666,0.29151111111111105,2.6666666666666665,5.266666666666667,7.933333333333334,0.5555555555555556,1.8888888888888888,0.6,1.2222222222222223,3.0444444444444443,8.911111111111111,-6.155555555555556,45.0
375,1710.0,35.11683333333333,0.42146,0.11698,2.54,0.60212,0.6,2.12,2.72,6.5,2.92,1.56,0.1,2.44,13.24,-6.8,50.0
376,1711.0,32.356944444444444,0.4563333333333333,0.3194166666666667,3.0,0.559,2.75,4.833333333333333,7.583333333333333,0.6666666666666666,0.75,0.75,1.4166666666666667,3.1666666666666665,13.833333333333334,-5.5,12.0
377,1712.0,22.518829787234043,0.41970212765957443,0.06382978723404255,1.9148936170212767,0.43048936170212765,2.7872340425531914,3.617021276595745,6.404255319148936,0.723404255319149,1.446808510638298,0.8085106382978723,0.3404255319148936,2.1702127659574466,9.553191489361701,-1.0212765957446808,47.0
378,1713.0,35.21896666666667,0.45411999999999997,0.20166,4.08,0.7047599999999999,1.88,3.78,5.66,2.98,2.2,1.1,1.54,2.78,18.26,0.9,50.0
379,1714.0,16.031632653061223,0.5352040816326531,0.0,0.8775510204081632,0.28914285714285715,1.6326530612244898,2.0816326530612246,3.7142857142857144,0.7755102040816326,0.8571428571428571,0.8979591836734694,0.8979591836734694,2.857142857142857,5.285714285714286,1.3673469387755102,49.0
380,1715.0,36.12393333333333,0.36573999999999995,0.28918000000000005,1.58,0.49416,0.28,2.78,3.06,5.98,2.86,1.9,0.02,1.82,12.82,-0.88,50.0
381,1716.0,19.765233333333335,0.3946,0.09332000000000001,2.14,0.49224,1.66,2.12,3.78,1.54,1.36,0.88,0.28,1.94,9.1,0.28,50.0
382,1717.0,20.408900709219857,0.3690212765957447,0.12693617021276593,2.106382978723404,0.578936170212766,0.8723404255319149,2.574468085106383,3.4468085106382977,1.0,1.553191489361702,0.6170212765957447,0.574468085106383,2.234042553191489,8.191489361702128,-0.3617021276595745,47.0
383,1718.0,33.96600694444444,0.42902083333333335,0.3760625,2.8958333333333335,0.5877916666666667,2.4375,4.0,6.4375,2.3958333333333335,2.3541666666666665,1.7083333333333333,1.0416666666666667,2.8958333333333335,16.479166666666668,-1.3541666666666667,48.0
384,1719.0,5.109523809523809,0.5142857142857143,0.07142857142857142,1.1428571428571428,0.17857142857142858,0.5714285714285714,0.7142857142857143,1.2857142857142858,0.42857142857142855,0.8571428571428571,0.14285714285714285,0.14285714285714285,0.7142857142857143,4.428571428571429,-1.2857142857142858,7.0
385,1720.0,15.906802721088436,0.4359183673469388,0.0,1.1020408163265305,0.34077551020408164,1.346938775510204,1.6734693877551021,3.020408163265306,0.40816326530612246,0.5306122448979592,0.3877551020408163,0.3469387755102041,2.3877551020408165,6.204081632653061,2.63265306122449,49.0
386,1721.0,14.613154761904761,0.42771428571428577,0.0,0.75,0.27439285714285716,1.2857142857142858,2.142857142857143,3.4285714285714284,0.35714285714285715,0.75,0.35714285714285715,1.1071428571428572,1.8571428571428572,3.3214285714285716,-1.6785714285714286,28.0
387,1722.0,31.127366666666664,0.44156,0.3606,0.92,0.32628,0.52,1.14,1.66,1.9,1.32,0.54,0.22,1.8,10.94,2.76,50.0
388,1723.0,22.3006,0.46754000000000007,0.12834,2.04,0.5307,1.76,2.52,4.28,0.9,1.46,0.6,0.12,2.24,8.16,-0.06,50.0
389,1724.0,12.952647058823528,0.26444117647058824,0.2083235294117647,0.23529411764705882,0.11764705882352941,0.08823529411764706,0.8529411764705882,0.9411764705882353,1.5294117647058822,0.9117647058823529,0.35294117647058826,0.11764705882352941,1.7941176470588236,3.4705882352941178,-0.29411764705882354,34.0
390,1725.0,15.091666666666669,0.25,0.0,1.0,0.5,1.5,2.5,4.0,0.5,0.5,0.0,0.0,2.5,4.0,0.5,2.0
391,1727.0,13.849529914529914,0.3892307692307692,0.12392307692307693,1.0256410256410255,0.3466666666666667,0.6666666666666666,1.2564102564102564,1.9230769230769231,0.46153846153846156,0.5128205128205128,0.20512820512820512,0.07692307692307693,1.5897435897435896,5.564102564102564,1.0,39.0
392,1728.0,10.29357843137255,0.35070588235294115,0.014705882352941176,1.088235294117647,0.38235294117647056,0.35294117647058826,1.1176470588235294,1.4705882352941178,0.4117647058823529,0.6764705882352942,0.058823529411764705,0.029411764705882353,0.7058823529411765,4.764705882352941,-0.6764705882352942,34.0
393,1729.0,12.178985507246376,0.32369565217391305,0.043478260869565216,0.9782608695652174,0.3327391304347826,0.8695652173913043,0.9565217391304348,1.826086956521739,1.2608695652173914,1.173913043478261,0.6521739130434783,0.15217391304347827,1.0,4.543478260869565,-0.34782608695652173,46.0
394,1730.0,12.182142857142855,0.385904761904762,0.0,0.9523809523809523,0.3273809523809524,0.9523809523809523,1.5714285714285714,2.5238095238095237,0.047619047619047616,0.9047619047619048,0.47619047619047616,0.6190476190476191,0.9523809523809523,4.095238095238095,0.2857142857142857,21.0
395,1731.0,12.665444444444445,0.37720000000000004,0.18886666666666668,0.8,0.19333333333333333,0.06666666666666667,0.26666666666666666,0.3333333333333333,1.6666666666666667,0.7333333333333333,0.3333333333333333,0.0,1.8666666666666667,5.0,-0.06666666666666667,15.0
396,1732.0,25.98429078014184,0.4185319148936171,0.1312127659574468,1.851063829787234,0.48363829787234036,1.4680851063829787,2.0638297872340425,3.5319148936170213,1.3191489361702127,1.7446808510638299,1.0425531914893618,0.2978723404255319,2.723404255319149,9.297872340425531,-4.723404255319149,47.0
397,1733.0,7.572301587301586,0.19176190476190477,0.0,0.42857142857142855,0.17857142857142858,0.9523809523809523,0.9047619047619048,1.8571428571428572,0.23809523809523808,0.5238095238095238,0.19047619047619047,0.09523809523809523,1.2380952380952381,2.142857142857143,-1.1904761904761905,21.0
398,1734.0,6.0249999999999995,0.3,0.0,1.0,0.5,0.0,1.5,1.5,0.0,0.5,0.0,0.0,1.0,4.0,3.0,2.0
399,1735.0,13.524202898550724,0.40456521739130435,0.0,0.9130434782608695,0.1818695652173913,1.173913043478261,2.0869565217391304,3.260869565217391,0.5217391304347826,1.391304347826087,0.43478260869565216,1.0,2.5217391304347827,5.521739130434782,-1.434782608695652,23.0
400,1736.0,10.25983870967742,0.27561290322580645,0.07525806451612904,0.8709677419354839,0.25270967741935485,0.4838709677419355,0.8064516129032258,1.2903225806451613,0.3225806451612903,0.6774193548387096,0.3548387096774194,0.25806451612903225,1.4838709677419355,3.806451612903226,-3.5483870967741935,31.0
401,1737.0,4.62801282051282,0.2980384615384616,0.0,0.46153846153846156,0.21153846153846154,0.6923076923076923,0.7307692307692307,1.4230769230769231,0.07692307692307693,0.46153846153846156,0.19230769230769232,0.15384615384615385,0.8461538461538461,1.6153846153846154,1.1923076923076923,26.0
402,1739.0,5.927083333333333,0.25333333333333335,0.041666666666666664,0.9166666666666666,0.3785,0.7083333333333334,0.5416666666666666,1.25,0.08333333333333333,0.5,0.20833333333333334,0.125,0.6666666666666666,2.7083333333333335,-1.0833333333333333,24.0
403,1740.0,7.379083333333334,0.2819,0.05,0.4,0.1625,0.65,0.6,1.25,0.2,1.0,0.4,0.05,0.95,2.35,-2.6,20.0
404,1741.0,12.6175,0.6077692307692307,0.0,0.8076923076923077,0.2847692307692308,1.0384615384615385,2.0,3.0384615384615383,0.15384615384615385,0.38461538461538464,0.4230769230769231,0.7692307692307693,1.6153846153846154,5.115384615384615,-2.6538461538461537,26.0
405,1742.0,2.1,0.0,0.0,1.5,0.375,0.0,0.0,0.0,0.5,0.0,0.0,0.0,0.0,1.5,-3.0,2.0
406,1743.0,3.6111111111111107,0.13333333333333333,0.0,0.0,0.0,0.0,0.0,0.0,0.3333333333333333,0.3333333333333333,0.0,0.0,1.3333333333333333,1.3333333333333333,-4.333333333333333,3.0
407,1744.0,2.6159375,0.31243750000000003,0.0,0.375,0.2083125,0.375,0.6875,1.0625,0.0625,0.5625,0.125,0.375,0.6875,1.5,-1.0,16.0
408,1745.0,1.5450000000000002,0.037000000000000005,0.0,0.0,0.0,0.3333333333333333,0.0,0.3333333333333333,0.0,0.2222222222222222,0.0,0.0,0.2222222222222222,0.2222222222222222,-0.5555555555555556,9.0
409,1748.0,5.252222222222223,0.5,0.16666666666666666,0.6666666666666666,0.3333333333333333,0.6666666666666666,0.6666666666666666,1.3333333333333333,0.3333333333333333,0.3333333333333333,0.0,0.0,1.0,4.333333333333333,3.0,3.0
410,1749.0,29.72510204081632,0.4142244897959183,0.31006122448979595,1.836734693877551,0.5834285714285714,0.4489795918367347,1.816326530612245,2.2653061224489797,2.4693877551020407,1.6122448979591837,0.8979591836734694,0.46938775510204084,2.0,9.938775510204081,2.020408163265306,49.0
411,1750.0,3.723,0.2,0.0,0.0,0.0,0.2,0.2,0.4,0.0,0.6,0.2,0.0,0.2,0.4,-2.4,5.0
412,1751.0,9.51775,0.39580000000000004,0.0,0.75,0.24095,1.15,1.75,2.9,0.05,0.8,0.15,0.55,1.95,2.45,-0.6,20.0
413,1752.0,3.223125,0.375,0.0,0.125,0.0625,0.0,0.125,0.125,0.0,0.375,0.125,0.0,0.375,1.375,-3.75,8.0
414,1753.0,9.210555555555555,0.31151851851851853,0.018518518518518517,0.3333333333333333,0.16048148148148147,0.8888888888888888,1.1111111111111112,2.0,0.48148148148148145,0.4074074074074074,0.3333333333333333,0.07407407407407407,0.8888888888888888,2.888888888888889,-1.3333333333333333,27.0
415,1754.0,8.107809523809523,0.27308571428571426,0.0,0.8,0.22665714285714286,0.8571428571428571,1.0,1.8571428571428572,0.42857142857142855,0.6285714285714286,0.5428571428571428,0.2,1.7714285714285714,3.257142857142857,-0.5714285714285714,35.0
416,1755.0,3.1333333333333333,1.0,1.0,1.0,0.5,0.0,0.0,0.0,2.0,0.0,0.0,0.0,1.0,4.0,4.0,1.0
417,1756.0,11.156574074074074,0.2685,0.0,1.0555555555555556,0.3796111111111111,1.0555555555555556,0.8333333333333334,1.8888888888888888,0.2777777777777778,0.5,0.1111111111111111,0.6111111111111112,1.7222222222222223,2.611111111111111,-3.6666666666666665,18.0
418,1757.0,14.782857142857145,0.2997857142857143,0.08728571428571429,0.5714285714285714,0.18214285714285716,0.19047619047619047,0.9761904761904762,1.1666666666666667,1.5714285714285714,1.0952380952380953,0.5,0.16666666666666666,1.5714285714285714,4.071428571428571,-3.5952380952380953,42.0
419,1764.0,10.72483870967742,0.2879677419354839,0.04838709677419355,0.8064516129032258,0.25861290322580643,0.6451612903225806,0.8709677419354839,1.5161290322580645,0.7096774193548387,0.5806451612903226,0.2903225806451613,0.12903225806451613,0.9354838709677419,3.129032258064516,-1.5161290322580645,31.0
420,1800.0,14.34784722222222,0.3265416666666667,0.3312083333333333,0.5833333333333334,0.2125,0.25,1.5833333333333333,1.8333333333333333,1.75,0.7083333333333334,0.5416666666666666,0.0,0.9583333333333334,5.208333333333333,-0.16666666666666666,24.0
421,1801.0,4.533333333333333,0.0,0.0,0.0,0.0,0.0,0.0,0.0,0.0,0.0,0.0,0.0,2.0,0.0,2.0,1.0
422,1802.0,12.278201754385966,0.3646842105263158,0.02631578947368421,2.1315789473684212,0.4957105263157895,0.9210526315789473,2.1578947368421053,3.0789473684210527,0.5789473684210527,0.8421052631578947,0.23684210526315788,0.47368421052631576,1.7105263157894737,6.2631578947368425,1.5263157894736843,38.0
423,1817.0,4.645833333333333,0.375,0.0,0.5,0.25,0.0,0.0,0.0,0.75,0.5,0.75,0.0,0.0,1.5,-4.0,4.0
424,1820.0,2.1166666666666667,0.5,0.0,0.0,0.0,1.0,0.5,1.5,0.0,1.0,0.0,0.0,0.0,2.0,0.5,2.0
425,1823.0,6.727083333333333,0.125,0.0,0.75,0.375,0.75,0.5,1.25,0.25,0.25,0.0,0.25,2.25,1.25,-0.5,4.0
426,1824.0,2.7083333333333335,0.25,0.0,0.0,0.0,0.5,0.5,1.0,0.0,1.0,0.5,0.5,2.0,1.0,-3.5,2.0
427,1831.0,8.523402777777777,0.17479166666666668,0.12845833333333334,0.625,0.22220833333333334,0.125,0.75,0.875,0.75,0.5,0.20833333333333334,0.041666666666666664,0.75,2.125,-1.3333333333333333,24.0
428,1838.0,25.72856666666667,0.4553400000000001,0.3063,2.08,0.6422800000000001,1.14,2.36,3.5,1.64,1.06,1.54,0.4,2.86,10.06,-2.98,50.0
429,1845.0,2.959298245614035,0.21052631578947367,0.13157894736842105,0.0,0.0,0.10526315789473684,0.15789473684210525,0.2631578947368421,0.3157894736842105,0.21052631578947367,0.10526315789473684,0.05263157894736842,0.3684210526315789,1.105263157894737,1.6842105263157894,19.0
430,1847.0,12.684302325581394,0.3954651162790697,0.0,0.5813953488372093,0.2441860465116279,0.8372093023255814,1.3488372093023255,2.186046511627907,0.6046511627906976,0.627906976744186,0.20930232558139536,0.6511627906976745,1.813953488372093,4.209302325581396,0.4883720930232558,43.0
431,1852.0,10.805882352941175,0.24605882352941175,0.08823529411764706,0.47058823529411764,0.20588235294117646,0.35294117647058826,0.9411764705882353,1.2941176470588236,0.9411764705882353,0.4117647058823529,0.17647058823529413,0.0,0.7058823529411765,2.3529411764705883,-0.23529411764705882,17.0
432,1855.0,9.977857142857143,0.17857142857142858,0.14285714285714285,0.0,0.0,0.42857142857142855,0.2857142857142857,0.7142857142857143,0.5714285714285714,0.8571428571428571,0.7142857142857143,0.14285714285714285,0.8571428571428571,1.2857142857142858,1.2857142857142858,7.0
433,1858.0,1.5833333333333333,0.0,0.0,0.0,0.0,0.0,0.0,0.0,0.0,1.0,0.0,0.0,0.0,0.0,-1.0,1.0
434,1861.0,9.590833333333334,0.4166666666666667,0.0,0.3333333333333333,0.16666666666666666,0.16666666666666666,0.8333333333333334,1.0,1.3333333333333333,1.1666666666666667,0.16666666666666666,0.0,0.8333333333333334,1.3333333333333333,-2.3333333333333335,6.0
435,1863.0,10.021136363636362,0.40381818181818185,0.13636363636363635,0.09090909090909091,0.06818181818181818,0.3181818181818182,0.45454545454545453,0.7727272727272727,1.5,0.9090909090909091,0.2727272727272727,0.0,0.9090909090909091,2.9545454545454546,-1.9545454545454546,22.0
436,1868.0,4.9,0.0,0.0,0.0,0.0,1.0,2.0,3.0,0.0,0.0,0.0,0.0,5.0,0.0,-2.0,1.0
437,1869.0,16.42683908045977,0.24803448275862067,0.2528620689655173,0.3793103448275862,0.15517241379310345,0.3103448275862069,1.1379310344827587,1.4482758620689655,1.4137931034482758,1.0,0.6206896551724138,0.1724137931034483,1.0344827586206897,3.7241379310344827,-4.0,29.0
438,1871.0,7.200404040404041,0.29648484848484846,0.09090909090909091,0.3333333333333333,0.11363636363636363,0.15151515151515152,0.5151515151515151,0.6666666666666666,0.9393939393939394,0.6666666666666666,0.15151515151515152,0.030303030303030304,0.6363636363636364,2.4242424242424243,-2.0303030303030303,33.0
439,1872.0,9.94043209876543,0.34055555555555556,0.037037037037037035,0.7777777777777778,0.3333333333333333,1.1111111111111112,0.8888888888888888,2.0,0.2962962962962963,0.9629629629629629,0.1111111111111111,0.4074074074074074,1.0740740740740742,4.222222222222222,-1.8518518518518519,27.0
