,PLAYER_ID,MIN,FG_PCT,FG3_PCT,FTM,FT_PCT,OREB,DREB,REB,AST,TOV,STL,BLK,PF,PTS,PLUS_MINUS
0,1075,4.283333333333333,0.0,0.0,0.0,0.0,1.0,0.0,1.0,0.0,2.0,0.0,0.0,1.0,0.0,-6.0
1,1061,5.5911904761904765,0.4642857142857143,0.0,0.0,0.0,0.5714285714285714,0.8571428571428571,1.4285714285714286,0.1428571428571428,0.0,0.2857142857142857,0.0,1.4285714285714286,1.1428571428571428,2.142857142857143
2,1055,4.3758333333333335,0.125,0.0,0.25,0.125,0.25,0.75,1.0,0.25,0.5,0.25,0.5,1.0,0.75,-4.25
3,1108,6.245864197530864,0.2203333333333333,0.0555555555555555,1.148148148148148,0.4629629629629629,0.5925925925925926,0.5925925925925926,1.1851851851851851,0.1851851851851851,0.3333333333333333,0.3703703703703703,0.1481481481481481,0.8518518518518519,2.4814814814814814,-0.6296296296296297
4,1133,12.500790960451976,0.3913728813559322,0.0338983050847457,0.7288135593220338,0.2980169491525423,0.4576271186440678,1.0677966101694916,1.5254237288135593,1.6610169491525424,1.1864406779661016,0.559322033898305,0.1186440677966101,1.694915254237288,3.23728813559322,0.0508474576271186
5,980,28.978699186991868,0.5155243902439025,0.0121951219512195,2.804878048780488,0.5967073170731707,3.402439024390244,5.414634146341464,8.817073170731707,0.8658536585365854,1.7926829268292683,0.6341463414634146,1.646341463414634,3.5121951219512195,13.890243902439025,2.573170731707317
6,289,13.020198412698411,0.357,0.1682380952380952,1.238095238095238,0.4416666666666667,0.5952380952380952,1.1904761904761905,1.7857142857142858,0.3809523809523809,0.6904761904761905,0.4047619047619047,0.0,1.0238095238095235,5.190476190476191,0.6904761904761905
7,1003,9.480987654320987,0.353074074074074,0.2328148148148148,0.4074074074074074,0.1944444444444444,0.1851851851851851,1.1111111111111112,1.2962962962962965,1.8148148148148149,1.1111111111111112,0.3703703703703703,0.037037037037037,1.037037037037037,2.074074074074074,2.4814814814814814
8,999,3.7375641025641024,0.1537692307692307,0.0,0.6153846153846154,0.3076923076923077,0.3076923076923077,0.7692307692307693,1.0769230769230769,0.2307692307692307,0.2307692307692307,0.1538461538461538,0.0,0.5384615384615384,1.3846153846153846,0.3846153846153846
9,998,6.785714285714286,0.2112857142857143,0.0357142857142857,0.3571428571428571,0.1012142857142857,0.3214285714285714,0.6071428571428571,0.9285714285714286,0.25,0.3571428571428571,0.1071428571428571,0.2142857142857142,1.2857142857142858,1.3928571428571428,-0.5357142857142857
10,1529,7.453777777777778,0.3722,0.0,1.0666666666666669,0.3388666666666667,0.6,1.4666666666666666,2.066666666666667,0.1333333333333333,0.5333333333333333,0.3333333333333333,0.1333333333333333,0.8666666666666667,2.6666666666666665,1.6666666666666667
11,1528,9.96239316239316,0.3108205128205128,0.0128205128205128,0.7948717948717948,0.2863333333333333,0.5641025641025641,1.1794871794871795,1.7435897435897436,0.8717948717948718,0.7948717948717948,0.3846153846153846,0.1025641025641025,1.0256410256410255,3.282051282051282,-2.435897435897436
12,1527,4.877121212121212,0.4505151515151515,0.0757575757575757,0.3333333333333333,0.1666666666666666,0.303030303030303,0.4545454545454545,0.7575757575757576,0.3636363636363636,0.6363636363636364,0.303030303030303,0.0,0.5151515151515151,2.787878787878788,0.7272727272727273
13,1526,3.821481481481481,0.4074444444444444,0.0,0.8888888888888888,0.5,0.2222222222222222,0.4444444444444444,0.6666666666666666,0.0,0.6666666666666666,0.1111111111111111,0.1111111111111111,0.3333333333333333,2.6666666666666665,-3.4444444444444446
14,1525,7.773222222222222,0.3238,0.0,0.4,0.2,0.4666666666666667,0.6333333333333333,1.1,0.5666666666666667,0.3,0.3,0.0333333333333333,0.5,2.1333333333333333,0.5333333333333333
15,1522,2.8494444444444444,0.1666666666666666,0.0,1.0,0.3333333333333333,0.3333333333333333,0.3333333333333333,0.6666666666666666,0.1666666666666666,0.5,0.0,0.0,0.5,1.6666666666666667,-0.6666666666666666
16,1521,9.294,0.2813333333333333,0.0370444444444444,1.0666666666666669,0.4007555555555555,0.0888888888888888,0.7555555555555555,0.8444444444444444,1.8666666666666667,1.2444444444444445,0.2,0.0222222222222222,1.4,3.088888888888889,0.6444444444444445
17,1520,8.597156862745098,0.3284117647058823,0.1519705882352941,0.1764705882352941,0.0617647058823529,0.3823529411764705,0.4117647058823529,0.7941176470588235,0.6176470588235294,0.7941176470588235,0.3529411764705882,0.1764705882352941,0.7058823529411765,3.5,-1.0588235294117647
18,194,8.202283950617284,0.3327037037037037,0.1111111111111111,0.2962962962962963,0.1388888888888889,0.3333333333333333,0.6296296296296297,0.9629629629629628,0.4074074074074074,0.2962962962962963,0.2222222222222222,0.074074074074074,0.925925925925926,2.7777777777777777,-1.0740740740740742
19,1519,9.878456790123456,0.3519074074074074,0.0,0.7592592592592593,0.2993888888888889,0.8888888888888888,1.0740740740740742,1.962962962962963,0.3148148148148148,0.8518518518518519,0.4074074074074074,0.2222222222222222,1.7962962962962965,2.7962962962962963,0.0185185185185185
20,1530,4.401231884057971,0.247695652173913,0.1594347826086956,0.3478260869565217,0.1666521739130435,0.3043478260869565,0.3043478260869565,0.6086956521739131,0.1304347826086956,0.3478260869565217,0.2608695652173913,0.1304347826086956,0.5217391304347826,2.565217391304348,-0.6086956521739131
21,1545,4.339705882352941,0.1785,0.0838235294117647,0.2647058823529412,0.1323529411764706,0.088235294117647,0.2352941176470588,0.3235294117647059,0.7352941176470589,0.2647058823529412,0.1764705882352941,0.0294117647058823,0.3529411764705882,1.6764705882352942,-0.088235294117647
22,1544,6.393666666666666,0.350825,0.025,1.425,0.4725,0.5,0.525,1.025,0.225,0.45,0.3,0.175,0.675,3.75,-1.275
23,1541,19.769228395061727,0.4024259259259259,0.1049444444444444,1.2037037037037035,0.4086296296296296,0.4444444444444444,1.0555555555555556,1.5,1.9074074074074077,1.0740740740740742,0.7037037037037037,0.0555555555555555,1.462962962962963,6.0,-0.0925925925925925
24,1518,18.4908908045977,0.3478965517241379,0.0344827586206896,1.913793103448276,0.4738620689655172,0.4827586206896552,0.7241379310344828,1.206896551724138,1.896551724137931,1.6724137931034482,1.0689655172413792,0.1724137931034483,2.155172413793104,5.810344827586207,-1.362068965517241
25,1539,7.287083333333333,0.2568,0.0,1.15,0.425,0.1,0.25,0.35,1.8,1.05,0.35,0.05,1.35,3.05,-0.6
26,1538,30.839044715447155,0.4463048780487805,0.0,1.6585365853658536,0.4580487804878049,0.8658536585365854,3.097560975609756,3.963414634146341,2.048780487804878,2.0121951219512195,1.170731707317073,0.5487804878048781,2.902439024390244,10.146341463414634,1.451219512195122
27,1535,4.620098039215686,0.3274705882352941,0.0,0.4705882352941176,0.2352941176470588,0.4705882352941176,1.1176470588235294,1.588235294117647,0.2941176470588235,0.1176470588235294,0.2352941176470588,0.2352941176470588,0.8235294117647058,1.5294117647058822,0.8823529411764706
28,1533,29.37227272727273,0.3236363636363636,0.232012987012987,1.0389610389610389,0.3445714285714286,0.6623376623376623,1.5584415584415583,2.220779220779221,4.2727272727272725,1.5584415584415583,0.8311688311688312,0.0779220779220779,2.441558441558441,7.454545454545454,-4.584415584415584
29,1532,13.936228070175437,0.3397894736842105,0.1901052631578947,0.9473684210526316,0.3293157894736842,0.7105263157894737,1.736842105263158,2.4473684210526314,0.868421052631579,1.2894736842105263,0.5263157894736842,0.1578947368421052,2.1842105263157894,6.447368421052632,0.4736842105263157
30,1540,23.25583333333333,0.3878181818181818,0.2018939393939394,0.9848484848484848,0.3565757575757575,0.7121212121212122,1.2121212121212122,1.9242424242424243,1.181818181818182,1.0909090909090908,0.803030303030303,0.3787878787878788,2.1666666666666665,7.742424242424242,-7.909090909090909
31,1517,30.069828431372542,0.3614705882352941,0.1637205882352941,2.1911764705882355,0.6348970588235294,1.1470588235294117,3.294117647058824,4.441176470588236,4.661764705882353,2.7058823529411766,1.5441176470588236,0.1617647058823529,2.3529411764705883,11.617647058823527,-7.220588235294118
32,1516,15.71772222222222,0.3223333333333333,0.2744333333333333,1.8333333333333333,0.5380666666666667,0.3,1.2,1.5,1.1333333333333333,1.0,0.5,0.3666666666666666,2.433333333333333,7.566666666666666,-2.5
33,1503,18.428255208333333,0.386125,0.11978125,1.234375,0.371234375,1.640625,2.5625,4.203125,1.53125,1.03125,0.765625,0.953125,1.34375,7.046875,-3.625
34,223,13.268484848484848,0.4048181818181818,0.0,0.1818181818181818,0.0909090909090909,1.0,1.5454545454545454,2.5454545454545454,0.3636363636363636,0.2727272727272727,0.2727272727272727,0.0909090909090909,2.5454545454545454,3.090909090909091,1.181818181818182
35,1502,11.952151515151517,0.3784363636363636,0.0,0.4909090909090909,0.1654545454545454,1.3272727272727274,2.018181818181818,3.345454545454545,0.2545454545454545,0.9090909090909092,0.2363636363636363,0.9454545454545454,1.709090909090909,3.0,-3.0545454545454547
36,1501,23.06571428571429,0.4477792207792208,0.2979480519480519,2.220779220779221,0.5668181818181819,1.3896103896103895,2.3506493506493507,3.74025974025974,1.1688311688311688,1.5324675324675323,0.7012987012987013,0.2207792207792207,2.4025974025974026,10.974025974025974,-1.3376623376623376
37,1500,33.249875,0.4435375,0.0375,2.35,0.6548875,1.3625,2.1375,3.5,2.2,1.65,1.5625,0.2125,2.6625,15.2625,-1.2125
38,1499,23.1525641025641,0.4271846153846154,0.0384615384615384,1.123076923076923,0.3807846153846154,2.123076923076923,3.276923076923077,5.4,0.9230769230769232,1.5076923076923077,0.8307692307692308,1.0615384615384615,3.0615384615384613,8.36923076923077,-7.323076923076923
39,1504,22.667854166666665,0.402675,0.0125,3.2875,0.6513,2.275,3.325,5.6,0.95,1.9625,0.55,0.375,3.925,10.2,-5.15
40,1497,27.68775,0.3595875,0.27515,2.825,0.6254875,0.775,1.6,2.375,3.925,2.175,1.3375,0.05,2.15,11.1625,-5.6125
41,1496,37.55645161290322,0.4310322580645161,0.289516129032258,4.161290322580645,0.8104032258064515,2.290322580645161,4.290322580645161,6.580645161290323,1.7096774193548387,2.6451612903225805,1.032258064516129,0.4032258064516129,3.4838709677419355,19.661290322580644,2.338709677419355
42,1495,39.09014227642276,0.549219512195122,0.0,3.890243902439024,0.6321219512195122,3.341463414634146,8.573170731707316,11.914634146341465,2.731707317073171,3.402439024390244,0.6707317073170732,2.5121951219512195,3.097560975609756,21.10975609756097,5.219512195121951
43,1498,26.38876126126126,0.3988918918918919,0.0990945945945946,1.5135135135135136,0.4332162162162162,0.2972972972972973,1.635135135135135,1.9324324324324325,4.513513513513513,2.216216216216216,0.7432432432432432,0.1351351351351351,1.1891891891891893,7.824324324324325,-6.716216216216216
44,1444,21.07599358974359,0.4793076923076923,0.0192307692307692,2.1153846153846154,0.5177115384615385,1.5384615384615383,2.9615384615384617,4.5,1.2115384615384617,1.1923076923076923,0.3653846153846153,0.2884615384615384,1.0769230769230769,9.48076923076923,-2.576923076923077
45,1515,5.270315315315315,0.2242972972972972,0.1666486486486486,0.3513513513513513,0.1621621621621621,0.2162162162162162,0.4864864864864865,0.7027027027027027,0.5135135135135135,0.2972972972972973,0.2972972972972973,0.081081081081081,0.4594594594594595,1.945945945945946,-0.7567567567567568
46,1513,9.586767676767677,0.3888484848484849,0.0,0.5757575757575758,0.233030303030303,1.0303030303030305,1.2121212121212122,2.242424242424242,0.2727272727272727,0.3636363636363636,0.2424242424242424,0.303030303030303,1.4545454545454546,2.696969696969697,-0.2424242424242424
47,1512,16.55471544715447,0.2978292682926829,0.0569024390243902,1.2926829268292683,0.4166585365853658,1.2926829268292683,2.5365853658536586,3.829268292682927,0.8536585365853658,1.0,0.7560975609756098,0.6585365853658537,2.317073170731707,5.853658536585366,-2.8292682926829267
48,1511,8.902083333333332,0.2709166666666666,0.0833333333333333,0.9166666666666666,0.3583333333333333,0.3333333333333333,0.75,1.0833333333333333,0.0833333333333333,0.6666666666666666,0.25,0.1666666666666666,1.8333333333333333,3.1666666666666665,0.6666666666666666
49,1505,16.281666666666666,0.3415423728813559,0.0564915254237288,1.423728813559322,0.3788474576271186,0.7457627118644068,1.2203389830508475,1.9661016949152543,0.864406779661017,1.1016949152542372,0.5932203389830508,0.2203389830508474,1.3728813559322033,6.372881355932203,-2.2033898305084745
50,1509,13.649256756756756,0.3041621621621621,0.0,1.162162162162162,0.3614459459459459,1.2297297297297298,2.175675675675676,3.4054054054054053,0.3108108108108108,0.5945945945945946,0.3918918918918919,1.2702702702702702,2.216216216216216,3.810810810810811,-0.8513513513513513
51,1508,21.289037558685443,0.4778169014084507,0.0,2.436619718309859,0.5701408450704225,1.6619718309859155,2.507042253521127,4.169014084507042,0.7464788732394366,1.5070422535211268,0.4788732394366197,0.5633802816901409,3.126760563380281,11.47887323943662,-3.591549295774648
52,1507,27.836111111111112,0.3906515151515152,0.1022424242424242,4.166666666666667,0.7550454545454546,0.8333333333333334,2.0,2.833333333333333,3.4393939393939394,1.9393939393939397,1.303030303030303,0.1969696969696969,2.060606060606061,11.666666666666666,1.6515151515151516
53,1506,9.364423076923076,0.3501538461538462,0.0705,0.3076923076923077,0.1346153846153846,0.3846153846153846,1.3461538461538465,1.7307692307692308,0.3076923076923077,0.5,0.3461538461538461,0.1923076923076923,1.2307692307692308,2.923076923076923,-0.3846153846153846
54,1510,31.0503125,0.4384249999999999,0.0,2.5125,0.6244375,0.8375,2.325,3.1625,8.2,2.425,2.45,0.225,3.3875,9.0375,3.7
55,1563,12.208380952380953,0.2902571428571429,0.0,1.4,0.4597428571428572,0.2571428571428571,0.8571428571428571,1.1142857142857143,1.8571428571428568,1.2571428571428571,0.3714285714285714,0.0,0.8857142857142857,3.5142857142857142,-0.8
56,963,6.137111111111111,0.2346,0.0786,0.0,0.0,0.2,0.4,0.6,0.3333333333333333,0.7333333333333333,0.1333333333333333,0.2,0.8,2.933333333333333,-0.1333333333333333
57,737,5.05,0.0,0.0,0.0,0.0,0.0,1.0,1.0,0.0,0.0,0.0,0.0,1.0,0.0,-3.0
58,426,23.090247747747743,0.4114189189189189,0.0,0.9324324324324323,0.3002297297297297,2.824324324324324,3.6621621621621614,6.486486486486487,0.4054054054054054,0.7567567567567568,0.5540540540540541,0.3243243243243243,2.608108108108108,4.364864864864865,-0.972972972972973
59,456,23.8024043715847,0.3427540983606557,0.3053934426229508,0.4590163934426229,0.2131147540983606,0.2786885245901639,3.065573770491804,3.344262295081968,1.4098360655737705,1.098360655737705,0.4754098360655737,0.1639344262295081,1.9836065573770487,6.704918032786885,2.1475409836065573
60,462,14.050084388185654,0.4219746835443038,0.0379746835443038,1.1265822784810129,0.3727215189873418,0.9113924050632912,1.7468354430379749,2.6582278481012658,0.6455696202531646,0.8227848101265823,0.4430379746835443,0.240506329113924,2.1772151898734178,4.860759493670886,0.2784810126582278
61,712,7.877481481481482,0.4291111111111111,0.0222222222222222,0.3555555555555555,0.1296222222222222,1.3333333333333333,1.4666666666666666,2.8,0.4,0.4666666666666667,0.4222222222222222,0.2444444444444444,1.3555555555555556,3.933333333333333,0.3555555555555555
62,939,4.339814814814815,0.2777777777777778,0.0,0.4444444444444444,0.2222222222222222,0.5555555555555556,0.5555555555555556,1.1111111111111112,0.3333333333333333,0.4444444444444444,0.4444444444444444,0.0,0.7777777777777778,1.5555555555555556,-0.1111111111111111
63,925,6.241666666666666,0.0,0.0,0.0,0.0,0.0,0.0,0.0,0.0,0.5,1.0,0.0,1.5,0.0,-7.0
64,892,8.552499999999998,0.26775,0.0,0.5,0.25,0.5,0.25,0.75,1.25,1.75,0.25,0.0,1.5,3.0,-3.25
65,1682,2.9541666666666666,0.1875,0.0,0.0,0.0,0.375,0.375,0.75,0.125,0.375,0.25,0.125,1.0,0.75,0.125
66,1612,7.560131578947367,0.1955,0.0921052631578947,0.0789473684210526,0.0526315789473684,0.1842105263157894,0.4473684210526316,0.631578947368421,1.1842105263157894,0.6578947368421053,0.5526315789473685,0.1052631578947368,1.3157894736842106,1.394736842105263,-2.5
67,1594,16.318947368421053,0.2176842105263157,0.218,1.105263157894737,0.285078947368421,0.3684210526315789,1.105263157894737,1.4736842105263157,2.631578947368421,1.368421052631579,0.6578947368421053,0.0789473684210526,1.4473684210526316,4.2631578947368425,-0.5789473684210527
68,128,14.592878787878789,0.3305714285714285,0.2509220779220779,0.7922077922077922,0.2978311688311688,0.7792207792207793,1.8571428571428568,2.636363636363636,0.3246753246753247,0.6753246753246753,0.4545454545454545,0.2597402597402597,2.038961038961039,5.454545454545454,0.0649350649350649
69,1585,15.532037037037036,0.2626666666666666,0.2592222222222222,0.2222222222222222,0.1111111111111111,0.4444444444444444,1.2222222222222223,1.6666666666666667,0.3333333333333333,1.0,0.6666666666666666,0.3333333333333333,2.0,4.111111111111111,-0.7777777777777778
70,35,13.913504273504271,0.3745897435897435,0.0,0.6923076923076923,0.2884615384615384,1.1025641025641026,2.3076923076923075,3.41025641025641,0.5641025641025641,0.9487179487179488,0.3846153846153846,1.1794871794871795,2.051282051282051,3.5641025641025643,-1.4615384615384617
71,1683,6.676666666666667,0.1945,0.25,0.3333333333333333,0.1666666666666666,0.3333333333333333,1.6666666666666667,2.0,0.1666666666666666,0.3333333333333333,0.6666666666666666,0.0,0.0,2.833333333333333,-1.5
72,1601,9.904285714285717,0.3323571428571428,0.1785714285714285,0.3571428571428571,0.1428571428571428,0.0714285714285714,0.5,0.5714285714285714,0.3571428571428571,0.4285714285714285,0.2142857142857142,0.0714285714285714,0.8571428571428571,3.5,2.357142857142857
73,1619,7.972499999999999,0.3280714285714285,0.1428571428571428,0.6785714285714286,0.3006071428571428,0.1071428571428571,0.5714285714285714,0.6785714285714286,1.0,0.5357142857142857,0.25,0.0357142857142857,0.7857142857142857,2.4285714285714284,-2.1785714285714284
74,1578,2.025,0.125,0.0,0.5,0.25,0.75,0.25,1.0,0.0,0.0,0.25,0.0,0.25,1.0,-1.0
75,1576,9.399188034188034,0.4629230769230769,0.0,0.6153846153846154,0.2319487179487179,1.358974358974359,1.0,2.358974358974359,0.5128205128205128,0.7692307692307693,0.4615384615384615,0.1282051282051282,1.4102564102564104,3.4871794871794872,-0.9487179487179488
76,1666,12.75359649122807,0.324578947368421,0.1929999999999999,0.2631578947368421,0.1052631578947368,0.1052631578947368,0.6842105263157895,0.7894736842105263,2.3684210526315788,0.6842105263157895,0.6842105263157895,0.0526315789473684,0.9473684210526316,1.947368421052632,-0.7368421052631579
77,1667,2.4679710144927536,0.2594347826086957,0.108695652173913,0.3043478260869565,0.1304347826086956,0.0,0.0869565217391304,0.0869565217391304,0.1739130434782608,0.2608695652173913,0.0434782608695652,0.0,0.391304347826087,1.565217391304348,0.4782608695652174
78,1565,21.74261316872428,0.4523827160493827,0.0,0.8024691358024691,0.2456666666666666,2.432098765432099,4.185185185185185,6.617283950617284,0.7530864197530864,1.0493827160493827,0.3580246913580246,2.4074074074074074,3.098765432098765,4.62962962962963,-1.839506172839506
79,52,6.446266666666666,0.318,0.0,1.28,0.58,0.08,0.48,0.56,1.28,0.64,0.36,0.08,0.96,2.56,-0.08
80,1564,2.123333333333333,0.0,0.0,0.0,0.0,0.4,0.8,1.2,0.2,0.6,0.0,0.4,0.6,0.0,-0.6
81,1575,3.7003703703703694,0.1481111111111111,0.2036666666666666,0.2222222222222222,0.1111111111111111,0.0,0.4444444444444444,0.4444444444444444,0.0,0.3333333333333333,0.3333333333333333,0.1111111111111111,0.6666666666666666,1.5555555555555556,-1.2222222222222223
82,1680,12.16,0.2986,0.0,0.2,0.1,0.6,1.2,1.8,0.4,0.2,0.2,0.0,0.8,3.0,0.0
83,1677,12.67716049382716,0.4471481481481482,0.0,1.4814814814814814,0.4265555555555555,1.0,0.8518518518518519,1.851851851851852,0.6666666666666666,0.7037037037037037,0.7037037037037037,0.1481481481481481,1.962962962962963,6.074074074074074,-1.6666666666666667
84,160,4.800833333333334,0.15,0.1666666666666666,0.1666666666666666,0.0833333333333333,0.0,0.3333333333333333,0.3333333333333333,0.3333333333333333,0.1666666666666666,0.3333333333333333,0.1666666666666666,0.1666666666666666,1.6666666666666667,0.0
85,1569,12.774770114942529,0.4090689655172413,0.0,0.7931034482758621,0.3117758620689655,1.0862068965517242,1.8103448275862069,2.896551724137931,0.3275862068965517,0.6551724137931034,0.2068965517241379,1.396551724137931,1.2586206896551724,4.0,-1.862068965517241
86,1607,2.955416666666667,0.2625,0.0,0.0,0.0,0.125,0.125,0.25,0.5,0.125,0.25,0.0,0.125,1.5,-0.5
