,PLAYER_ID,MIN,FG_PCT,FG3_PCT,FTM,FT_PCT,OREB,DREB,REB,AST,TOV,STL,BLK,PF,PTS,PLUS_MINUS
0,1801,4.533333333333333,0.0,0.0,0.0,0.0,0.0,0.0,0.0,0.0,0.0,0.0,0.0,2.0,0.0,2.0
1,1802,12.278201754385965,0.3646842105263158,0.0263157894736842,2.131578947368421,0.4957105263157895,0.9210526315789472,2.1578947368421053,3.0789473684210527,0.5789473684210527,0.8421052631578947,0.2368421052631578,0.4736842105263157,1.7105263157894737,6.2631578947368425,1.5263157894736843
2,1845,2.959298245614035,0.2105263157894736,0.131578947368421,0.0,0.0,0.1052631578947368,0.1578947368421052,0.2631578947368421,0.3157894736842105,0.2105263157894736,0.1052631578947368,0.0526315789473684,0.3684210526315789,1.105263157894737,1.6842105263157894
3,1838,25.728566666666666,0.4553399999999999,0.3063,2.08,0.64228,1.14,2.36,3.5,1.64,1.06,1.54,0.4,2.86,10.06,-2.98
4,1831,8.523402777777777,0.1747916666666666,0.1284583333333333,0.625,0.2222083333333333,0.125,0.75,0.875,0.75,0.5,0.2083333333333333,0.0416666666666666,0.75,2.125,-1.3333333333333333
5,1824,2.708333333333333,0.25,0.0,0.0,0.0,0.5,0.5,1.0,0.0,1.0,0.5,0.5,2.0,1.0,-3.5
6,1823,6.727083333333333,0.125,0.0,0.75,0.375,0.75,0.5,1.25,0.25,0.25,0.0,0.25,2.25,1.25,-0.5
7,1820,2.1166666666666667,0.5,0.0,0.0,0.0,1.0,0.5,1.5,0.0,1.0,0.0,0.0,0.0,2.0,0.5
8,1817,4.645833333333333,0.375,0.0,0.5,0.25,0.0,0.0,0.0,0.75,0.5,0.75,0.0,0.0,1.5,-4.0
9,1751,9.51775,0.3958,0.0,0.75,0.24095,1.15,1.75,2.9,0.05,0.8,0.15,0.55,1.95,2.45,-0.6
10,1750,3.723,0.2,0.0,0.0,0.0,0.2,0.2,0.4,0.0,0.6,0.2,0.0,0.2,0.4,-2.4
11,1749,29.725102040816324,0.4142244897959183,0.3100612244897959,1.836734693877551,0.5834285714285714,0.4489795918367347,1.816326530612245,2.26530612244898,2.4693877551020407,1.6122448979591837,0.8979591836734694,0.4693877551020408,2.0,9.93877551020408,2.020408163265306
12,1748,5.252222222222222,0.5,0.1666666666666666,0.6666666666666666,0.3333333333333333,0.6666666666666666,0.6666666666666666,1.3333333333333333,0.3333333333333333,0.3333333333333333,0.0,0.0,1.0,4.333333333333333,3.0
13,1745,1.545,0.037,0.0,0.0,0.0,0.3333333333333333,0.0,0.3333333333333333,0.0,0.2222222222222222,0.0,0.0,0.2222222222222222,0.2222222222222222,-0.5555555555555556
14,1743,3.611111111111111,0.1333333333333333,0.0,0.0,0.0,0.0,0.0,0.0,0.3333333333333333,0.3333333333333333,0.0,0.0,1.3333333333333333,1.3333333333333333,-4.333333333333333
15,1742,2.1,0.0,0.0,1.5,0.375,0.0,0.0,0.0,0.5,0.0,0.0,0.0,0.0,1.5,-3.0
16,1741,12.6175,0.6077692307692307,0.0,0.8076923076923077,0.2847692307692308,1.0384615384615383,2.0,3.0384615384615383,0.1538461538461538,0.3846153846153846,0.4230769230769231,0.7692307692307693,1.6153846153846154,5.115384615384615,-2.6538461538461537
17,978,21.35892361111111,0.3310208333333334,0.2609583333333333,1.3125,0.3938333333333333,0.8958333333333334,2.083333333333333,2.9791666666666665,1.5,1.1041666666666667,0.8541666666666666,0.1458333333333333,0.8958333333333334,8.375,0.7291666666666666
18,1744,2.6159375,0.3124375,0.0,0.375,0.2083125,0.375,0.6875,1.0625,0.0625,0.5625,0.125,0.375,0.6875,1.5,-1.0
19,1752,3.223125,0.375,0.0,0.125,0.0625,0.0,0.125,0.125,0.0,0.375,0.125,0.0,0.375,1.375,-3.75
20,1764,10.72483870967742,0.2879677419354838,0.0483870967741935,0.8064516129032258,0.2586129032258064,0.6451612903225806,0.8709677419354839,1.5161290322580645,0.7096774193548387,0.5806451612903226,0.2903225806451613,0.1290322580645161,0.935483870967742,3.129032258064516,-1.5161290322580645
21,1757,14.782857142857145,0.2997857142857142,0.0872857142857142,0.5714285714285714,0.1821428571428571,0.1904761904761904,0.9761904761904762,1.1666666666666667,1.5714285714285714,1.0952380952380951,0.5,0.1666666666666666,1.5714285714285714,4.071428571428571,-3.595238095238096
22,1847,12.684302325581394,0.3954651162790697,0.0,0.5813953488372093,0.2441860465116279,0.8372093023255814,1.3488372093023255,2.186046511627907,0.6046511627906976,0.627906976744186,0.2093023255813953,0.6511627906976745,1.813953488372093,4.209302325581396,0.4883720930232558
23,1753,9.210555555555556,0.3115185185185185,0.0185185185185185,0.3333333333333333,0.1604814814814814,0.8888888888888888,1.1111111111111112,2.0,0.4814814814814814,0.4074074074074074,0.3333333333333333,0.074074074074074,0.8888888888888888,2.888888888888889,-1.3333333333333333
24,1800,14.347847222222224,0.3265416666666667,0.3312083333333333,0.5833333333333334,0.2125,0.25,1.5833333333333333,1.8333333333333333,1.75,0.7083333333333334,0.5416666666666666,0.0,0.9583333333333334,5.208333333333333,-0.1666666666666666
25,1754,8.107809523809523,0.2730857142857142,0.0,0.8,0.2266571428571428,0.8571428571428571,1.0,1.8571428571428568,0.4285714285714285,0.6285714285714286,0.5428571428571428,0.2,1.7714285714285714,3.257142857142857,-0.5714285714285714
26,1755,3.1333333333333333,1.0,1.0,1.0,0.5,0.0,0.0,0.0,2.0,0.0,0.0,0.0,1.0,4.0,4.0
27,1756,11.156574074074074,0.2685,0.0,1.0555555555555556,0.3796111111111111,1.0555555555555556,0.8333333333333334,1.8888888888888888,0.2777777777777778,0.5,0.1111111111111111,0.6111111111111112,1.7222222222222223,2.611111111111111,-3.6666666666666665
28,1852,10.805882352941175,0.2460588235294117,0.088235294117647,0.4705882352941176,0.2058823529411764,0.3529411764705882,0.9411764705882352,1.2941176470588236,0.9411764705882352,0.4117647058823529,0.1764705882352941,0.0,0.7058823529411765,2.3529411764705883,-0.2352941176470588
29,715,7.108333333333333,0.3352857142857143,0.0,0.3571428571428571,0.2142857142857142,0.5,1.0714285714285714,1.5714285714285714,0.0,0.1428571428571428,0.0714285714285714,0.1428571428571428,1.2142857142857142,2.2142857142857144,-3.142857142857143
30,12,5.116041666666667,0.1875,0.0,0.0,0.0,0.125,1.25,1.375,0.125,0.5,0.25,0.125,1.0,0.5,-1.75
31,1871,7.200404040404041,0.2964848484848485,0.0909090909090909,0.3333333333333333,0.1136363636363636,0.1515151515151515,0.5151515151515151,0.6666666666666666,0.9393939393939394,0.6666666666666666,0.1515151515151515,0.0303030303030303,0.6363636363636364,2.4242424242424243,-2.0303030303030303
32,1869,16.42683908045977,0.2480344827586206,0.2528620689655173,0.3793103448275862,0.1551724137931034,0.3103448275862069,1.137931034482759,1.4482758620689655,1.4137931034482758,1.0,0.6206896551724138,0.1724137931034483,1.0344827586206895,3.724137931034482,-4.0
33,1868,4.9,0.0,0.0,0.0,0.0,1.0,2.0,3.0,0.0,0.0,0.0,0.0,5.0,0.0,-2.0
34,1863,10.021136363636364,0.4038181818181818,0.1363636363636363,0.0909090909090909,0.0681818181818181,0.3181818181818182,0.4545454545454545,0.7727272727272727,1.5,0.9090909090909092,0.2727272727272727,0.0,0.9090909090909092,2.9545454545454546,-1.9545454545454544
35,1872,9.94043209876543,0.3405555555555555,0.037037037037037,0.7777777777777778,0.3333333333333333,1.1111111111111112,0.8888888888888888,2.0,0.2962962962962963,0.9629629629629628,0.1111111111111111,0.4074074074074074,1.0740740740740742,4.222222222222222,-1.851851851851852
36,1861,9.590833333333334,0.4166666666666667,0.0,0.3333333333333333,0.1666666666666666,0.1666666666666666,0.8333333333333334,1.0,1.3333333333333333,1.1666666666666667,0.1666666666666666,0.0,0.8333333333333334,1.3333333333333333,-2.333333333333333
37,1855,9.977857142857143,0.1785714285714285,0.1428571428571428,0.0,0.0,0.4285714285714285,0.2857142857142857,0.7142857142857143,0.5714285714285714,0.8571428571428571,0.7142857142857143,0.1428571428571428,0.8571428571428571,1.2857142857142858,1.2857142857142858
38,1858,1.5833333333333333,0.0,0.0,0.0,0.0,0.0,0.0,0.0,0.0,1.0,0.0,0.0,0.0,0.0,-1.0
39,1720,15.906802721088434,0.4359183673469388,0.0,1.1020408163265305,0.3407755102040816,1.346938775510204,1.673469387755102,3.020408163265306,0.4081632653061224,0.5306122448979592,0.3877551020408163,0.3469387755102041,2.3877551020408165,6.204081632653061,2.63265306122449
40,1719,5.109523809523809,0.5142857142857143,0.0714285714285714,1.1428571428571428,0.1785714285714285,0.5714285714285714,0.7142857142857143,1.2857142857142858,0.4285714285714285,0.8571428571428571,0.1428571428571428,0.1428571428571428,0.7142857142857143,4.428571428571429,-1.2857142857142858
41,1600,18.030966666666664,0.34936,0.0,1.8,0.4901,1.4,2.06,3.46,0.8,0.96,0.46,0.34,1.76,6.16,-4.88
42,1718,33.966006944444445,0.4290208333333333,0.3760625,2.895833333333333,0.5877916666666666,2.4375,4.0,6.4375,2.395833333333333,2.3541666666666665,1.7083333333333333,1.0416666666666667,2.895833333333333,16.479166666666668,-1.3541666666666667
43,1717,20.408900709219857,0.3690212765957447,0.1269361702127659,2.106382978723404,0.578936170212766,0.8723404255319149,2.574468085106383,3.4468085106382977,1.0,1.553191489361702,0.6170212765957447,0.574468085106383,2.234042553191489,8.191489361702128,-0.3617021276595745
44,1716,19.76523333333333,0.3946,0.09332,2.14,0.4922399999999999,1.66,2.12,3.78,1.54,1.36,0.88,0.28,1.94,9.1,0.28
45,1721,14.61315476190476,0.4277142857142856,0.0,0.75,0.2743928571428571,1.2857142857142858,2.142857142857143,3.4285714285714284,0.3571428571428571,0.75,0.3571428571428571,1.1071428571428572,1.8571428571428568,3.321428571428572,-1.6785714285714286
46,1725,15.091666666666669,0.25,0.0,1.0,0.5,1.5,2.5,4.0,0.5,0.5,0.0,0.0,2.5,4.0,0.5
47,1591,6.306666666666667,0.45825,0.25,0.5,0.25,0.75,0.25,1.0,1.25,1.5,0.5,0.0,0.5,2.75,-3.0
48,1724,12.95264705882353,0.2644411764705882,0.2083235294117647,0.2352941176470588,0.1176470588235294,0.088235294117647,0.8529411764705882,0.9411764705882352,1.5294117647058822,0.9117647058823528,0.3529411764705882,0.1176470588235294,1.7941176470588236,3.4705882352941178,-0.2941176470588235
49,1593,11.3478125,0.39259375,0.0,0.59375,0.221375,1.28125,2.75,4.03125,0.40625,0.84375,0.15625,0.40625,2.0625,3.34375,-1.40625
50,1723,22.3006,0.4675399999999999,0.12834,2.04,0.5307,1.76,2.52,4.28,0.9,1.46,0.6,0.12,2.24,8.16,-0.06
51,1715,36.12393333333333,0.3657399999999999,0.28918,1.58,0.49416,0.28,2.78,3.06,5.98,2.86,1.9,0.02,1.82,12.82,-0.88
52,1710,35.11683333333333,0.42146,0.11698,2.54,0.60212,0.6,2.12,2.72,6.5,2.92,1.56,0.1,2.44,13.24,-6.8
53,1709,28.469444444444445,0.4446444444444444,0.0,1.2666666666666666,0.2915111111111111,2.6666666666666665,5.266666666666667,7.933333333333334,0.5555555555555556,1.8888888888888888,0.6,1.2222222222222223,3.0444444444444443,8.911111111111111,-6.155555555555556
54,1630,2.6333333333333333,0.5,0.0,1.0,0.5,0.0,0.5,0.5,0.0,0.0,0.0,0.0,0.0,2.0,4.5
55,1514,2.1597222222222223,0.25,0.0,0.0,0.0,0.1666666666666666,0.0,0.1666666666666666,0.0,0.3333333333333333,0.1666666666666666,0.0,0.6666666666666666,0.6666666666666666,-2.5
56,1714,16.031632653061223,0.5352040816326531,0.0,0.8775510204081632,0.2891428571428571,1.6326530612244898,2.0816326530612246,3.7142857142857135,0.7755102040816326,0.8571428571428571,0.8979591836734694,0.8979591836734694,2.857142857142857,5.285714285714286,1.3673469387755102
57,1713,35.21896666666667,0.4541199999999999,0.20166,4.08,0.7047599999999999,1.88,3.78,5.66,2.98,2.2,1.1,1.54,2.78,18.26,0.9
58,1727,13.849529914529914,0.3892307692307692,0.1239230769230769,1.0256410256410255,0.3466666666666667,0.6666666666666666,1.2564102564102564,1.9230769230769231,0.4615384615384615,0.5128205128205128,0.2051282051282051,0.0769230769230769,1.5897435897435896,5.564102564102564,1.0
59,1712,22.518829787234043,0.4197021276595744,0.0638297872340425,1.9148936170212767,0.4304893617021276,2.7872340425531914,3.617021276595745,6.404255319148936,0.723404255319149,1.446808510638298,0.8085106382978723,0.3404255319148936,2.1702127659574466,9.5531914893617,-1.0212765957446808
60,1711,32.356944444444444,0.4563333333333333,0.3194166666666667,3.0,0.559,2.75,4.833333333333333,7.583333333333333,0.6666666666666666,0.75,0.75,1.4166666666666667,3.1666666666666665,13.833333333333334,-5.5
61,138,8.941666666666666,0.16,0.0,0.2,0.1,1.6,0.8,2.4,0.2,1.4,0.4,0.0,1.2,1.8,1.8
62,1722,31.127366666666667,0.44156,0.3606,0.92,0.32628,0.52,1.14,1.66,1.9,1.32,0.54,0.22,1.8,10.94,2.76
63,1734,6.025,0.3,0.0,1.0,0.5,0.0,1.5,1.5,0.0,0.5,0.0,0.0,1.0,4.0,3.0
64,1733,7.572301587301586,0.1917619047619047,0.0,0.4285714285714285,0.1785714285714285,0.9523809523809524,0.9047619047619048,1.8571428571428568,0.238095238095238,0.5238095238095238,0.1904761904761904,0.0952380952380952,1.238095238095238,2.142857142857143,-1.1904761904761905
65,1732,25.98429078014184,0.418531914893617,0.1312127659574468,1.851063829787234,0.4836382978723405,1.4680851063829787,2.0638297872340425,3.5319148936170213,1.319148936170213,1.74468085106383,1.0425531914893618,0.2978723404255319,2.723404255319149,9.297872340425531,-4.723404255319149
66,1735,13.524202898550724,0.4045652173913043,0.0,0.9130434782608696,0.1818695652173913,1.173913043478261,2.0869565217391304,3.260869565217391,0.5217391304347826,1.391304347826087,0.4347826086956521,1.0,2.5217391304347827,5.521739130434782,-1.434782608695652
67,1740,7.379083333333334,0.2819,0.05,0.4,0.1625,0.65,0.6,1.25,0.2,1.0,0.4,0.05,0.95,2.35,-2.6
68,1739,5.927083333333333,0.2533333333333333,0.0416666666666666,0.9166666666666666,0.3785,0.7083333333333334,0.5416666666666666,1.25,0.0833333333333333,0.5,0.2083333333333333,0.125,0.6666666666666666,2.708333333333333,-1.0833333333333333
69,1562,3.179298245614035,0.2017368421052631,0.0,0.5789473684210527,0.2289473684210526,0.3157894736842105,0.4210526315789473,0.7368421052631579,0.2105263157894736,0.2105263157894736,0.1052631578947368,0.0526315789473684,0.631578947368421,1.2105263157894737,0.2105263157894736
70,1737,4.62801282051282,0.2980384615384615,0.0,0.4615384615384615,0.2115384615384615,0.6923076923076923,0.7307692307692307,1.4230769230769231,0.0769230769230769,0.4615384615384615,0.1923076923076923,0.1538461538461538,0.8461538461538461,1.6153846153846154,1.1923076923076923
71,1736,10.25983870967742,0.2756129032258064,0.075258064516129,0.8709677419354839,0.2527096774193548,0.4838709677419355,0.8064516129032258,1.2903225806451613,0.3225806451612903,0.6774193548387096,0.3548387096774194,0.2580645161290322,1.4838709677419355,3.806451612903226,-3.548387096774193
72,1731,12.665444444444445,0.3772,0.1888666666666666,0.8,0.1933333333333333,0.0666666666666666,0.2666666666666666,0.3333333333333333,1.6666666666666667,0.7333333333333333,0.3333333333333333,0.0,1.8666666666666667,5.0,-0.0666666666666666
73,1730,12.182142857142855,0.385904761904762,0.0,0.9523809523809524,0.3273809523809524,0.9523809523809524,1.5714285714285714,2.523809523809524,0.0476190476190476,0.9047619047619048,0.4761904761904761,0.6190476190476191,0.9523809523809524,4.095238095238095,0.2857142857142857
74,1729,12.178985507246376,0.323695652173913,0.0434782608695652,0.9782608695652174,0.3327391304347826,0.8695652173913043,0.9565217391304348,1.826086956521739,1.2608695652173914,1.173913043478261,0.6521739130434783,0.1521739130434782,1.0,4.543478260869565,-0.3478260869565217
75,1728,10.29357843137255,0.3507058823529411,0.0147058823529411,1.088235294117647,0.3823529411764705,0.3529411764705882,1.1176470588235294,1.4705882352941178,0.4117647058823529,0.6764705882352942,0.0588235294117647,0.0294117647058823,0.7058823529411765,4.764705882352941,-0.6764705882352942
