,PLAYER_ID,MIN,FG_PCT,FG3_PCT,FTM,FT_PCT,OREB,DREB,REB,AST,TOV,STL,BLK,PF,PTS,PLUS_MINUS
0,1903,24.932777777777776,0.3505,0.1854027777777777,1.9166666666666667,0.4930694444444444,2.0416666666666665,4.027777777777778,6.069444444444445,1.5694444444444444,1.5555555555555556,0.75,0.3055555555555556,2.3194444444444446,8.25,0.7222222222222222
1,1919,6.768030303030303,0.202030303030303,0.0555454545454545,0.1212121212121212,0.0606060606060606,0.0606060606060606,0.7272727272727273,0.7878787878787878,0.7575757575757576,0.5757575757575758,0.2121212121212121,0.1212121212121212,0.7878787878787878,1.4848484848484849,-0.3636363636363636
2,1928,9.417470238095238,0.3791428571428571,0.0,0.5,0.1970357142857143,0.8571428571428571,1.75,2.607142857142857,0.2321428571428571,0.4642857142857143,0.1964285714285714,0.6607142857142857,1.6785714285714286,3.678571428571429,0.3928571428571428
3,1906,5.908333333333333,0.2875,0.0,0.25,0.125,0.75,0.25,1.0,0.5,0.5,0.0,0.75,0.25,2.75,4.75
4,1904,6.951530612244898,0.3315918367346939,0.1452244897959183,0.5510204081632653,0.1972857142857143,0.5918367346938775,0.9387755102040816,1.530612244897959,0.2448979591836734,0.4285714285714285,0.2040816326530612,0.0816326530612244,1.1020408163265305,3.163265306122449,0.3061224489795918
5,1967,1.9666666666666663,0.0,0.0,0.0,0.0,0.0,0.5,0.5,0.0,0.0,0.0,0.0,0.0,0.0,-3.5
6,1930,5.973333333333333,0.3022727272727273,0.0,0.3636363636363636,0.1818181818181818,0.5454545454545454,1.0,1.5454545454545454,0.0454545454545454,0.4545454545454545,0.1818181818181818,0.1363636363636363,0.9090909090909092,1.5454545454545454,-3.1818181818181817
7,1559,26.78060185185185,0.3794444444444445,0.1236111111111111,1.6527777777777777,0.4942083333333333,1.7777777777777777,3.388888888888889,5.166666666666667,2.458333333333333,1.2916666666666667,1.6111111111111112,0.2083333333333333,3.083333333333333,6.736111111111111,-0.4305555555555556
8,1937,5.544266666666666,0.24528,0.0,1.12,0.40664,0.52,0.88,1.4,0.2,0.36,0.08,0.04,0.72,2.16,0.04
9,1902,4.494736842105263,0.3368421052631579,0.0,0.8947368421052632,0.324578947368421,0.631578947368421,1.0526315789473684,1.6842105263157894,0.2631578947368421,0.1052631578947368,0.2631578947368421,0.0526315789473684,0.9473684210526316,2.263157894736842,-0.6842105263157895
10,1898,9.114094202898553,0.3397391304347826,0.0,0.5217391304347826,0.248195652173913,0.4782608695652174,1.3695652173913044,1.8478260869565215,0.3043478260869565,0.4565217391304347,0.3043478260869565,0.1956521739130435,1.0,2.652173913043478,-2.0434782608695654
11,1926,24.633333333333333,0.333,0.0,1.0,1.0,0.0,0.0,0.0,0.0,0.0,0.0,0.0,0.0,5.0,-15.0
12,2000,20.28373333333333,0.30864,0.20264,1.56,0.5000399999999999,0.44,1.6,2.04,2.64,1.48,0.92,0.08,1.28,7.6,-1.72
13,1920,7.59375,0.234375,0.0,0.0,0.0,1.5,1.25,2.75,0.0,0.375,0.125,0.0,1.625,1.0,-5.25
14,1899,25.328806584362137,0.3828518518518518,0.2891975308641975,1.4814814814814814,0.4382592592592593,1.0493827160493827,2.8641975308641974,3.91358024691358,1.8024691358024687,1.1728395061728396,1.2098765432098766,0.4074074074074074,2.555555555555556,8.17283950617284,-0.8395061728395061
15,1983,10.338809523809523,0.0357142857142857,0.0,0.7142857142857143,0.1667142857142857,0.1428571428571428,1.4285714285714286,1.5714285714285714,0.5714285714285714,1.0,0.4285714285714285,0.0,1.0,1.0,0.5714285714285714
16,1900,12.134054054054053,0.3180945945945946,0.1666756756756756,0.5135135135135135,0.1869324324324324,0.6216216216216216,0.9054054054054054,1.527027027027027,0.5405405405405406,0.6216216216216216,0.3243243243243243,0.2027027027027027,2.135135135135135,3.824324324324324,-1.054054054054054
17,1901,14.924833333333334,0.3820666666666666,0.2332999999999999,1.7,0.4485666666666666,0.5,0.7666666666666667,1.2666666666666666,0.9,0.9333333333333332,0.5,0.1333333333333333,0.9333333333333332,6.5,-4.0
18,1975,6.630238095238096,0.4857142857142857,0.0,0.1428571428571428,0.1428571428571428,0.1428571428571428,0.5714285714285714,0.7142857142857143,0.8571428571428571,0.7142857142857143,0.1428571428571428,0.0,0.2857142857142857,2.4285714285714284,-6.142857142857143
19,1953,9.626372549019608,0.2811764705882353,0.0,0.3529411764705882,0.0794117647058823,0.8235294117647058,1.5294117647058822,2.3529411764705883,0.5882352941176471,0.3529411764705882,0.3529411764705882,0.1764705882352941,0.5294117647058824,3.647058823529412,1.9411764705882355
20,1916,12.931818181818182,0.2848181818181818,0.0,0.9090909090909092,0.3636363636363636,1.3636363636363635,1.5454545454545454,2.909090909090909,0.6363636363636364,0.5454545454545454,0.2727272727272727,1.2727272727272727,2.090909090909091,3.8181818181818175,-1.0909090909090908
21,1911,11.4765625,0.2745625,0.0625,0.3125,0.15625,0.0625,0.625,0.6875,1.25,1.0,0.4375,0.0,1.375,2.3125,-1.1875
22,1913,13.665399061032865,0.2865915492957746,0.0,0.6056338028169014,0.2204225352112676,1.647887323943662,1.8732394366197185,3.5211267605633805,0.6197183098591549,0.8309859154929577,0.3661971830985915,0.3661971830985915,2.3943661971830985,2.23943661971831,-2.23943661971831
23,1934,11.329950980392155,0.2925294117647058,0.1078235294117647,0.4705882352941176,0.1681470588235294,0.2941176470588235,1.1176470588235294,1.411764705882353,0.6176470588235294,0.2647058823529412,0.2941176470588235,0.2352941176470588,1.2941176470588236,4.323529411764706,-0.7058823529411765
24,1943,13.438888888888888,0.0833333333333333,0.0,0.6666666666666666,0.25,0.3333333333333333,0.6666666666666666,1.0,1.6666666666666667,1.0,0.0,0.0,1.3333333333333333,1.3333333333333333,0.6666666666666666
25,1914,13.235481481481482,0.2702888888888889,0.2126888888888888,0.6,0.1929555555555555,0.2666666666666666,0.8888888888888888,1.1555555555555554,2.466666666666667,0.9333333333333332,0.3333333333333333,0.0444444444444444,1.6444444444444444,3.1333333333333333,-1.4444444444444444
26,1942,6.185972222222222,0.2444166666666666,0.0,0.3333333333333333,0.0833333333333333,1.3333333333333333,0.4166666666666667,1.75,0.3333333333333333,0.3333333333333333,0.1666666666666666,0.0833333333333333,1.4166666666666667,1.5,-1.5
27,1915,12.065806451612904,0.4080967741935484,0.0,0.4838709677419355,0.1935483870967742,1.2903225806451613,2.193548387096774,3.4838709677419355,0.6774193548387096,0.6774193548387096,0.2580645161290322,0.6774193548387096,2.7096774193548385,2.935483870967742,-0.8709677419354839
28,1944,16.618756218905474,0.4837910447761194,0.0,0.7014925373134329,0.3582089552238806,0.8059701492537313,1.9402985074626864,2.746268656716418,0.4776119402985074,0.582089552238806,0.7164179104477612,0.373134328358209,1.0,7.029850746268656,1.8656716417910448
29,1909,9.212411347517731,0.232531914893617,0.0897021276595744,0.4042553191489361,0.1648936170212765,0.5106382978723404,1.3617021276595744,1.872340425531915,0.5319148936170213,0.4680851063829787,0.2978723404255319,0.1702127659574468,1.1702127659574468,2.5531914893617023,-0.6808510638297872
30,1954,3.2,0.0,0.0,0.0,0.0,0.0,0.0,0.0,1.0,0.0,0.0,0.0,2.0,0.0,-11.0
31,1908,4.168131313131314,0.2348484848484848,0.0606060606060606,0.3333333333333333,0.1439393939393939,0.4848484848484848,0.6666666666666666,1.1515151515151516,0.1515151515151515,0.4242424242424242,0.1818181818181818,0.1515151515151515,0.303030303030303,1.7272727272727273,-0.1515151515151515
32,1965,10.706190476190477,0.4397142857142857,0.0,0.5714285714285714,0.1825238095238095,1.1428571428571428,1.1904761904761905,2.333333333333333,0.4285714285714285,0.6666666666666666,0.1428571428571428,0.0476190476190476,1.4285714285714286,3.9047619047619047,0.9047619047619048
33,1960,7.420817610062893,0.3399245283018867,0.0,0.4150943396226415,0.1477924528301887,0.320754716981132,0.6415094339622641,0.9622641509433962,0.9056603773584906,0.8301886792452831,0.3773584905660377,0.0,0.6037735849056604,2.037735849056604,-0.8113207547169812
34,1918,9.050897435897436,0.3715128205128205,0.0,1.1025641025641026,0.388025641025641,0.8717948717948718,1.4871794871794872,2.358974358974359,0.2051282051282051,0.6666666666666666,0.2307692307692307,0.1025641025641025,1.564102564102564,3.2051282051282053,-0.6923076923076923
35,1907,23.91637777777777,0.3965066666666667,0.2180933333333333,1.6933333333333334,0.49768,0.76,1.6933333333333334,2.453333333333333,3.293333333333333,1.76,1.2133333333333334,0.1733333333333333,2.32,9.413333333333334,-3.6
36,1897,31.105671296296293,0.3965972222222222,0.2727083333333333,2.611111111111111,0.524875,0.8611111111111112,3.4166666666666665,4.277777777777778,2.736111111111111,2.305555555555556,1.6527777777777777,0.5416666666666666,2.208333333333333,12.02777777777778,-4.763888888888889
37,1761,19.217256944444443,0.3946875,0.0902708333333333,0.8958333333333334,0.3307291666666667,1.1666666666666667,2.458333333333333,3.625,1.1458333333333333,0.75,0.7916666666666666,0.4166666666666667,3.083333333333333,5.729166666666667,0.25
38,1760,11.921458333333334,0.397,0.166625,0.375,0.25,1.75,1.5,3.25,0.625,0.75,0.125,0.125,1.25,5.0,3.125
39,1763,11.333365384615384,0.3222307692307692,0.0192307692307692,0.7307692307692307,0.2461538461538461,1.4423076923076923,0.75,2.1923076923076925,0.3846153846153846,0.2692307692307692,0.75,0.25,1.8269230769230769,2.519230769230769,-0.5192307692307693
40,1088,19.85060975609756,0.4104878048780488,0.2497682926829268,1.1829268292682926,0.4086219512195121,0.2439024390243902,1.2926829268292683,1.5365853658536586,3.731707317073171,1.7317073170731707,0.6341463414634146,0.0365853658536585,1.670731707317073,9.53658536585366,-0.0853658536585365
41,1085,1.6404545454545454,0.1818181818181818,0.0,0.0909090909090909,0.0454545454545454,0.0,0.1818181818181818,0.1818181818181818,0.0909090909090909,0.0909090909090909,0.0909090909090909,0.0,0.0,0.4545454545454545,-1.7272727272727273
42,1726,5.227352941176471,0.2891764705882353,0.0,0.2941176470588235,0.1470588235294117,0.7647058823529411,1.1764705882352942,1.9411764705882355,0.2941176470588235,0.4705882352941176,0.1764705882352941,0.0588235294117647,0.8235294117647058,1.9411764705882355,-2.411764705882353
43,1747,13.341913580246914,0.2388888888888889,0.0925925925925925,0.1111111111111111,0.0555555555555555,0.1851851851851851,0.6666666666666666,0.8518518518518519,2.592592592592593,1.0740740740740742,0.4444444444444444,0.0,1.0740740740740742,2.2222222222222223,-4.0
44,1746,7.107333333333332,0.2666,0.0,0.0,0.0,0.6,0.8,1.4,0.0,0.6,0.2,0.0,1.0,1.2,-0.4
45,1888,19.287042253521125,0.4036338028169014,0.2086760563380282,1.4507042253521127,0.4575211267605634,0.5352112676056338,1.2816901408450705,1.816901408450704,1.5211267605633805,1.1830985915492958,0.3943661971830985,0.0845070422535211,2.0,9.0,-1.408450704225352
46,1887,29.73726027397261,0.4765479452054794,0.1757945205479452,1.821917808219178,0.4830821917808219,1.2191780821917808,2.506849315068493,3.7260273972602738,2.7534246575342465,1.1369863013698631,0.7945205479452054,0.3150684931506849,2.3972602739726026,11.575342465753424,2.6575342465753424
47,1886,5.46,0.3215833333333333,0.0625,0.6666666666666666,0.2916666666666667,0.1666666666666666,0.7083333333333334,0.875,0.125,0.2916666666666667,0.0416666666666666,0.2083333333333333,0.75,2.6666666666666665,-0.0833333333333333
48,1885,36.40217105263158,0.440328947368421,0.2925921052631579,3.973684210526316,0.64925,2.0921052631578947,5.7368421052631575,7.828947368421052,4.171052631578948,3.3947368421052637,1.1973684210526316,1.25,3.8289473684210527,16.56578947368421,-5.907894736842105
49,1884,18.578272357723577,0.4012195121951219,0.1623780487804878,1.1829268292682926,0.3975609756097561,0.5853658536585366,1.4268292682926829,2.0121951219512195,3.768292682926829,1.7073170731707317,1.1829268292682926,0.2317073170731707,2.451219512195122,5.926829268292683,0.6585365853658537
50,1883,36.04363636363637,0.435987012987013,0.3196233766233766,3.727272727272727,0.671987012987013,1.974025974025974,3.3376623376623376,5.311688311688312,6.584415584415584,3.9740259740259742,1.5324675324675323,0.3766233766233766,3.0,18.025974025974023,-2.064935064935065
51,1882,36.99520576131688,0.4795308641975308,0.0,4.530864197530864,0.6578395061728396,4.296296296296297,5.703703703703703,10.0,1.9135802469135803,2.814814814814815,0.8148148148148148,1.6296296296296295,3.197530864197531,20.08641975308642,-7.9753086419753085
52,1889,25.575752032520324,0.436219512195122,0.0894268292682926,2.756097560975609,0.6789390243902439,1.0365853658536586,2.3780487804878048,3.414634146341464,5.804878048780488,2.024390243902439,1.024390243902439,0.2073170731707317,2.365853658536585,11.146341463414634,-1.329268292682927
53,1895,8.142994350282486,0.2632881355932203,0.1412372881355932,0.4067796610169492,0.1652542372881356,0.135593220338983,0.5423728813559322,0.6779661016949152,1.4915254237288136,0.711864406779661,0.2372881355932203,0.0338983050847457,1.0169491525423728,2.610169491525424,-1.7966101694915255
54,1894,17.7604329004329,0.4385324675324675,0.0259740259740259,2.5454545454545454,0.5578831168831169,1.5974025974025974,2.3376623376623376,3.935064935064935,0.7922077922077922,1.792207792207792,0.3116883116883117,0.3376623376623376,2.1948051948051948,8.38961038961039,-0.7662337662337663
55,1893,8.075,0.1333333333333333,0.0,1.0,0.3333333333333333,0.6666666666666666,2.0,2.6666666666666665,0.3333333333333333,1.6666666666666667,0.6666666666666666,0.3333333333333333,1.6666666666666667,2.333333333333333,-2.6666666666666665
56,1892,14.420833333333334,0.2855999999999999,0.2667,1.1,0.5,0.4,1.1,1.5,1.1,0.6,0.5,0.0,1.6,4.9,6.0
57,1891,23.28567901234568,0.3836543209876543,0.2208888888888888,1.3950617283950617,0.4847654320987654,0.2962962962962963,1.7530864197530864,2.049382716049383,4.271604938271605,1.9259259259259256,1.1111111111111112,0.1234567901234567,1.6419753086419753,8.11111111111111,-3.197530864197531
58,1890,24.77395424836601,0.4545098039215686,0.0490196078431372,1.411764705882353,0.4231960784313725,2.0588235294117645,4.450980392156863,6.509803921568627,1.3529411764705883,1.0,0.7450980392156863,1.03921568627451,2.215686274509804,10.196078431372548,2.313725490196078
59,1844,4.880416666666667,0.15625,0.166625,0.125,0.0625,0.0,0.125,0.125,0.0,0.5,0.375,0.0,0.25,1.625,2.75
60,927,6.766148148148147,0.2465333333333333,0.0,0.4666666666666667,0.1351777777777777,0.4444444444444444,1.0,1.4444444444444444,0.5777777777777777,0.4,0.1777777777777777,0.3111111111111111,1.488888888888889,1.5777777777777775,-0.3777777777777777
61,1853,23.56386075949367,0.3338227848101265,0.0379746835443038,1.1772151898734178,0.3821392405063291,0.6075949367088608,1.9113924050632911,2.518987341772152,4.784810126582278,2.189873417721519,1.1772151898734178,0.0632911392405063,2.113924050632912,6.30379746835443,0.2658227848101265
62,680,21.072479166666668,0.40665,0.0125,2.7875,0.623525,0.775,2.55,3.325,1.1875,1.7375,0.4375,0.4625,2.0125,10.45,0.0875
63,676,12.449166666666668,0.3455454545454545,0.0,0.5454545454545454,0.2197272727272727,1.4090909090909092,2.6818181818181817,4.090909090909091,0.6818181818181818,1.2727272727272727,0.1818181818181818,0.6363636363636364,1.1363636363636365,3.727272727272727,-1.6363636363636365
