,PLAYER_ID,MIN,FG_PCT,FG3_PCT,FTM,FT_PCT,OREB,DREB,REB,AST,TOV,STL,BLK,PF,PTS,PLUS_MINUS
0,2073,8.28411111111111,0.2134666666666666,0.0,0.7333333333333333,0.2344666666666666,0.5333333333333333,1.0,1.5333333333333334,0.2,0.6,0.4666666666666667,0.1333333333333333,1.8,2.066666666666667,-2.2666666666666666
1,2066,6.561911764705882,0.2332941176470588,0.0,0.2941176470588235,0.1176470588235294,0.6470588235294118,0.9117647058823528,1.5588235294117647,0.0294117647058823,0.1176470588235294,0.0588235294117647,0.4117647058823529,0.6764705882352942,1.3529411764705883,-0.7058823529411765
2,2065,10.557450980392156,0.3150588235294118,0.0489999999999999,0.5882352941176471,0.1911764705882352,0.5882352941176471,0.7058823529411765,1.2941176470588236,0.5882352941176471,0.4117647058823529,0.2941176470588235,0.1764705882352941,0.4705882352941176,3.0,-1.1176470588235294
3,2064,18.7067,0.3388,0.21336,1.12,0.26682,0.42,1.2,1.62,2.9,1.08,0.96,0.04,1.98,6.28,-3.52
4,2067,10.8961,0.40206,0.18466,0.48,0.18334,0.1,0.74,0.84,1.04,0.7,0.26,0.0,1.16,5.02,-0.16
5,2069,13.5436301369863,0.4247808219178082,0.0,1.0,0.3926986301369863,0.6712328767123288,1.7123287671232876,2.3835616438356166,0.3424657534246575,0.9178082191780822,0.1506849315068493,0.1232876712328767,2.232876712328767,4.36986301369863,-3.2739726027397262
6,1554,11.94361111111111,0.1041666666666666,0.0,0.0,0.0,0.5,1.3333333333333333,1.8333333333333333,0.3333333333333333,0.5,1.0,0.0,1.1666666666666667,1.0,-2.0
7,1985,6.366666666666666,0.1666666666666666,0.0,1.6666666666666667,0.5833333333333334,1.0,1.6666666666666667,2.6666666666666665,0.0,0.6666666666666666,0.0,0.0,1.3333333333333333,3.0,-3.0
8,2072,5.841944444444445,0.1553333333333333,0.0,0.5,0.1666666666666666,0.5,0.1666666666666666,0.6666666666666666,0.1666666666666666,0.1666666666666666,0.1666666666666666,0.0,0.3333333333333333,2.1666666666666665,-1.3333333333333333
9,2068,6.465769230769231,0.3339615384615385,0.1153846153846153,0.8461538461538461,0.2916538461538461,0.3076923076923077,0.6538461538461539,0.9615384615384616,0.1923076923076923,0.6538461538461539,0.1538461538461538,0.0769230769230769,0.4615384615384615,2.269230769230769,0.3076923076923077
10,2054,16.607456140350877,0.4281052631578947,0.0,0.9473684210526316,0.2836140350877193,1.456140350877193,2.789473684210526,4.245614035087719,0.3333333333333333,1.1578947368421053,0.175438596491228,0.9649122807017544,2.4035087719298245,4.491228070175438,-0.9649122807017544
11,2053,7.427,0.1533142857142857,0.0,0.3714285714285714,0.1952285714285714,0.6285714285714286,0.9714285714285714,1.6,0.2857142857142857,0.6,0.2571428571428571,0.4571428571428571,1.2571428571428571,1.3428571428571427,-1.6285714285714286
12,2121,4.105555555555555,0.0,0.0,0.0,0.0,0.0,0.3333333333333333,0.3333333333333333,0.3333333333333333,0.6666666666666666,0.0,0.0,1.0,0.0,-2.0
13,2123,3.925,0.25,0.0,0.0,0.0,0.5,0.0,0.5,0.25,0.5,0.0,0.25,0.25,0.5,-2.5
14,2058,9.098261904761904,0.2922285714285714,0.0142857142857142,0.3714285714285714,0.1607142857142857,1.0571428571428572,1.1142857142857143,2.1714285714285717,0.3428571428571428,0.3857142857142857,0.1142857142857142,0.1142857142857142,1.5857142857142856,1.957142857142857,-1.3428571428571427
15,2128,18.64272727272727,0.4142272727272727,0.0,1.3636363636363635,0.4340909090909091,0.6818181818181818,1.0,1.681818181818182,3.0,1.681818181818182,1.0454545454545454,0.1363636363636363,2.0,5.545454545454546,-0.0909090909090909
16,2061,7.293282828282829,0.3132424242424242,0.0,0.4848484848484848,0.1757575757575757,0.3939393939393939,0.8484848484848485,1.2424242424242424,0.1212121212121212,0.2424242424242424,0.2121212121212121,0.0303030303030303,0.4848484848484848,2.727272727272727,-1.181818181818182
17,2130,15.973930817610064,0.367377358490566,0.3577358490566037,0.5283018867924528,0.2358490566037736,0.1886792452830188,1.0,1.1886792452830188,1.339622641509434,0.6415094339622641,0.4150943396226415,0.0377358490566037,1.0754716981132075,5.037735849056604,-0.4150943396226415
18,2057,4.669583333333334,0.32325,0.1875,0.0,0.0,0.0,0.375,0.375,0.75,0.625,0.25,0.0,0.25,2.375,-1.25
19,2109,19.028125,0.43825,0.25,0.5,0.3125,0.0,1.125,1.125,3.0,1.25,0.5,0.125,1.125,4.875,-5.25
20,2106,8.925294117647057,0.2082058823529411,0.0,0.7352941176470589,0.3161764705882353,0.3529411764705882,1.0,1.3529411764705883,0.088235294117647,0.3529411764705882,0.1764705882352941,0.5294117647058824,1.1176470588235294,2.2058823529411766,0.2352941176470588
21,2092,5.638589743589743,0.173076923076923,0.0,0.1538461538461538,0.1153846153846153,1.2307692307692308,1.0,2.230769230769231,0.3846153846153846,0.3846153846153846,0.2307692307692307,0.1538461538461538,1.0769230769230769,1.2307692307692308,1.5384615384615383
22,2098,5.336666666666667,0.3547142857142857,0.1428571428571428,1.0,0.3214285714285714,0.1428571428571428,1.1428571428571428,1.2857142857142858,0.2857142857142857,0.4285714285714285,0.1428571428571428,0.1428571428571428,1.2857142857142858,4.571428571428571,-0.1428571428571428
23,2059,10.814791666666666,0.431125,0.025,0.35,0.105075,1.025,1.35,2.375,0.675,0.425,0.325,0.2,1.2,3.275,-1.525
24,1956,6.742777777777778,0.2078148148148148,0.1296296296296296,0.2962962962962963,0.1203703703703703,0.4814814814814814,0.8148148148148148,1.2962962962962965,0.2222222222222222,0.2592592592592592,0.074074074074074,0.1481481481481481,0.6666666666666666,2.0,-2.4074074074074074
25,1609,2.076666666666666,0.0,0.0,0.0,0.0,0.2222222222222222,0.6666666666666666,0.8888888888888888,0.1111111111111111,0.2222222222222222,0.0,0.3333333333333333,0.5555555555555556,0.0,-1.2222222222222223
26,1917,7.761,0.2466,0.0,1.6,0.5,0.2,1.2,1.4,0.0,0.2,0.0,0.0,1.6,4.8,-5.8
27,2101,10.788272727272728,0.4204545454545454,0.0272727272727272,0.7636363636363637,0.2817454545454546,0.7272727272727273,0.7090909090909091,1.4363636363636365,0.6909090909090909,0.8545454545454545,0.4545454545454545,0.0727272727272727,1.4545454545454546,4.763636363636364,-0.1636363636363636
28,2091,10.734444444444444,0.4033888888888889,0.0,0.7777777777777778,0.2762222222222222,0.6481481481481481,1.2407407407407407,1.8888888888888888,0.2037037037037037,0.8703703703703703,0.3148148148148148,0.3888888888888889,1.8703703703703705,3.1481481481481484,0.037037037037037
29,2084,22.451307189542483,0.3678235294117647,0.0,1.843137254901961,0.4280196078431372,1.7450980392156863,1.96078431372549,3.7058823529411766,1.196078431372549,1.156862745098039,0.8823529411764706,0.1176470588235294,2.176470588235294,8.627450980392156,-5.509803921568627
30,2082,9.744444444444444,0.3471666666666667,0.0,0.0,0.0,1.6666666666666667,1.1666666666666667,2.833333333333333,0.1666666666666666,0.5,0.0,0.3333333333333333,1.8333333333333333,3.0,-4.5
31,2063,8.997604166666667,0.3125,0.0,0.5,0.25,0.75,1.375,2.125,0.3125,0.75,0.3125,0.375,2.375,1.875,-3.9375
32,1924,11.130992063492064,0.4236666666666667,0.0,0.7619047619047619,0.2678571428571428,0.6904761904761905,1.5,2.1904761904761907,0.5714285714285714,0.6428571428571429,0.2142857142857142,0.119047619047619,1.4285714285714286,3.9047619047619047,0.6904761904761905
33,2055,3.1444444444444444,0.3333333333333333,0.0,0.6666666666666666,0.3333333333333333,0.3333333333333333,0.3333333333333333,0.6666666666666666,0.0,0.0,0.0,0.0,1.0,1.3333333333333333,0.6666666666666666
34,2143,5.107988505747127,0.1953793103448276,0.0,0.0689655172413793,0.0344827586206896,0.1034482758620689,0.4137931034482758,0.5172413793103449,1.4137931034482758,0.2068965517241379,0.3793103448275862,0.0344827586206896,0.7241379310344828,0.6896551724137931,-0.2413793103448276
35,2173,3.4375641025641026,0.1,0.0384615384615384,0.1538461538461538,0.0769230769230769,0.1538461538461538,0.3076923076923077,0.4615384615384615,0.7692307692307693,0.1538461538461538,0.0769230769230769,0.0,0.4615384615384615,1.1538461538461535,-2.6153846153846154
36,1952,6.005333333333334,0.15,0.2,0.0,0.0,0.0,0.2,0.2,0.0,0.4,0.2,0.0,0.2,1.0,1.4
37,2078,9.916666666666666,1.0,0.0,0.0,0.0,0.0,0.0,0.0,1.0,2.0,0.0,0.0,0.0,2.0,-3.0
38,2062,19.04661616161616,0.3311515151515152,0.205030303030303,0.4545454545454545,0.202030303030303,0.303030303030303,0.7878787878787878,1.0909090909090908,1.9393939393939397,0.7272727272727273,0.2727272727272727,0.1515151515151515,1.0606060606060606,6.0,-4.393939393939394
39,2074,7.31,0.4444444444444444,0.0,0.4444444444444444,0.2222222222222222,0.1111111111111111,0.7777777777777778,0.8888888888888888,0.6666666666666666,0.3333333333333333,0.4444444444444444,0.0,0.7777777777777778,2.888888888888889,-0.3333333333333333
40,1950,0.5516666666666666,0.0,0.0,0.0,0.0,0.0,0.0,0.0,0.0,0.0,0.0,0.0,0.0,0.0,0.0
41,2045,16.875833333333333,0.3809864864864865,0.1984054054054054,1.1756756756756757,0.3597972972972973,0.6621621621621622,2.175675675675676,2.8378378378378377,0.9324324324324323,0.7432432432432432,0.7027027027027027,0.3243243243243243,1.8783783783783785,5.283783783783784,1.864864864864865
42,2034,29.133353658536585,0.4040731707317073,0.3690365853658536,1.1097560975609757,0.4163536585365853,0.8048780487804879,3.182926829268293,3.987804878048781,1.7073170731707317,1.1829268292682926,0.6219512195121951,0.2317073170731707,2.4390243902439024,11.890243902439025,1.853658536585366
43,2044,9.51840579710145,0.249,0.0,0.7391304347826086,0.2717391304347826,0.5217391304347826,1.0869565217391304,1.608695652173913,0.2608695652173913,0.4782608695652174,0.0869565217391304,0.1304347826086956,1.173913043478261,3.0869565217391304,-2.739130434782609
44,2043,16.228055555555553,0.3716923076923077,0.0576923076923076,1.2435897435897436,0.3774102564102564,0.3333333333333333,1.358974358974359,1.6923076923076923,2.6538461538461537,1.7820512820512822,0.6282051282051282,0.0128205128205128,1.9615384615384612,5.410256410256411,-1.1153846153846154
45,2042,21.13710256410256,0.3347846153846153,0.1192307692307692,1.892307692307692,0.5145846153846154,0.6461538461538462,1.553846153846154,2.2,0.953846153846154,1.1538461538461535,0.6923076923076923,0.0769230769230769,2.1384615384615384,9.507692307692308,-4.430769230769231
46,2032,26.40942386831276,0.479925925925926,0.0041111111111111,1.530864197530864,0.3982098765432099,1.567901234567901,4.320987654320987,5.888888888888889,1.2222222222222223,1.8148148148148149,0.6296296296296297,1.5432098765432098,2.3580246913580245,9.395061728395062,0.3580246913580246
47,1531,29.320277777777772,0.4372499999999999,0.0729166666666666,3.208333333333333,0.6082708333333333,2.4791666666666665,5.041666666666667,7.520833333333333,1.2291666666666667,1.9375,0.7083333333333334,0.5625,2.875,13.1875,-5.145833333333333
48,2047,17.84280701754386,0.4408157894736842,0.2775921052631579,1.3026315789473684,0.3852631578947368,1.381578947368421,2.0,3.381578947368421,0.8157894736842105,0.8421052631578947,0.5526315789473685,0.0921052631578947,1.2894736842105263,8.06578947368421,-1.486842105263158
49,2033,21.96324074074074,0.4052361111111111,0.0740694444444444,1.625,0.5010138888888889,1.0555555555555556,3.2916666666666665,4.347222222222222,1.0555555555555556,1.7222222222222223,0.4166666666666667,0.2638888888888889,2.430555555555556,9.48611111111111,-5.625
50,2046,19.53241452991453,0.3629358974358974,0.1294871794871794,0.8589743589743589,0.3673076923076923,0.9230769230769232,2.269230769230769,3.1923076923076925,0.8076923076923077,0.6794871794871795,0.5,0.2564102564102564,1.871794871794872,5.935897435897436,-0.5512820512820513
51,2039,16.316666666666666,0.3884736842105263,0.2072368421052631,1.644736842105263,0.4623684210526316,0.1052631578947368,1.0657894736842106,1.1710526315789471,2.3289473684210527,1.236842105263158,0.5394736842105263,0.1447368421052631,1.4078947368421053,5.907894736842105,-0.1973684210526315
52,2037,17.15773224043716,0.3186885245901639,0.2869180327868852,0.4426229508196721,0.2107704918032786,0.1475409836065573,1.3114754098360657,1.459016393442623,2.3114754098360657,1.3934426229508197,0.7049180327868853,0.2295081967213114,1.1147540983606556,4.622950819672131,-4.262295081967213
53,2038,8.092626262626263,0.2525151515151515,0.0,0.0909090909090909,0.0403939393939393,0.8787878787878788,1.2727272727272727,2.1515151515151514,0.0606060606060606,0.3939393939393939,0.0909090909090909,0.9090909090909092,1.696969696969697,0.8181818181818182,-1.3636363636363635
54,2035,16.79378205128205,0.3069615384615384,0.217525641025641,0.8205128205128205,0.270051282051282,0.717948717948718,1.564102564102564,2.282051282051282,0.8205128205128205,1.1923076923076923,0.5512820512820513,0.3846153846153846,1.7179487179487178,5.089743589743589,-2.051282051282051
55,1864,10.987638888888888,0.40275,0.0833333333333333,0.3333333333333333,0.2083333333333333,0.5833333333333334,1.1666666666666667,1.75,0.5,0.6666666666666666,0.1666666666666666,0.0833333333333333,1.1666666666666667,1.5833333333333333,-0.8333333333333334
56,2036,19.745706214689264,0.4462372881355932,0.0,1.694915254237288,0.5551864406779661,1.7966101694915255,2.949152542372881,4.745762711864407,0.2711864406779661,1.3559322033898304,0.3389830508474576,0.8983050847457628,2.6440677966101696,7.559322033898305,-1.271186440677966
57,2040,5.685625000000001,0.32775,0.0,0.4583333333333333,0.1770833333333333,0.5,1.25,1.75,0.125,0.75,0.125,0.1666666666666666,1.2083333333333333,1.4583333333333333,-0.4583333333333333
58,2050,22.6321875,0.3937625,0.280175,1.3,0.463275,1.4,1.8375,3.2375,1.3125,0.975,0.7875,0.25,2.05,9.3375,1.1
59,2031,16.41525,0.4062125,0.0,1.0625,0.3130374999999999,1.3625,2.1875,3.55,0.35,0.8,0.775,1.025,2.0,4.8875,-1.9375
60,2048,14.830067567567568,0.3847162162162162,0.0,1.2837837837837838,0.3488513513513513,1.391891891891892,2.5945945945945947,3.9864864864864864,0.3648648648648648,0.8243243243243243,0.2432432432432432,1.054054054054054,1.8783783783783785,4.581081081081081,0.7027027027027027
61,2052,7.392333333333333,0.270725,0.025,0.65,0.2375,0.225,0.475,0.7,0.45,0.7,0.25,0.05,0.725,2.225,0.1
62,2051,3.5487037037037035,0.25,0.0,0.3333333333333333,0.1111111111111111,0.3333333333333333,0.7777777777777778,1.1111111111111112,0.1111111111111111,0.3888888888888889,0.1666666666666666,0.0555555555555555,0.8333333333333334,1.2222222222222223,-0.8333333333333334
63,1548,17.174296875,0.409953125,0.0,0.71875,0.264703125,1.515625,2.09375,3.609375,0.5,0.96875,0.609375,1.1875,2.859375,3.875,-1.0625
64,1434,13.931550387596898,0.3579767441860465,0.0,0.5813953488372093,0.2112558139534883,0.8604651162790697,1.976744186046512,2.8372093023255816,0.7209302325581395,0.8837209302325582,0.1627906976744186,0.4418604651162791,2.2093023255813957,2.395348837209302,-4.5813953488372094
65,2071,7.349333333333333,0.2833333333333333,0.0,0.3,0.1833333333333333,0.8,1.4333333333333331,2.2333333333333334,0.0666666666666666,0.3666666666666666,0.2333333333333333,0.3333333333333333,1.3333333333333333,1.5,1.7
66,1536,21.591839826839827,0.4030779220779221,0.2484285714285714,1.2597402597402598,0.4173116883116883,0.5324675324675324,2.168831168831169,2.7012987012987013,1.818181818181818,1.6883116883116882,1.1168831168831168,0.1818181818181818,2.155844155844156,8.246753246753247,-1.9090909090909087
67,2030,33.43122549019608,0.4308823529411765,0.0147058823529411,1.7794117647058822,0.4723970588235294,2.014705882352941,5.367647058823529,7.382352941176471,1.9264705882352944,2.0294117647058822,1.1470588235294117,1.661764705882353,4.132352941176471,11.970588235294118,-4.264705882352941
