,PLAYER_ID,MIN,FG_PCT,FG3_PCT,FTM,FT_PCT,OREB,DREB,REB,AST,TOV,STL,BLK,PF,PTS,PLUS_MINUS
0,1542,18.33833333333333,0.401625,0.0,0.859375,0.378921875,1.171875,2.25,3.421875,0.796875,0.796875,0.3125,0.484375,1.703125,6.828125,1.515625
1,1442,15.92556306306306,0.4383108108108108,0.0,1.8243243243243243,0.4962837837837838,1.135135135135135,2.783783783783784,3.918918918918919,0.5135135135135135,1.135135135135135,0.3783783783783784,0.9864864864864864,2.5945945945945947,6.9324324324324325,0.8378378378378378
2,2041,13.201808510638298,0.4097872340425532,0.0,0.8723404255319149,0.3291702127659574,1.1702127659574468,2.6808510638297878,3.851063829787234,0.1276595744680851,0.5531914893617021,0.3617021276595745,0.7446808510638298,1.6170212765957446,4.319148936170213,0.4042553191489361
3,2049,22.83504975124378,0.3932388059701492,0.044776119402985,1.7014925373134329,0.5446268656716419,0.6865671641791045,1.7014925373134329,2.388059701492537,2.955223880597015,1.417910447761194,1.417910447761194,0.0895522388059701,2.164179104477612,7.164179104477612,-0.4477611940298507
4,2056,7.300681818181818,0.2575909090909091,0.0,0.6818181818181818,0.2575909090909091,0.7272727272727273,0.5454545454545454,1.2727272727272727,0.2727272727272727,0.2727272727272727,0.0,0.3181818181818182,1.2727272727272727,1.9545454545454544,-0.8181818181818182
5,2205,6.083240740740741,0.2685,0.0,0.0555555555555555,0.0555555555555555,0.2777777777777778,0.6666666666666666,0.9444444444444444,0.2777777777777778,0.6666666666666666,0.0555555555555555,0.5555555555555556,1.0555555555555556,1.3888888888888888,-0.2777777777777778
6,2249,3.187179487179487,0.0769230769230769,0.0,0.0,0.0,0.1538461538461538,0.4615384615384615,0.6153846153846154,0.6923076923076923,0.2307692307692307,0.1538461538461538,0.0,0.2307692307692307,0.3076923076923077,0.0769230769230769
7,2250,11.323222222222222,0.2704,0.0611,0.7333333333333333,0.3194333333333333,0.8333333333333334,0.9,1.7333333333333334,0.5666666666666667,0.4666666666666667,0.4333333333333333,0.1666666666666666,1.0333333333333334,3.733333333333333,-0.2666666666666666
8,2204,25.96543378995434,0.3346301369863014,0.2877123287671232,0.8767123287671232,0.3755753424657534,1.6027397260273972,4.095890410958904,5.698630136986301,0.726027397260274,0.6438356164383562,0.2328767123287671,1.8356164383561644,1.6027397260273972,8.794520547945206,-2.219178082191781
9,2244,6.3425,0.125,0.0,0.3333333333333333,0.1666666666666666,0.25,0.75,1.0,1.0,0.9166666666666666,0.6666666666666666,0.3333333333333333,0.6666666666666666,1.5,1.1666666666666667
10,2245,3.752058823529412,0.2882352941176471,0.0,0.4117647058823529,0.1647058823529411,0.1176470588235294,0.1176470588235294,0.2352941176470588,0.1176470588235294,0.5294117647058824,0.0588235294117647,0.0588235294117647,0.6470588235294118,1.3529411764705883,-0.9411764705882352
11,2248,15.084348958333331,0.366171875,0.1484375,0.359375,0.165375,0.484375,0.8125,1.296875,1.953125,0.796875,0.9375,0.078125,1.453125,3.609375,0.5625
12,2207,24.892683982683984,0.408974025974026,0.225077922077922,0.5324675324675324,0.2261948051948052,0.974025974025974,2.363636363636364,3.3376623376623376,2.324675324675325,0.922077922077922,0.7662337662337663,0.2597402597402597,1.4805194805194806,7.545454545454546,-0.5714285714285714
13,2206,7.968333333333333,0.3819375,0.125,0.75,0.3125,0.125,1.0,1.125,0.75,0.875,0.5625,0.125,0.375,3.5,1.1875
14,2201,15.983032407407403,0.4708055555555556,0.0,1.4583333333333333,0.4182777777777777,1.5416666666666667,2.236111111111111,3.7777777777777777,0.3472222222222222,0.9583333333333334,0.2222222222222222,0.7361111111111112,2.4027777777777777,6.708333333333333,-3.555555555555556
15,2260,20.63802380952381,0.4373571428571429,0.0,1.9142857142857144,0.5088142857142857,1.9714285714285715,2.257142857142857,4.228571428571429,0.8285714285714286,0.8,0.4142857142857143,0.3142857142857143,3.342857142857143,6.428571428571429,0.6142857142857143
16,2261,15.55162037037037,0.3369722222222222,0.0740833333333333,1.0,0.3777777777777777,0.4722222222222222,0.9722222222222222,1.4444444444444444,3.0,1.4722222222222223,0.8611111111111112,0.0277777777777777,1.1944444444444444,5.25,-1.6666666666666667
17,2203,39.71923076923077,0.4294230769230769,0.3656538461538461,2.5384615384615383,0.6172820512820513,2.3076923076923075,3.051282051282051,5.358974358974359,2.769230769230769,1.9871794871794872,1.551282051282051,1.0384615384615383,2.7564102564102564,14.423076923076923,-3.705128205128205
18,1738,15.675185185185189,0.5475555555555556,0.0,1.5555555555555556,0.6388888888888888,0.7777777777777778,1.4444444444444444,2.2222222222222223,0.8888888888888888,0.2222222222222222,0.3333333333333333,0.2222222222222222,2.0,6.444444444444445,-2.888888888888889
19,2254,8.595055555555556,0.2358166666666666,0.0,0.7333333333333333,0.2586166666666666,0.7666666666666667,1.2666666666666666,2.033333333333333,0.3666666666666666,0.6,0.2833333333333333,0.5666666666666667,1.0,1.8333333333333333,-0.6166666666666667
20,2202,32.8480625,0.4141375,0.277125,1.7625,0.44715,1.55,2.7,4.25,2.95,2.0,1.325,0.3875,2.4375,14.3875,-3.425
21,2257,7.421313131313131,0.2575757575757575,0.0,0.3939393939393939,0.2373636363636363,0.6363636363636364,1.0303030303030305,1.6666666666666667,0.1212121212121212,0.4242424242424242,0.0909090909090909,0.4848484848484848,1.1515151515151516,1.181818181818182,-2.5454545454545454
22,2225,29.49582251082251,0.4103506493506493,0.249974025974026,1.4025974025974026,0.4271948051948052,0.4285714285714285,2.1298701298701297,2.5584415584415585,4.337662337662338,1.9610389610389607,1.155844155844156,0.0909090909090909,2.155844155844156,9.155844155844155,2.2467532467532467
23,2216,5.785406504065041,0.3616341463414634,0.0,0.4390243902439024,0.1951219512195122,0.7317073170731707,0.926829268292683,1.6585365853658536,0.3170731707317073,0.3658536585365853,0.1707317073170731,0.0975609756097561,0.7073170731707317,2.7804878048780486,-0.4634146341463415
24,2226,14.245026881720433,0.2905967741935484,0.2307741935483871,0.7903225806451613,0.3006451612903226,0.1935483870967742,0.9032258064516128,1.096774193548387,1.4838709677419355,1.0,0.5645161290322581,0.1129032258064516,1.2258064516129032,5.17741935483871,-1.6774193548387095
25,2224,30.5426875,0.3707125,0.1903875,1.6375,0.442,0.975,2.75,3.725,8.0875,3.375,1.725,0.5,3.1,9.3875,0.525
26,2220,5.565380952380952,0.2615714285714285,0.1,0.1428571428571428,0.0714285714285714,0.2857142857142857,0.1714285714285714,0.4571428571428571,0.2285714285714285,0.2285714285714285,0.2,0.0285714285714285,0.7428571428571429,1.8285714285714283,-0.9714285714285714
27,2217,20.42806451612903,0.4185967741935484,0.0,1.564516129032258,0.4370806451612903,2.306451612903226,2.8870967741935485,5.193548387096774,0.4677419354838709,0.8064516129032258,0.3387096774193548,1.467741935483871,2.548387096774193,5.080645161290323,-0.9193548387096774
28,2219,4.887380952380952,0.0928571428571428,0.0,0.5714285714285714,0.3571428571428571,0.4285714285714285,0.5714285714285714,1.0,0.2857142857142857,0.2857142857142857,0.4285714285714285,0.0,0.4285714285714285,1.4285714285714286,-2.2857142857142856
29,2222,7.994753086419752,0.3422037037037037,0.0,0.4259259259259259,0.1666666666666666,0.9074074074074074,0.7407407407407407,1.648148148148148,0.5,0.4074074074074074,0.3518518518518518,0.1111111111111111,0.8518518518518519,3.203703703703704,0.2222222222222222
30,2223,5.173823529411765,0.2906764705882352,0.0,0.2058823529411764,0.0661764705882353,0.7352941176470589,1.2647058823529411,2.0,0.1470588235294117,0.4117647058823529,0.1764705882352941,0.3823529411764705,0.8823529411764706,1.5,-0.5588235294117647
31,2218,4.753541666666667,0.025,0.0,0.5,0.25,0.125,0.625,0.75,0.75,0.375,0.25,0.0,0.125,0.75,-2.125
32,2228,8.485,0.390811320754717,0.0,0.7924528301886793,0.2114528301886792,0.6037735849056604,1.4150943396226414,2.018867924528302,0.1320754716981132,0.6037735849056604,0.1132075471698113,0.1320754716981132,1.8679245283018868,3.0943396226415096,-1.5849056603773586
33,1762,15.48280303030303,0.3159090909090909,0.0,1.0909090909090908,0.4090909090909091,1.4545454545454546,1.4545454545454546,2.909090909090909,0.7727272727272727,0.5909090909090909,0.5,0.0454545454545454,1.7727272727272727,3.363636363636364,-2.363636363636364
34,2210,24.29649789029536,0.4368734177215189,0.0970379746835443,2.392405063291139,0.6087215189873417,1.0759493670886076,2.632911392405063,3.708860759493671,1.7721518987341771,1.3544303797468351,0.810126582278481,0.6075949367088608,2.670886075949367,9.39240506329114,1.2784810126582278
35,2242,16.401421568627452,0.3389705882352941,0.0914558823529411,0.2647058823529412,0.11275,1.1323529411764706,1.9705882352941175,3.1029411764705883,0.9411764705882352,0.6617647058823529,0.3088235294117647,0.3970588235294117,1.0588235294117647,3.75,-3.147058823529412
36,2240,24.51372340425532,0.3939361702127659,0.2665744680851064,2.6382978723404253,0.5802765957446808,0.8723404255319149,1.9361702127659572,2.8085106382978724,3.702127659574468,2.0638297872340425,1.4680851063829787,0.2340425531914893,2.4468085106382977,10.872340425531917,-2.8297872340425534
37,2243,10.407619047619049,0.2305714285714286,0.1071428571428571,0.3928571428571428,0.1357142857142857,0.4285714285714285,1.3928571428571428,1.8214285714285716,0.75,0.8571428571428571,0.3214285714285714,0.0714285714285714,1.3928571428571428,2.142857142857143,0.6428571428571429
38,2209,20.245081967213117,0.3624754098360656,0.3644590163934426,0.8032786885245902,0.2605081967213115,0.7377049180327869,3.0327868852459017,3.7704918032786887,1.3278688524590163,1.180327868852459,0.918032786885246,0.3934426229508196,1.9508196721311477,6.672131147540983,1.1311475409836065
39,2208,8.45316091954023,0.2732758620689655,0.1149310344827586,0.4137931034482758,0.1982758620689655,0.3793103448275862,1.3448275862068966,1.7241379310344829,0.5172413793103449,0.2413793103448276,0.6206896551724138,0.2413793103448276,0.6206896551724138,2.1724137931034484,-0.1724137931034483
40,2239,28.661260683760684,0.4019358974358974,0.2886923076923077,1.1153846153846154,0.3853846153846154,0.8333333333333334,2.435897435897436,3.269230769230769,2.2051282051282053,1.294871794871795,0.7051282051282052,0.5641025641025641,2.358974358974359,8.73076923076923,-5.948717948717949
41,2238,11.33392857142857,0.3664285714285714,0.1607142857142857,0.6071428571428571,0.2410714285714285,0.8928571428571429,1.3214285714285714,2.2142857142857144,0.3571428571428571,0.75,0.3214285714285714,0.3928571428571428,0.7857142857142857,3.857142857142857,-1.1428571428571428
42,2211,17.68770325203252,0.3759268292682927,0.024390243902439,1.475609756097561,0.4492317073170732,1.2073170731707317,2.7195121951219514,3.926829268292683,0.8536585365853658,1.024390243902439,0.4390243902439024,0.2560975609756097,2.6463414634146343,5.853658536585366,-2.3902439024390243
43,2229,7.838555555555556,0.2610666666666666,0.2222,0.2666666666666666,0.1666666666666666,0.1333333333333333,0.8,0.9333333333333332,1.2666666666666666,0.8666666666666667,0.4,0.0666666666666666,1.1333333333333333,2.8,-2.6
44,2215,18.222186147186147,0.3617142857142857,0.0129870129870129,1.4935064935064934,0.4398441558441558,1.7142857142857142,2.1948051948051948,3.909090909090909,1.051948051948052,0.935064935064935,0.3766233766233766,0.6103896103896104,2.2467532467532467,4.545454545454546,1.2987012987012987
45,1829,12.6675,0.1666666666666666,0.1666666666666666,0.6666666666666666,0.2666666666666666,0.0,0.8333333333333334,0.8333333333333334,0.6666666666666666,0.6666666666666666,0.0,0.0,1.0,1.8333333333333333,-8.333333333333334
46,2214,4.525,0.2371923076923076,0.0,0.1538461538461538,0.0673076923076923,0.2692307692307692,0.6538461538461539,0.9230769230769232,0.1153846153846153,0.2307692307692307,0.0,0.2307692307692307,0.3846153846153846,1.1538461538461535,-1.6923076923076923
47,2213,5.15,0.3805333333333333,0.0,0.2666666666666666,0.1333333333333333,0.3333333333333333,1.0,1.3333333333333333,0.3333333333333333,0.2,0.0,0.0666666666666666,0.6,1.7333333333333334,-0.9333333333333332
48,2212,9.698993710691823,0.3224716981132076,0.0,1.0377358490566038,0.3119433962264151,0.7547169811320755,1.0754716981132075,1.830188679245283,0.0943396226415094,0.3018867924528302,0.0943396226415094,0.8113207547169812,1.528301886792453,3.5660377358490565,-1.9056603773584904
49,2230,4.296,0.2881,0.0,0.3,0.25,0.3,0.1,0.4,0.4,0.2,0.0,0.0,0.9,2.1,-0.2
50,2237,5.65,0.667,0.0,1.0,1.0,0.0,1.0,1.0,0.0,1.0,0.0,0.0,3.0,5.0,-1.0
51,2264,5.416231884057972,0.1485217391304348,0.0,0.4347826086956521,0.1956521739130435,0.5652173913043478,1.0,1.565217391304348,0.1304347826086956,0.4782608695652174,0.1304347826086956,0.391304347826087,1.5217391304347827,1.1304347826086956,-0.4782608695652174
52,2198,14.335087719298246,0.3136666666666667,0.0,1.2280701754385963,0.4524736842105263,1.105263157894737,2.3684210526315788,3.473684210526316,0.7543859649122807,0.7543859649122807,0.2807017543859649,0.4561403508771929,1.8421052631578947,4.526315789473684,-1.4912280701754386
53,2365,10.860763888888888,0.2800833333333333,0.0,0.9166666666666666,0.3211666666666666,1.5833333333333333,1.5833333333333333,3.1666666666666665,0.2916666666666667,0.5416666666666666,0.2916666666666667,1.1666666666666667,1.4583333333333333,3.0,1.2083333333333333
54,2357,10.040541666666666,0.290775,0.045825,0.525,0.150175,0.3,0.75,1.05,1.75,1.0,0.475,0.075,0.65,3.075,-3.45
55,2199,19.617136150234742,0.4867746478873239,0.0,1.887323943661972,0.4370281690140845,1.6056338028169015,3.2253521126760565,4.830985915492958,0.7605633802816901,1.3943661971830985,0.3943661971830985,1.3098591549295775,2.5211267605633805,6.140845070422535,-2.9859154929577465
56,2352,6.9485,0.18125,0.075,0.3,0.15835,0.0,0.4,0.4,1.05,0.55,0.15,0.0,0.8,2.1,-1.8
57,2081,7.1433333333333335,0.0666666666666666,0.0,0.3333333333333333,0.1666666666666666,0.3333333333333333,1.6666666666666667,2.0,0.0,1.0,0.0,0.3333333333333333,1.3333333333333333,1.0,-7.333333333333333
58,2370,15.097283950617284,0.3876666666666666,0.074074074074074,1.0740740740740742,0.4012592592592592,1.1851851851851851,2.3703703703703702,3.555555555555556,0.8148148148148148,1.1851851851851851,0.3703703703703703,0.1851851851851851,3.4814814814814814,5.148148148148148,-1.962962962962963
59,2124,13.402916666666668,0.2475833333333333,0.0,0.6666666666666666,0.27775,1.25,1.9166666666666667,3.1666666666666665,0.4166666666666667,0.1666666666666666,0.25,0.6666666666666666,1.3333333333333333,4.333333333333333,-0.6666666666666666
60,2369,6.223939393939393,0.2424545454545454,0.1969999999999999,0.5454545454545454,0.1818181818181818,0.2727272727272727,0.4545454545454545,0.7272727272727273,0.1818181818181818,0.2727272727272727,0.0,0.0,0.4545454545454545,2.727272727272727,-2.363636363636364
61,1910,7.194047619047619,0.2416428571428571,0.0,0.7857142857142857,0.2440714285714285,0.7142857142857143,1.5,2.2142857142857144,0.2142857142857142,0.2142857142857142,0.3571428571428571,0.0714285714285714,0.8571428571428571,2.2142857142857144,0.5
62,2351,16.56871794871795,0.3750461538461538,0.2262461538461538,1.2615384615384615,0.3494,0.7230769230769231,1.1538461538461535,1.876923076923077,0.6153846153846154,0.7538461538461538,0.3846153846153846,0.1384615384615384,0.9846153846153848,5.984615384615385,-2.5384615384615383
63,2294,5.9988095238095225,0.1428571428571428,0.0,0.2857142857142857,0.1428571428571428,0.2857142857142857,0.4285714285714285,0.7142857142857143,0.2857142857142857,0.7142857142857143,0.0,0.0,0.4285714285714285,1.1428571428571428,-2.857142857142857
64,2306,9.998333333333331,0.3409189189189189,0.0,0.3513513513513513,0.1554054054054054,0.3243243243243243,0.7567567567567568,1.0810810810810811,1.891891891891892,0.6216216216216216,0.2972972972972973,0.027027027027027,0.8108108108108109,3.0,-0.918918918918919
65,2200,36.608130081300814,0.5166463414634147,0.0121951219512195,4.121951219512195,0.6911829268292683,2.902439024390244,6.0,8.902439024390244,2.7195121951219514,2.731707317073171,0.5,2.0609756097560976,2.3780487804878048,17.573170731707318,-3.7804878048780486
66,1905,26.26357723577236,0.444,0.1627926829268292,3.475609756097561,0.6873780487804878,1.8170731707317076,3.0853658536585367,4.902439024390244,1.146341463414634,1.3170731707317074,1.4146341463414631,1.9390243902439024,1.902439024390244,10.731707317073171,4.243902439024391
67,2349,6.818333333333334,0.2377857142857143,0.0,0.2857142857142857,0.0892857142857142,0.5,1.5714285714285714,2.071428571428572,0.4285714285714285,0.3571428571428571,0.0,0.0714285714285714,0.4285714285714285,2.857142857142857,0.5
68,2347,10.882962962962962,0.3055555555555556,0.0,0.0,0.0,0.6666666666666666,1.3333333333333333,2.0,0.5555555555555556,0.2222222222222222,0.4444444444444444,0.0,1.1111111111111112,2.2222222222222223,-0.3333333333333333
69,2343,7.35515873015873,0.3146666666666667,0.2627142857142857,0.5714285714285714,0.2619047619047619,0.0952380952380952,0.4285714285714285,0.5238095238095238,1.238095238095238,0.4761904761904761,0.238095238095238,0.0,0.4761904761904761,3.761904761904762,-0.5238095238095238
