,PLAYER_ID,MIN,FG_PCT,FG3_PCT,FTM,FT_PCT,OREB,DREB,REB,AST,TOV,STL,BLK,PF,PTS,PLUS_MINUS
0,2420,26.234222222222225,0.45512,0.0,2.466666666666667,0.5477733333333333,2.1466666666666665,3.2,5.346666666666667,1.0266666666666666,1.4933333333333334,0.4266666666666667,0.84,3.733333333333333,9.96,0.96
1,2367,2.5677777777777777,0.1666666666666666,0.0,0.6666666666666666,0.25,0.1666666666666666,0.0,0.1666666666666666,0.1666666666666666,0.1666666666666666,0.0,0.0,0.1666666666666666,1.3333333333333333,-1.1666666666666667
2,2555,17.041056910569104,0.5035609756097561,0.0,1.0121951219512195,0.4010243902439024,1.8902439024390243,2.682926829268293,4.573170731707317,0.3902439024390244,0.7560975609756098,0.4146341463414634,0.6097560975609756,3.073170731707317,5.621951219512195,1.1585365853658536
3,2451,11.003333333333334,0.2983,0.0,0.7,0.1833,1.2,1.3,2.5,0.3,0.2,0.3,0.4,1.9,2.7,-3.1
4,2486,3.834000000000001,0.0,0.0,0.0,0.0,0.2,0.2,0.4,0.2,0.2,0.2,0.0,0.6,0.0,1.8
5,2435,7.80837037037037,0.3573999999999999,0.0,0.5333333333333333,0.2240666666666666,1.1555555555555554,1.6888888888888889,2.844444444444445,0.1777777777777777,0.5777777777777777,0.1777777777777777,0.2888888888888888,1.9111111111111112,2.6222222222222222,-0.5333333333333333
6,2767,13.121478494623656,0.3425967741935484,0.0483870967741935,0.7580645161290323,0.321241935483871,0.3064516129032258,1.0483870967741935,1.3548387096774193,1.6612903225806452,0.935483870967742,0.6290322580645161,0.1129032258064516,2.2580645161290325,3.548387096774193,-0.8225806451612904
7,2766,9.058819444444444,0.3234166666666667,0.0555416666666666,0.5833333333333334,0.28125,0.0416666666666666,0.4583333333333333,0.5,1.1666666666666667,0.5,0.5416666666666666,0.0416666666666666,1.0416666666666667,3.0416666666666665,-1.4166666666666667
8,2765,3.2425,0.1875,0.0,0.375,0.25,0.0,0.25,0.25,0.0,0.125,0.0,0.0,0.5,0.875,-0.875
9,2764,11.407938596491228,0.3077631578947368,0.0679736842105263,0.868421052631579,0.2330526315789473,0.5,0.868421052631579,1.368421052631579,1.0263157894736843,0.6578947368421053,0.6052631578947368,0.131578947368421,1.3157894736842106,3.3421052631578947,-1.605263157894737
10,2763,11.787824074074074,0.2431111111111111,0.1481666666666666,0.4166666666666667,0.2129722222222222,0.1111111111111111,0.75,0.8611111111111112,1.4166666666666667,0.6666666666666666,0.3611111111111111,0.0,0.8333333333333334,3.083333333333333,-1.3055555555555556
11,2762,3.2616666666666667,0.3333333333333333,0.0,0.1666666666666666,0.0833333333333333,0.1666666666666666,0.5,0.6666666666666666,0.0,0.5,0.0,0.1666666666666666,0.6666666666666666,1.8333333333333333,-0.5
12,2761,15.350108695652176,0.3551521739130435,0.0,1.0434782608695652,0.3768043478260869,1.391304347826087,2.4130434782608696,3.804347826086957,0.8695652173913043,1.391304347826087,0.5434782608695652,0.4130434782608695,2.282608695652174,4.608695652173913,-1.4130434782608696
13,2760,16.08817901234568,0.4594999999999999,0.0,1.2592592592592593,0.3408703703703704,2.0185185185185186,2.740740740740741,4.75925925925926,0.5,0.4814814814814814,0.7592592592592593,0.7037037037037037,2.259259259259259,4.925925925925926,1.5555555555555556
14,2758,17.672286821705427,0.5077441860465116,0.0,1.2093023255813953,0.4054186046511628,1.1162790697674418,2.0232558139534884,3.13953488372093,0.3023255813953488,1.2325581395348837,0.3720930232558139,1.2790697674418603,3.116279069767442,6.1395348837209305,-0.4418604651162791
15,2757,14.44,0.3985625,0.3279375,0.8375,0.3240625,0.2,0.8375,1.0375,1.875,0.9625,0.5125,0.125,1.2,5.8875,1.5875
16,2756,11.498190476190477,0.2407428571428571,0.2057714285714285,0.5142857142857142,0.2428571428571428,0.3714285714285714,1.4,1.7714285714285714,1.457142857142857,0.4285714285714285,0.3428571428571428,0.0571428571428571,1.1714285714285717,2.8857142857142857,0.4
17,2768,26.48491869918699,0.3209512195121951,0.2879756097560976,0.5975609756097561,0.2835365853658536,0.2804878048780488,2.317073170731707,2.597560975609756,4.853658536585366,1.451219512195122,1.0,0.0365853658536585,2.5,5.939024390243903,1.3780487804878048
18,2770,4.990217391304348,0.2660869565217391,0.0,0.4782608695652174,0.1521739130434782,0.3478260869565217,0.3478260869565217,0.6956521739130435,0.4347826086956521,0.217391304347826,0.1304347826086956,0.0434782608695652,0.5217391304347826,1.7826086956521738,0.6086956521739131
19,2772,17.257895833333333,0.3867375,0.01875,1.5125,0.4031375,1.1125,1.9125,3.025,1.0625,0.9125,0.875,0.225,1.875,5.85,-0.325
20,2852,3.0064814814814813,0.25,0.1111111111111111,0.1111111111111111,0.0555555555555555,0.4444444444444444,0.1111111111111111,0.5555555555555556,0.1111111111111111,0.0,0.0,0.0,0.3333333333333333,0.8888888888888888,-1.4444444444444444
21,2845,3.371666666666666,0.2142857142857142,0.0476190476190476,0.0,0.0,0.3333333333333333,0.5238095238095238,0.8571428571428571,0.1904761904761904,0.2857142857142857,0.0952380952380952,0.0,0.3333333333333333,0.6190476190476191,-1.5714285714285714
22,2839,10.289242424242424,0.553,0.0,0.1818181818181818,0.0454545454545454,1.5454545454545454,1.818181818181818,3.363636363636364,0.3636363636363636,0.6363636363636364,0.3636363636363636,0.3636363636363636,1.181818181818182,2.363636363636364,-4.727272727272728
23,2825,2.18,0.0,0.0,0.0,0.0,0.0,0.2,0.2,0.0,0.4,0.0,0.0,0.2,0.0,-3.4
24,2823,5.3356,0.20664,0.0,0.28,0.08,0.32,0.44,0.76,0.12,0.32,0.12,0.16,0.48,1.16,-2.8
25,2804,23.401213991769545,0.4019012345679013,0.1399012345679012,2.098765432098765,0.5502098765432099,0.8518518518518519,3.91358024691358,4.765432098765432,1.5061728395061729,1.6666666666666667,0.4567901234567901,0.419753086419753,2.567901234567901,8.358024691358025,-2.197530864197531
26,2800,5.966666666666667,0.25,0.25,0.0,0.0,0.0,1.5,1.5,0.0,0.0,0.0,0.0,0.5,2.5,-0.5
27,2798,6.768,0.2341333333333333,0.0,0.8,0.3111333333333333,0.2,0.4,0.6,0.6,0.4666666666666667,0.3333333333333333,0.0666666666666666,0.4,2.8,-1.0666666666666669
28,2788,3.774,0.26,0.0,0.2,0.1,0.2,0.3333333333333333,0.5333333333333333,0.0,0.3333333333333333,0.0,0.3333333333333333,0.8666666666666667,1.0,-2.466666666666667
29,2784,4.646354166666667,0.3203125,0.1875,0.125,0.0625,0.0625,0.125,0.1875,0.6875,0.6875,0.125,0.0,0.5625,2.1875,1.375
30,2782,18.998623188405794,0.2585652173913043,0.2021739130434783,0.217391304347826,0.1304347826086956,0.6956521739130435,1.9565217391304348,2.652173913043478,0.8695652173913043,0.7391304347826086,0.5652173913043478,0.0869565217391304,1.7391304347826086,4.043478260869565,-3.5217391304347827
31,2776,9.330246913580249,0.2297777777777777,0.0,0.5925925925925926,0.2314814814814814,0.6666666666666666,1.4444444444444444,2.111111111111111,0.074074074074074,0.3703703703703703,0.4444444444444444,0.1481481481481481,1.7037037037037035,2.2962962962962963,0.037037037037037
32,2775,5.2716666666666665,0.1766842105263158,0.0,0.3157894736842105,0.1842105263157894,0.3157894736842105,0.631578947368421,0.9473684210526316,0.1052631578947368,0.631578947368421,0.0526315789473684,0.2631578947368421,1.105263157894737,1.368421052631579,-0.5789473684210527
33,2774,10.611397849462366,0.3162903225806451,0.0967741935483871,0.5806451612903226,0.2596774193548387,0.4516129032258064,1.096774193548387,1.5483870967741935,0.967741935483871,0.6451612903225806,0.3548387096774194,0.1290322580645161,1.3548387096774193,3.0,-3.193548387096774
34,2755,10.180814814814816,0.3030222222222222,0.0618444444444444,0.8,0.2570666666666666,0.6444444444444445,0.6444444444444445,1.288888888888889,0.4888888888888889,0.5333333333333333,0.3555555555555555,0.0666666666666666,0.7777777777777778,2.911111111111111,0.3555555555555555
35,2741,4.355520833333333,0.09375,0.0,0.3125,0.1354375,0.0625,0.25,0.3125,0.125,0.25,0.0625,0.4375,1.0,0.9375,-2.0625
36,2740,12.7435,0.4552666666666666,0.0,0.6333333333333333,0.2383333333333333,1.5666666666666669,2.3666666666666667,3.933333333333333,0.4,0.4,0.4,0.8,2.9,3.633333333333333,1.4666666666666666
37,2739,4.308333333333334,0.365,0.2667,0.5,0.25,0.2,0.4,0.6,0.3,0.2,0.0,0.0,0.4,2.9,-1.8
38,2738,32.69321138211382,0.4788048780487804,0.2625853658536585,1.902439024390244,0.5658780487804879,1.0853658536585369,4.573170731707317,5.658536585365853,3.0,1.695121951219512,1.6829268292682926,0.5853658536585366,2.4878048780487805,9.03658536585366,-0.2195121951219512
39,2737,12.46771186440678,0.393864406779661,0.0169491525423728,0.7288135593220338,0.3079152542372881,1.0,2.135593220338983,3.135593220338983,0.2711864406779661,0.8813559322033898,0.3559322033898305,0.135593220338983,2.6610169491525424,3.3220338983050848,-0.8135593220338984
40,2736,27.23065573770492,0.415,0.181672131147541,1.9672131147540983,0.6429344262295082,1.5081967213114753,3.7704918032786887,5.278688524590164,2.2131147540983607,1.9344262295081969,0.7868852459016393,0.4426229508196721,1.6065573770491803,11.655737704918034,2.6065573770491803
41,2735,29.647145833333333,0.4443,0.109375,2.375,0.5906625,2.4375,3.5875,6.025,1.8875,1.325,0.925,0.4375,2.3,10.0875,-5.5125
42,2734,15.482500000000002,0.3953552631578947,0.2390263157894737,1.0263157894736843,0.3401315789473684,0.3684210526315789,0.9736842105263158,1.3421052631578947,2.223684210526316,1.0789473684210529,1.013157894736842,0.25,1.8289473684210529,5.7368421052631575,-0.4868421052631579
43,2733,27.33411111111111,0.4034666666666666,0.0,1.4666666666666666,0.4143333333333333,0.7333333333333333,2.2333333333333334,2.966666666666667,5.033333333333333,2.5,1.0666666666666669,0.3666666666666666,2.7333333333333334,7.4,-0.5666666666666667
44,2732,24.54991869918699,0.3925,0.3722560975609756,2.841463414634146,0.6749634146341463,0.6707317073170732,1.951219512195122,2.6219512195121952,2.0,2.268292682926829,0.6463414634146342,0.1219512195121951,2.731707317073171,15.060975609756095,1.7926829268292683
45,2731,35.6113698630137,0.4354246575342466,0.0,2.863013698630137,0.5136164383561643,3.767123287671233,7.123287671232877,10.89041095890411,0.8767123287671232,1.7123287671232876,0.8493150684931506,1.7123287671232876,2.9315068493150687,15.136986301369864,-4.712328767123288
46,2730,32.663943089430894,0.5087317073170732,0.0,3.3780487804878048,0.6072073170731707,3.5,6.536585365853658,10.03658536585366,0.9146341463414634,2.0121951219512195,0.9390243902439024,1.6585365853658536,2.8292682926829267,11.96341463414634,-2.1707317073170733
47,2688,2.783333333333333,0.0,0.0,0.0,0.0,0.0,0.0,0.0,1.0,0.0,0.0,0.0,0.0,0.0,1.0
48,2742,19.56088235294117,0.3166323529411765,0.1384705882352941,1.5441176470588236,0.4506029411764706,0.1470588235294117,1.3823529411764706,1.5294117647058822,3.294117647058824,1.838235294117647,0.5147058823529411,0.0588235294117647,1.7647058823529411,6.764705882352941,-2.8088235294117645
49,2743,12.970398009950248,0.3304776119402985,0.0298507462686567,0.6567164179104478,0.2066417910447761,1.0895522388059702,1.8507462686567164,2.9402985074626864,0.6417910447761194,0.7761194029850746,0.373134328358209,0.2686567164179104,1.4328358208955223,4.149253731343284,-2.5074626865671643
50,2754,16.291861471861473,0.4407402597402597,0.1233766233766233,1.4545454545454546,0.4729090909090909,1.103896103896104,1.7662337662337662,2.8701298701298703,0.8311688311688312,1.0,0.987012987012987,0.3116883116883117,2.0259740259740258,6.3896103896103895,1.7662337662337662
51,2753,12.944188034188034,0.2787179487179487,0.2374871794871795,0.4871794871794871,0.1773589743589743,0.358974358974359,1.3076923076923077,1.6666666666666667,1.358974358974359,0.6153846153846154,0.5384615384615384,0.2051282051282051,1.7692307692307692,4.487179487179487,0.1538461538461538
52,2751,16.533229166666665,0.37290625,0.109375,0.71875,0.29428125,0.875,2.5,3.375,0.78125,1.03125,0.625,0.5625,2.5,4.21875,-3.875
53,2750,1.5163333333333333,0.0,0.0,0.2,0.1,0.0,0.4,0.4,0.0,0.4,0.0,0.0,0.8,0.2,-0.6
54,2749,20.442742616033755,0.3955949367088607,0.1545569620253164,0.9240506329113924,0.279,0.6582278481012658,1.7848101265822784,2.4430379746835444,3.0,1.481012658227848,0.9873417721518988,0.0379746835443038,2.518987341772152,8.721518987341772,-1.4050632911392404
55,2748,9.244444444444444,0.143,0.0,0.3333333333333333,0.3333333333333333,0.0,0.3333333333333333,0.3333333333333333,1.0,1.0,1.3333333333333333,0.0,0.6666666666666666,2.333333333333333,-2.333333333333333
56,2857,12.551491228070176,0.2278421052631578,0.1622631578947368,0.3684210526315789,0.1578947368421052,0.2894736842105263,0.7631578947368421,1.0526315789473684,1.8157894736842104,0.7105263157894737,0.5,0.0263157894736842,1.3421052631578947,3.1052631578947367,0.6842105263157895
57,2747,24.52002192982456,0.3435263157894737,0.2167368421052631,1.4605263157894737,0.401328947368421,0.5131578947368421,1.486842105263158,2.0,1.868421052631579,1.4342105263157894,0.7236842105263158,0.1447368421052631,1.7763157894736843,10.289473684210526,-5.2631578947368425
58,2746,27.70191441441441,0.4467162162162162,0.0360405405405405,2.202702702702702,0.5612027027027028,1.9864864864864864,4.1891891891891895,6.175675675675675,1.7162162162162162,1.8243243243243243,0.7972972972972973,1.945945945945946,2.121621621621621,9.66216216216216,-5.081081081081081
59,2745,13.24061274509804,0.3333088235294117,0.2549117647058823,0.9411764705882352,0.2938823529411765,0.7352941176470589,1.0441176470588236,1.7794117647058822,0.5294117647058824,0.8529411764705882,0.3823529411764705,0.2794117647058823,1.7058823529411764,4.970588235294118,-2.073529411764706
60,2744,14.70725352112676,0.4934507042253521,0.0,1.1971830985915493,0.3782676056338028,1.676056338028169,2.718309859154929,4.394366197183099,0.3380281690140845,0.9295774647887324,0.3098591549295774,0.7746478873239436,2.7464788732394365,6.690140845070423,-0.6197183098591549
61,2891,11.514833333333332,0.3333,0.0,0.5,0.2,0.6,0.7,1.3,0.6,0.3,0.5,0.2,1.6,2.3,0.5
62,2876,6.93561403508772,0.15,0.0,0.0526315789473684,0.0263157894736842,0.6842105263157895,1.3157894736842106,2.0,0.0526315789473684,0.4736842105263157,0.1578947368421052,0.3684210526315789,1.8421052631578947,1.105263157894737,-1.0526315789473684
63,2873,14.014533333333334,0.22816,0.16576,0.28,0.14,0.28,1.16,1.44,0.68,0.36,0.56,0.04,1.16,3.68,-0.6
64,2866,1.462777777777778,1.0,0.0,0.6666666666666666,0.3333333333333333,0.0,0.0,0.0,0.0,0.3333333333333333,0.3333333333333333,0.0,0.0,3.333333333333333,0.3333333333333333
65,2863,17.800632183908046,0.3170689655172414,0.1821724137931034,0.7241379310344828,0.2063103448275862,1.0,1.2758620689655171,2.2758620689655173,0.896551724137931,0.5517241379310345,0.7586206896551724,0.3448275862068966,1.896551724137931,6.310344827586207,-2.931034482758621
66,2568,15.411166666666666,0.2887333333333333,0.1833333333333333,0.7666666666666667,0.2457666666666666,0.4333333333333333,1.4,1.8333333333333333,1.2666666666666666,0.7666666666666667,0.7333333333333333,0.2,1.4666666666666666,3.8666666666666663,-0.7666666666666667
67,2588,18.84191056910569,0.5160243902439025,0.2075,0.6829268292682927,0.2855731707317073,1.3170731707317074,2.158536585365854,3.475609756097561,0.5853658536585366,0.4878048780487805,0.4756097560975609,0.2317073170731707,2.682926829268293,7.182926829268292,-0.5365853658536586
68,2624,21.00235042735043,0.3953717948717949,0.0128205128205128,0.9487179487179488,0.3218717948717949,0.7564102564102564,1.935897435897436,2.6923076923076925,1.3974358974358974,0.6923076923076923,0.6538461538461539,0.282051282051282,2.1153846153846154,5.089743589743589,-2.717948717948718
69,2657,4.320833333333333,0.08325,0.25,1.0,0.25,0.5,0.5,1.0,0.75,0.25,0.0,0.0,0.25,1.75,-0.5
