,PLAYER_ID,MIN,FG_PCT,FG3_PCT,FTM,FT_PCT,OREB,DREB,REB,AST,TOV,STL,BLK,PF,PTS,PLUS_MINUS
0,101126,21.43960648148148,0.3740416666666666,0.2751111111111111,2.111111111111111,0.5120694444444445,0.7777777777777778,1.5416666666666667,2.3194444444444446,2.0416666666666665,1.5833333333333333,0.8194444444444444,0.0138888888888888,2.7916666666666665,9.305555555555555,-1.1805555555555556
1,101128,19.421194029850746,0.3331343283582089,0.203955223880597,1.164179104477612,0.377865671641791,0.582089552238806,2.1791044776119404,2.7611940298507465,1.4029850746268655,1.1194029850746268,0.6119402985074627,0.7014925373134329,2.014925373134328,5.626865671641791,-0.4626865671641791
2,101124,10.647279411764703,0.3350294117647059,0.0,1.1176470588235294,0.3379411764705882,0.6323529411764706,1.4852941176470589,2.117647058823529,0.4411764705882353,0.8235294117647058,0.2058823529411764,0.3088235294117647,1.661764705882353,4.088235294117647,-1.1470588235294117
3,101125,2.3583333333333334,0.1928571428571428,0.0,0.2142857142857142,0.0714285714285714,0.3571428571428571,0.1428571428571428,0.5,0.4285714285714285,0.5714285714285714,0.1428571428571428,0.0,0.5,0.9285714285714286,0.1428571428571428
4,101127,20.2381223628692,0.3903037974683544,0.1476835443037974,1.620253164556962,0.4811139240506329,0.2278481012658227,1.7974683544303798,2.0253164556962027,2.7721518987341773,1.2911392405063291,0.5189873417721519,0.0253164556962025,1.7468354430379749,6.658227848101266,-4.746835443037975
5,101142,7.01,0.266695652173913,0.0,0.6521739130434783,0.2282608695652173,0.4782608695652174,1.1304347826086956,1.608695652173913,0.3478260869565217,0.3043478260869565,0.1304347826086956,0.4347826086956521,1.3043478260869563,1.9565217391304348,-0.5652173913043478
6,101134,9.634341085271318,0.3492325581395348,0.0,0.6976744186046512,0.3197674418604651,0.8837209302325582,1.162790697674419,2.046511627906977,0.1627906976744186,0.5581395348837209,0.3023255813953488,0.0232558139534883,1.627906976744186,3.395348837209302,-0.8604651162790697
7,101135,16.843631840796018,0.4636716417910447,0.0,1.0597014925373134,0.2891343283582089,1.611940298507463,2.8955223880597014,4.507462686567164,0.6417910447761194,0.7611940298507462,0.4477611940298507,0.2985074626865671,1.8507462686567164,5.149253731343284,-1.582089552238806
8,101136,20.26325136612022,0.3965245901639344,0.3504590163934426,1.6229508196721312,0.5049016393442622,0.1967213114754098,1.7049180327868851,1.901639344262295,1.2295081967213115,1.3442622950819672,0.4426229508196721,0.0491803278688524,1.9344262295081969,9.655737704918034,-1.639344262295082
9,101132,8.507267759562842,0.3364262295081967,0.0327868852459016,0.9344262295081968,0.3409836065573771,0.6229508196721312,1.278688524590164,1.901639344262295,0.2459016393442623,0.2622950819672131,0.1639344262295081,0.2131147540983606,1.4262295081967211,3.4918032786885247,-0.4098360655737705
10,101131,6.106410256410256,0.3134615384615384,0.0,0.5384615384615384,0.141,0.4615384615384615,0.6153846153846154,1.0769230769230769,0.1153846153846153,0.4230769230769231,0.1538461538461538,0.1923076923076923,0.5384615384615384,2.3076923076923075,-3.769230769230769
11,101130,18.856960784313724,0.4828529411764706,0.0,0.6911764705882353,0.2470588235294117,1.6029411764705883,2.75,4.352941176470588,0.2205882352941176,0.8823529411764706,0.3676470588235294,0.75,3.1323529411764706,5.191176470588236,-2.1911764705882355
12,101129,28.874645833333336,0.39685,0.3077125,1.075,0.3675625,0.4125,2.9125,3.325,2.6875,1.4875,1.1125,0.1125,2.1125,8.8375,-0.5
13,101137,14.714444444444444,0.3778181818181818,0.1754848484848485,0.5454545454545454,0.2537878787878788,0.3484848484848485,0.9393939393939394,1.2878787878787878,1.2727272727272727,0.8636363636363636,0.5606060606060606,0.0909090909090909,1.303030303030303,3.8181818181818175,-0.9090909090909092
14,101138,9.25528735632184,0.342655172413793,0.0,0.4137931034482758,0.1781724137931034,0.6206896551724138,1.7241379310344829,2.3448275862068964,0.1034482758620689,0.3793103448275862,0.1034482758620689,0.2413793103448276,0.6206896551724138,2.3448275862068964,-1.7241379310344829
15,101139,8.819057971014493,0.2789565217391304,0.1260869565217391,0.782608695652174,0.3206521739130434,0.782608695652174,0.8695652173913043,1.6521739130434785,0.6956521739130435,0.391304347826087,0.3043478260869565,0.0869565217391304,0.8695652173913043,3.4347826086956523,-0.0434782608695652
16,101115,7.35481884057971,0.2688260869565217,0.0,0.1739130434782608,0.0833260869565217,0.7391304347826086,1.0,1.7391304347826086,0.1956521739130435,0.3695652173913043,0.0869565217391304,0.4782608695652174,1.2173913043478262,1.608695652173913,-1.0217391304347827
17,101123,11.6775,0.312625,0.06509375,0.90625,0.362,0.3125,0.96875,1.28125,0.5625,0.6875,0.40625,0.125,1.28125,5.21875,-1.15625
18,101106,28.635731707317078,0.5172560975609756,0.0,1.4878048780487805,0.4845975609756098,2.304878048780488,4.682926829268292,6.987804878048781,2.341463414634146,1.524390243902439,0.5975609756097561,0.8292682926829268,3.158536585365854,9.365853658536585,0.9390243902439024
19,101107,24.712172995780588,0.4095316455696203,0.1118101265822784,2.392405063291139,0.5772911392405063,1.5443037974683544,3.3037974683544302,4.848101265822785,0.7974683544303798,1.0506329113924051,0.6075949367088608,0.3037974683544304,2.873417721518988,8.50632911392405,-1.1012658227848102
20,101143,10.69413043478261,0.3057391304347826,0.3115652173913044,0.217391304347826,0.0760869565217391,0.1739130434782608,0.7391304347826086,0.9130434782608696,0.6956521739130435,0.4347826086956521,0.3043478260869565,0.0,0.9565217391304348,3.8260869565217392,-2.4347826086956523
21,101117,5.291527777777778,0.09025,0.0625,0.2916666666666667,0.1666666666666666,0.2083333333333333,0.3333333333333333,0.5416666666666666,0.375,0.25,0.125,0.0,0.4583333333333333,1.125,-0.2916666666666667
22,101114,28.832916666666662,0.394625,0.3883625,1.1875,0.37515,0.4375,1.9875,2.425,4.4875,1.8125,0.75,0.2125,2.9125,10.8,-1.2875
23,101118,17.323115942028984,0.3853478260869565,0.0,2.130434782608696,0.4701739130434783,1.826086956521739,2.9130434782608696,4.739130434782608,0.9565217391304348,1.434782608695652,0.7391304347826086,0.5217391304347826,2.5217391304347827,8.217391304347826,-0.9565217391304348
24,101120,9.491452991452991,0.2871794871794871,0.0128205128205128,0.282051282051282,0.1153846153846153,0.2051282051282051,0.5641025641025641,0.7692307692307693,0.3076923076923077,0.5384615384615384,0.1025641025641025,0.0769230769230769,1.0769230769230769,1.794871794871795,-1.948717948717949
25,101121,19.75752083333333,0.47295,0.2124875,1.35,0.4528125,0.7125,2.3375,3.05,0.75,1.15,0.4625,0.1625,2.85,6.6625,-2.2
26,101122,22.6325,0.4133846153846154,0.1749871794871795,1.4743589743589745,0.4494102564102564,1.6794871794871795,3.243589743589744,4.923076923076923,1.1538461538461535,1.0256410256410255,0.7435897435897436,0.7948717948717948,2.7051282051282053,7.5256410256410255,-0.7307692307692307
27,101119,17.243586497890295,0.3945063291139241,0.290746835443038,0.9873417721518988,0.3032784810126582,0.3670886075949367,1.4430379746835442,1.810126582278481,0.7974683544303798,1.0886075949367089,0.5569620253164557,0.2784810126582278,2.2278481012658227,7.936708860759493,-1.4050632911392404
28,101113,14.94794685990338,0.4373768115942029,0.0,1.9710144927536235,0.5267391304347826,1.3768115942028984,1.9420289855072463,3.318840579710145,0.4202898550724637,1.1304347826086956,0.217391304347826,0.4347826086956521,2.3768115942028984,7.043478260869565,-1.1304347826086956
29,101108,36.00608974358974,0.4261794871794872,0.2328846153846153,5.051282051282051,0.799448717948718,0.782051282051282,4.346153846153846,5.128205128205129,7.833333333333333,2.3461538461538463,2.243589743589744,0.0769230769230769,2.7948717948717947,16.128205128205128,-2.3205128205128207
30,101109,30.071354166666666,0.3655374999999999,0.326425,2.0125,0.552575,0.9625,2.35,3.3125,5.575,2.275,1.275,0.1,2.2625,11.85,-1.4625
31,101110,17.540983606557376,0.3346065573770492,0.313672131147541,1.0,0.316672131147541,0.4754098360655737,1.6557377049180328,2.1311475409836067,0.5573770491803278,0.7049180327868853,0.3442622950819672,0.2295081967213114,1.475409836065574,6.622950819672131,-4.016393442622951
32,101111,29.1482304526749,0.4380246913580246,0.2305308641975308,1.3950617283950617,0.4478888888888888,2.234567901234568,4.197530864197531,6.432098765432099,1.0864197530864197,1.2222222222222223,0.7407407407407407,0.7777777777777778,3.049382716049383,13.0,-0.4567901234567901
33,101112,24.190076923076923,0.4630153846153846,0.0461538461538461,2.907692307692308,0.6587384615384615,2.123076923076923,3.630769230769231,5.753846153846154,0.8153846153846154,1.4923076923076923,0.4615384615384615,0.7230769230769231,3.076923076923077,12.33846153846154,-0.7384615384615385
34,101144,4.547395833333334,0.1301875,0.09375,0.375,0.15625,0.3125,0.1875,0.5,0.25,0.0625,0.1875,0.0,0.75,1.25,-1.5625
35,101188,7.43201754385965,0.3201578947368421,0.0526315789473684,0.4210526315789473,0.1842105263157894,0.3684210526315789,1.105263157894737,1.4736842105263157,0.4210526315789473,0.4736842105263157,0.4736842105263157,0.1052631578947368,0.8947368421052632,2.0526315789473686,0.8421052631578947
36,101189,12.765903954802258,0.311322033898305,0.0649661016949152,0.6610169491525424,0.2641186440677966,1.0677966101694916,2.2711864406779663,3.3389830508474576,0.4915254237288136,0.4745762711864407,0.3220338983050847,0.3559322033898305,1.6101694915254237,3.440677966101695,-0.847457627118644
37,101190,1.6916666666666669,0.5,0.0,0.0,0.0,0.0,0.0,0.0,0.0,0.5,0.0,0.0,0.0,1.0,-6.5
38,101194,5.519479166666667,0.354125,0.1041875,0.125,0.0625,0.0,0.375,0.375,0.3125,0.1875,0.0625,0.0,0.375,2.1875,-0.0625
39,101195,7.429166666666667,0.3375,0.0,0.2,0.0875,0.4,1.05,1.45,0.35,0.25,0.05,0.15,1.05,1.8,0.5
40,101204,6.179523809523809,0.1785714285714285,0.0,0.4285714285714285,0.1428571428571428,0.7142857142857143,1.5,2.2142857142857144,0.1428571428571428,0.2142857142857142,0.0714285714285714,0.2142857142857142,1.0,1.0,1.4285714285714286
41,101198,10.821222222222222,0.2973333333333333,0.1,0.6666666666666666,0.2444666666666666,0.2,0.6,0.8,1.2666666666666666,0.9333333333333332,0.4666666666666667,0.0,0.6666666666666666,3.6,-3.733333333333333
42,101180,20.763777777777776,0.3714933333333333,0.32968,1.6133333333333333,0.49816,0.2533333333333333,1.7866666666666666,2.04,3.026666666666667,1.5466666666666666,0.5333333333333333,0.0533333333333333,1.44,7.293333333333333,0.6666666666666666
43,101181,23.230338541666665,0.38721875,0.059890625,1.21875,0.39540625,0.46875,1.734375,2.203125,4.5,1.578125,0.65625,0.0625,1.453125,5.453125,-1.6875
44,101182,9.1221568627451,0.2953137254901961,0.0490196078431372,0.5882352941176471,0.2892156862745098,0.3137254901960784,0.7254901960784313,1.03921568627451,0.8823529411764706,0.6666666666666666,0.5882352941176471,0.0784313725490196,0.9215686274509804,2.7450980392156863,0.1568627450980392
45,101183,8.542397660818715,0.3154912280701754,0.0,0.7543859649122807,0.2501052631578947,0.9649122807017544,1.368421052631579,2.333333333333333,0.3333333333333333,0.3684210526315789,0.3333333333333333,0.2105263157894736,1.456140350877193,2.298245614035088,0.3859649122807017
46,101184,2.3841666666666668,0.0,0.0,0.0,0.0,0.0,0.0,0.0,0.0,0.0,0.0,0.0,0.0,0.0,-1.5
47,101185,10.491304347826087,0.3202173913043478,0.0434782608695652,0.9565217391304348,0.3043478260869565,0.3478260869565217,1.0,1.3478260869565215,0.4347826086956521,0.6521739130434783,0.3478260869565217,0.3043478260869565,0.7391304347826086,3.0869565217391304,-0.782608695652174
48,101187,15.655555555555557,0.3319444444444444,0.2610833333333333,0.9166666666666666,0.3199166666666666,0.6388888888888888,1.3055555555555556,1.9444444444444444,0.8888888888888888,0.8888888888888888,0.3055555555555556,0.1111111111111111,1.3333333333333333,5.75,0.1944444444444444
49,101207,8.722649572649573,0.1628205128205128,0.1175128205128205,0.4102564102564102,0.173076923076923,0.1025641025641025,0.5641025641025641,0.6666666666666666,1.2307692307692308,0.6410256410256411,0.6666666666666666,0.0512820512820512,1.6153846153846154,1.794871794871795,-0.0512820512820512
50,101209,4.985679012345679,0.1419629629629629,0.0,0.4814814814814814,0.1635925925925926,0.3703703703703703,0.5185185185185185,0.8888888888888888,0.2592592592592592,0.1851851851851851,0.1111111111111111,0.0,0.4814814814814814,0.925925925925926,-1.5925925925925926
51,101212,8.682134502923976,0.2423333333333333,0.0,0.5789473684210527,0.182578947368421,1.0701754385964912,1.456140350877193,2.526315789473684,0.1228070175438596,0.6666666666666666,0.2631578947368421,0.1929824561403508,1.947368421052632,1.7719298245614037,-0.1403508771929824
52,101236,13.379708333333332,0.4067249999999999,0.0,0.725,0.306675,1.675,2.8,4.475,0.35,0.3,0.65,0.35,1.9,3.675,2.025
53,101238,6.588623188405797,0.3630434782608695,0.0,0.2608695652173913,0.1304347826086956,0.6521739130434783,0.9565217391304348,1.608695652173913,0.3043478260869565,0.2608695652173913,0.0869565217391304,0.217391304347826,1.0,2.1739130434782608,-1.9130434782608696
54,101261,9.132246376811594,0.2352608695652174,0.0652173913043478,0.5217391304347826,0.1521739130434782,0.4782608695652174,0.4347826086956521,0.9130434782608696,0.3478260869565217,0.5652173913043478,0.217391304347826,0.0,1.0869565217391304,3.0,-1.391304347826087
55,101249,8.203205128205129,0.267,0.1153846153846153,0.0,0.0,0.1538461538461538,0.2307692307692307,0.3846153846153846,0.9230769230769232,0.5384615384615384,0.3846153846153846,0.0,0.4615384615384615,2.3076923076923075,-0.5384615384615384
56,101230,6.801111111111111,0.21525,0.0833333333333333,0.4166666666666667,0.2083333333333333,0.25,0.8333333333333334,1.0833333333333333,0.1666666666666666,0.6666666666666666,0.1666666666666666,0.25,1.0833333333333333,1.5,-0.4166666666666667
57,101223,6.217017543859649,0.2543684210526316,0.0,0.2105263157894736,0.0526315789473684,0.0,0.7368421052631579,0.7368421052631579,1.263157894736842,0.5789473684210527,0.2105263157894736,0.0526315789473684,0.6842105263157895,0.8421052631578947,-0.2105263157894736
58,101213,4.344444444444444,0.6666666666666666,0.0,0.0,0.0,0.3333333333333333,0.6666666666666666,1.0,0.0,0.6666666666666666,0.0,0.3333333333333333,2.333333333333333,1.3333333333333333,-3.6666666666666665
59,101219,9.000555555555556,0.5278333333333333,0.3333333333333333,0.75,0.3333333333333333,0.0833333333333333,1.3333333333333333,1.4166666666666667,0.75,0.75,0.5833333333333334,0.0,1.1666666666666667,4.333333333333333,2.4166666666666665
60,101211,7.945227272727274,0.3211818181818182,0.0302727272727272,0.6363636363636364,0.2727272727272727,0.2272727272727272,1.0,1.2272727272727273,0.3181818181818182,0.5909090909090909,0.2272727272727272,0.0909090909090909,1.4090909090909092,2.636363636363636,0.4545454545454545
61,101179,5.170977011494253,0.2620689655172413,0.1103448275862069,0.4137931034482758,0.2068965517241379,0.1724137931034483,0.3448275862068966,0.5172413793103449,0.3793103448275862,0.3448275862068966,0.2068965517241379,0.0,0.3448275862068966,2.0689655172413794,-1.137931034482759
62,101158,15.432375,0.3596875,0.0729125,0.5625,0.2260374999999999,0.4625,1.35,1.8125,1.6125,1.3625,0.9625,0.125,2.2625,3.175,-1.275
63,101159,4.252666666666667,0.3467,0.1833,0.2,0.2,0.4,0.7,1.1,0.1,0.2,0.3,0.1,0.6,2.8,-1.2
64,101156,9.21,0.2685652173913043,0.0,0.1304347826086956,0.0652173913043478,0.6956521739130435,1.173913043478261,1.8695652173913044,0.7391304347826086,0.6086956521739131,0.3043478260869565,0.3478260869565217,1.7826086956521738,2.130434782608696,-1.9130434782608696
65,101155,22.56122950819672,0.3762459016393443,0.0327868852459016,1.836065573770492,0.4829344262295082,1.6721311475409837,3.2131147540983607,4.885245901639344,0.9508196721311476,0.9016393442622952,0.5737704918032787,0.081967213114754,1.360655737704918,7.557377049180328,0.0491803278688524
66,101145,18.080918367346936,0.3933469387755102,0.2398163265306122,0.8571428571428571,0.2982857142857142,0.4489795918367347,1.6938775510204085,2.142857142857143,1.5918367346938775,1.183673469387755,0.6530612244897959,0.2244897959183673,1.4081632653061225,6.816326530612245,0.1632653061224489
67,101147,8.465392156862745,0.5735882352941176,0.0,0.0588235294117647,0.0294117647058823,1.1176470588235294,1.0,2.117647058823529,0.1176470588235294,0.1176470588235294,0.1176470588235294,0.3529411764705882,1.4705882352941178,2.764705882352941,0.6470588235294118
68,101149,1.5611111111111111,0.0,0.0,0.0,0.0,0.1666666666666666,0.5,0.6666666666666666,0.0,0.0,0.3333333333333333,0.0,0.1666666666666666,0.0,1.8333333333333333
69,101150,4.823444444444444,0.3078,0.0666666666666666,0.2666666666666666,0.1333333333333333,0.1,0.5333333333333333,0.6333333333333333,0.3333333333333333,0.4333333333333333,0.1666666666666666,0.0,0.4333333333333333,1.8666666666666667,-0.8
70,101152,19.30047619047619,0.3351428571428571,0.2141428571428571,2.0,0.5714285714285714,0.4285714285714285,2.142857142857143,2.571428571428572,0.7142857142857143,1.1428571428571428,0.1428571428571428,0.0,1.1428571428571428,8.857142857142858,-1.4285714285714286
71,101154,6.051091954022988,0.300551724137931,0.0632068965517241,0.3448275862068966,0.1321724137931034,0.4137931034482758,0.896551724137931,1.3103448275862069,0.3448275862068966,0.4137931034482758,0.1724137931034483,0.2413793103448276,1.2413793103448276,2.2413793103448274,-0.3448275862068966
72,101165,7.021333333333334,0.29,0.0666,0.0,0.0,0.2,0.8,1.0,0.8,0.8,0.2,0.0,0.8,1.8,-6.6
73,101177,8.30276836158192,0.2717966101694915,0.0,0.2542372881355932,0.0706271186440677,0.9661016949152542,1.11864406779661,2.0847457627118646,0.4576271186440678,0.4745762711864407,0.1525423728813559,0.1864406779661017,1.5423728813559323,1.7457627118644068,-0.6271186440677966
74,101178,7.079824561403508,0.2610526315789473,0.0789473684210526,0.6842105263157895,0.2481052631578947,0.1578947368421052,0.3684210526315789,0.5263157894736842,0.2631578947368421,0.4210526315789473,0.3684210526315789,0.0,0.5263157894736842,2.3157894736842106,-0.3684210526315789
75,101161,12.922222222222222,0.5,0.3333333333333333,1.3333333333333333,0.3333333333333333,1.0,0.3333333333333333,1.3333333333333333,1.0,1.3333333333333333,0.0,0.6666666666666666,2.333333333333333,6.666666666666667,-7.333333333333333
76,101160,5.477525252525252,0.2335757575757575,0.0,0.3333333333333333,0.1464545454545454,0.7878787878787878,0.696969696969697,1.4848484848484849,0.1515151515151515,0.1515151515151515,0.2424242424242424,0.0606060606060606,0.9090909090909092,1.5454545454545454,0.1212121212121212
77,2637,0.1533333333333333,0.0,0.0,0.0,0.0,0.0,0.0,0.0,0.0,0.0,0.0,0.0,0.0,0.0,0.0
78,2752,13.19474358974359,0.2492692307692307,0.1858846153846154,0.3846153846153846,0.1923076923076923,0.4230769230769231,1.5769230769230769,2.0,0.7307692307692307,0.4615384615384615,0.2692307692307692,0.1923076923076923,1.5769230769230769,2.9615384615384617,-5.5
79,2450,2.63,0.25,0.0,0.0,0.0,0.25,0.0,0.25,0.0,0.0,0.0,0.0,0.5,0.5,-0.25
80,2583,15.941666666666666,0.5,0.0,0.0,0.0,0.5,1.5,2.0,3.5,2.0,0.0,0.0,2.0,2.0,-5.5
81,2694,11.59536036036036,0.4437027027027027,0.0,0.972972972972973,0.3364864864864865,0.7567567567567568,1.4324324324324325,2.189189189189189,0.2432432432432432,0.5945945945945946,0.1891891891891892,0.1081081081081081,1.4054054054054057,2.972972972972973,-0.054054054054054
82,2853,5.609166666666667,0.2625,0.0,0.375,0.1875,0.25,1.0,1.25,0.0,0.625,0.0,0.0,1.25,1.625,-4.125
83,2809,13.302870370370371,0.3144444444444444,0.1962777777777777,0.9444444444444444,0.2281666666666666,0.3888888888888889,1.2777777777777777,1.6666666666666667,1.8333333333333333,0.8333333333333334,0.3888888888888889,0.2777777777777778,1.5555555555555556,4.666666666666667,-0.3333333333333333
84,2684,7.058125,0.442875,0.125,0.4375,0.21875,0.25,1.1875,1.4375,0.1875,0.5,0.3125,0.0,1.25,2.5625,-1.1875
