,PLAYER_ID,MIN,FG_PCT,FG3_PCT,FTM,FT_PCT,OREB,DREB,REB,AST,TOV,STL,BLK,PF,PTS,PLUS_MINUS
0,200829,3.755,0.2879090909090909,0.0,0.4545454545454545,0.1969999999999999,0.6363636363636364,0.3636363636363636,1.0,0.0909090909090909,0.0909090909090909,0.0,0.0,0.7272727272727273,1.3636363636363635,-0.8181818181818182
1,200749,18.684444444444445,0.3700246913580247,0.0185185185185185,1.3580246913580247,0.3999999999999999,1.617283950617284,3.753086419753086,5.37037037037037,0.5432098765432098,1.1851851851851851,0.6419753086419753,0.4814814814814814,2.45679012345679,5.481481481481482,-2.9012345679012346
2,200764,15.649779411764705,0.4371176470588235,0.0539117647058823,0.75,0.2393235294117647,1.4264705882352942,2.897058823529412,4.323529411764706,0.6470588235294118,0.7205882352941176,0.8382352941176471,0.6470588235294118,2.147058823529412,4.911764705882353,-0.3235294117647059
3,200765,23.47356837606837,0.3567307692307692,0.0512820512820512,1.5256410256410255,0.3398076923076923,0.9487179487179488,2.7948717948717947,3.743589743589744,3.807692307692308,1.7564102564102564,1.641025641025641,0.1025641025641025,2.3205128205128207,6.423076923076923,0.5
4,200766,16.63938818565401,0.3628607594936709,0.2025189873417721,0.9113924050632912,0.303253164556962,0.3670886075949367,1.6962025316455696,2.0632911392405062,3.2911392405063293,1.7974683544303798,0.3670886075949367,0.0253164556962025,1.2151898734177216,6.759493670886076,-0.4556962025316455
5,200746,22.09137566137566,0.4423968253968254,0.0,1.3174603174603174,0.4423333333333333,2.2857142857142856,2.6666666666666665,4.9523809523809526,0.3809523809523809,0.6825396825396826,0.3492063492063492,1.1587301587301588,2.952380952380953,8.968253968253968,-0.9206349206349206
6,200767,10.961775956284152,0.3924918032786885,0.0,0.918032786885246,0.2713442622950819,1.0491803278688523,1.836065573770492,2.8852459016393444,0.1639344262295081,0.5409836065573771,0.180327868852459,0.3442622950819672,1.540983606557377,4.163934426229508,0.2459016393442623
7,200745,25.068461538461538,0.4203692307692308,0.3241076923076923,1.8,0.5864,0.8,3.123076923076923,3.923076923076923,0.7692307692307693,1.646153846153846,0.4923076923076923,0.8153846153846154,2.769230769230769,11.553846153846154,0.6461538461538462
8,200970,27.395,0.2,0.0,1.0,0.5,0.0,2.0,2.0,0.0,1.0,2.0,0.0,4.0,5.0,15.0
9,200826,5.796818181818182,0.1818181818181818,0.0909090909090909,0.4848484848484848,0.2272727272727272,0.2121212121212121,0.5454545454545454,0.7575757575757576,0.7272727272727273,0.4242424242424242,0.0303030303030303,0.0303030303030303,0.5757575757575758,2.363636363636364,-1.0909090909090908
10,200747,29.81833333333333,0.3552692307692307,0.3077820512820513,1.5384615384615383,0.4432307692307692,0.6923076923076923,2.2564102564102564,2.948717948717949,2.08974358974359,1.6666666666666667,0.358974358974359,0.0769230769230769,2.2948717948717947,11.756410256410255,-3.051282051282051
11,200748,13.419930555555556,0.4106666666666667,0.0,1.4722222222222223,0.4054305555555555,1.2361111111111112,2.5,3.736111111111111,0.5555555555555556,1.3055555555555556,0.6388888888888888,1.0555555555555556,2.25,5.194444444444445,2.0972222222222223
12,200761,12.091739130434783,0.3359782608695652,0.1898260869565217,0.2391304347826087,0.0916086956521739,0.717391304347826,1.0869565217391304,1.8043478260869563,0.4782608695652174,0.5217391304347826,0.1304347826086956,0.1739130434782608,1.5,3.9130434782608696,-2.760869565217391
13,200823,11.3075,0.2476666666666666,0.1655,0.6666666666666666,0.2222499999999999,0.3333333333333333,1.0,1.3333333333333333,0.6666666666666666,0.5,0.25,0.1666666666666666,0.6666666666666666,4.25,-1.1666666666666667
14,101166,3.599666666666667,0.20585,0.05,0.45,0.175,0.35,0.35,0.7,0.05,0.45,0.05,0.1,0.55,1.9,-1.8
15,200835,19.49,0.4804166666666666,0.3399166666666666,0.8541666666666666,0.3576458333333334,0.5833333333333334,2.3125,2.895833333333333,0.5416666666666666,0.6666666666666666,0.3541666666666667,0.1458333333333333,1.5833333333333333,9.208333333333334,-0.2708333333333333
16,200763,8.550873015873016,0.2619285714285714,0.1444285714285714,0.2619047619047619,0.1369047619047619,0.2619047619047619,0.6190476190476191,0.8809523809523809,0.3571428571428571,0.3571428571428571,0.3571428571428571,0.0952380952380952,0.5,2.833333333333333,-0.9047619047619048
17,200754,6.051904761904761,0.2083571428571428,0.0,0.6071428571428571,0.2440357142857143,0.5714285714285714,1.0357142857142858,1.6071428571428572,0.0,0.3928571428571428,0.1071428571428571,0.4285714285714285,1.1785714285714286,1.8928571428571428,-1.75
18,200768,17.542166666666667,0.2483,0.1333,2.5,0.735,1.2,1.9,3.1,3.2,1.2,1.4,0.1,2.0,5.6,6.0
19,200751,22.91869918699187,0.4119268292682926,0.2893292682926829,2.0,0.4922560975609756,0.5975609756097561,2.0609756097560976,2.658536585365854,2.8292682926829267,1.853658536585366,0.6463414634146342,0.2560975609756097,2.2439024390243905,10.146341463414634,-2.024390243902439
20,200752,26.96551282051282,0.3997051282051282,0.2362692307692307,1.948717948717949,0.4736666666666666,1.1923076923076923,3.269230769230769,4.461538461538462,1.2820512820512822,1.794871794871795,0.9102564102564102,0.9487179487179488,2.4615384615384617,10.846153846153848,-1.6025641025641026
21,200758,12.055416666666668,0.4273214285714286,0.0,1.0,0.3424642857142857,0.6607142857142857,0.6785714285714286,1.3392857142857142,0.4285714285714285,0.4285714285714285,0.6607142857142857,0.1071428571428571,0.7857142857142857,4.642857142857143,-0.2321428571428571
22,200757,12.224272300469485,0.3167887323943662,0.1267605633802817,0.323943661971831,0.1420281690140845,0.4929577464788732,1.6619718309859155,2.1549295774647885,0.8450704225352113,0.8450704225352113,0.4647887323943662,0.1549295774647887,1.408450704225352,3.6056338028169015,1.1971830985915493
23,200756,11.325119047619047,0.4219285714285714,0.0,0.7142857142857143,0.2119285714285714,1.0357142857142858,1.625,2.6607142857142856,0.1785714285714285,0.625,0.2142857142857142,0.4642857142857143,1.4107142857142858,3.142857142857143,-0.3214285714285714
24,200837,6.383333333333333,0.25,0.0,0.0,0.0,0.5,0.5,1.0,0.5,0.0,0.0,0.0,0.5,1.0,-1.5
25,101215,7.342142857142858,0.0,0.0,0.0,0.0,0.4285714285714285,0.5714285714285714,1.0,1.2857142857142858,0.2857142857142857,0.0,0.0,1.0,0.0,-1.5714285714285714
26,200760,17.44910447761194,0.4256865671641791,0.2280895522388059,0.7910447761194029,0.2761194029850746,0.582089552238806,1.328358208955224,1.9104477611940296,0.3880597014925373,0.6417910447761194,0.5671641791044776,0.3432835820895522,1.7611940298507462,6.597014925373134,-1.8805970149253728
27,2696,10.53109756097561,0.2917804878048781,0.2138292682926829,0.6585365853658537,0.2378048780487804,0.048780487804878,0.6097560975609756,0.6585365853658537,1.2926829268292683,0.4390243902439024,0.4146341463414634,0.024390243902439,0.7804878048780488,4.073170731707317,-0.5609756097560976
28,101235,16.323414634146342,0.3781463414634146,0.314609756097561,1.4878048780487805,0.3656341463414634,0.6341463414634146,1.6585365853658536,2.292682926829268,0.6829268292682927,0.951219512195122,0.5365853658536586,0.2439024390243902,1.195121951219512,7.097560975609756,-3.8780487804878048
29,101232,4.433333333333334,0.0,0.0,0.6666666666666666,0.3333333333333333,1.0,0.0,1.0,0.0,1.0,0.0,0.0,0.6666666666666666,0.6666666666666666,-3.333333333333333
30,200759,12.417286821705424,0.3201627906976744,0.0,0.3720930232558139,0.1356744186046511,1.0232558139534884,1.4651162790697674,2.488372093023256,0.2790697674418604,0.5116279069767442,0.1860465116279069,0.5348837209302325,1.744186046511628,2.9302325581395348,-2.302325581395349
31,200755,14.817142857142857,0.3702142857142857,0.3647619047619048,1.2857142857142858,0.5,0.238095238095238,1.0,1.238095238095238,0.8571428571428571,0.5,0.2857142857142857,0.0,1.238095238095238,6.0,0.0
32,200750,35.34222222222222,0.4511578947368421,0.3508070175438596,3.543859649122807,0.7177894736842105,1.0175438596491229,3.3684210526315788,4.385964912280702,4.035087719298246,2.0350877192982457,1.1754385964912282,0.175438596491228,2.43859649122807,16.75438596491228,-3.3508771929824563
33,201043,8.73,0.1,0.0,0.4,0.15,0.2,1.6,1.8,0.2,0.4,0.4,0.2,0.8,0.8,-2.4
34,200978,3.3083333333333336,0.1666666666666666,0.25,0.0,0.0,0.1666666666666666,0.1666666666666666,0.3333333333333333,0.0,0.1666666666666666,0.1666666666666666,0.0,0.3333333333333333,1.3333333333333333,-0.1666666666666666
35,200807,11.833333333333332,0.2785714285714286,0.0357142857142857,0.4285714285714285,0.2142857142857142,0.4285714285714285,0.6428571428571429,1.0714285714285714,1.2142857142857142,0.8571428571428571,0.3571428571428571,0.0,0.6428571428571429,1.7857142857142858,-1.4285714285714286
36,200769,8.762101449275363,0.2806086956521739,0.1340434782608695,0.4347826086956521,0.217391304347826,0.2608695652173913,0.6521739130434783,0.9130434782608696,0.4347826086956521,0.6086956521739131,0.3043478260869565,0.1304347826086956,1.0434782608695652,3.1739130434782608,-2.608695652173913
37,200838,16.66111111111111,0.3523333333333333,0.0833333333333333,1.0,0.25,1.1666666666666667,1.3333333333333333,2.5,0.8333333333333334,0.6666666666666666,0.5,0.5,2.0,5.166666666666667,0.8333333333333334
38,2779,8.771075268817203,0.2361612903225806,0.0725806451612903,1.096774193548387,0.307,0.1612903225806451,0.5483870967741935,0.7096774193548387,0.9032258064516128,0.935483870967742,0.2258064516129032,0.032258064516129,1.064516129032258,2.7419354838709675,-0.967741935483871
39,200782,4.905196078431373,0.2426470588235294,0.0,0.4705882352941176,0.1852941176470588,0.6470588235294118,0.7058823529411765,1.3529411764705883,0.1764705882352941,0.3529411764705882,0.1176470588235294,0.0,0.7058823529411765,1.7647058823529411,-1.8823529411764703
40,200783,18.73859756097561,0.5387439024390244,0.0,1.4146341463414631,0.4021219512195121,1.8170731707317076,3.2439024390243905,5.060975609756097,0.5975609756097561,0.902439024390244,0.6219512195121951,0.2195121951219512,2.7195121951219514,7.414634146341464,-1.5975609756097562
41,200811,8.08530303030303,0.1882727272727272,0.0,0.3636363636363636,0.1363636363636363,1.181818181818182,1.3636363636363635,2.5454545454545454,0.0909090909090909,0.4545454545454545,0.0909090909090909,0.7272727272727273,1.3636363636363635,1.4545454545454546,-2.090909090909091
42,200786,11.64281862745098,0.2500882352941176,0.1446029411764706,0.5441176470588235,0.2107794117647058,0.6176470588235294,1.1911764705882353,1.8088235294117647,0.9558823529411764,0.5882352941176471,0.3676470588235294,0.1323529411764706,1.1323529411764706,2.7058823529411766,-2.647058823529412
43,200797,6.861666666666666,0.3358518518518518,0.0,0.8888888888888888,0.2728518518518518,0.4074074074074074,0.7407407407407407,1.148148148148148,0.037037037037037,0.5925925925925926,0.1481481481481481,0.2592592592592592,1.4814814814814814,2.3703703703703702,-3.4074074074074074
44,200801,8.122158469945354,0.3891803278688524,0.0,0.3934426229508196,0.1598360655737705,0.5737704918032787,0.6885245901639344,1.2622950819672132,0.2131147540983606,0.360655737704918,0.2786885245901639,0.0655737704918032,0.7704918032786885,2.8524590163934427,-0.2950819672131147
45,2824,3.97625,0.260375,0.166625,0.125,0.125,0.0,0.125,0.125,1.125,0.125,0.125,0.0,0.25,1.625,2.0
46,200806,5.679666666666666,0.3255333333333333,0.1444333333333333,0.2333333333333333,0.1083333333333333,0.3666666666666666,0.6666666666666666,1.0333333333333334,0.2,0.5,0.1,0.0333333333333333,0.7333333333333333,1.7,-1.5
47,200809,9.712103174603174,0.2597857142857143,0.2242142857142857,0.5952380952380952,0.2162857142857142,0.1428571428571428,0.5714285714285714,0.7142857142857143,1.5476190476190477,0.5,0.3571428571428571,0.0,0.7619047619047619,3.357142857142857,0.2857142857142857
48,200796,11.42542328042328,0.3191269841269841,0.0,1.6825396825396826,0.4939047619047619,1.5396825396825398,1.873015873015873,3.412698412698413,0.1587301587301587,0.746031746031746,0.2222222222222222,0.3492063492063492,1.6507936507936507,4.190476190476191,-0.6349206349206349
49,200784,7.624734848484849,0.2636818181818182,0.0227272727272727,0.5227272727272727,0.2272727272727272,0.5,0.7954545454545454,1.2954545454545454,0.3636363636363636,0.4090909090909091,0.25,0.0227272727272727,1.3409090909090908,2.5,0.8181818181818182
50,200794,17.9530081300813,0.4684512195121951,0.0121951219512195,1.7073170731707317,0.4375487804878049,2.231707317073171,2.926829268292683,5.158536585365853,0.7560975609756098,1.146341463414634,0.8170731707317073,0.902439024390244,2.8780487804878048,6.817073170731708,1.7560975609756098
51,200788,3.658333333333333,0.5,0.0,0.0,0.0,0.5,1.0,1.5,1.0,0.0,0.0,0.0,1.0,1.0,-0.5
52,200789,16.459583333333335,0.3728166666666667,0.2908166666666666,0.4666666666666667,0.2044333333333333,0.4666666666666667,1.0666666666666669,1.5333333333333334,1.15,0.7333333333333333,0.3833333333333333,0.1333333333333333,1.5666666666666669,4.6,1.4
53,200840,2.357333333333333,0.0,0.0,0.0,0.0,0.0,0.0,0.0,0.0,0.4,0.0,0.0,0.2,0.0,-0.4
54,200810,15.098049645390072,0.2878723404255319,0.2870425531914893,0.8936170212765957,0.2984042553191489,0.3829787234042553,1.0851063829787233,1.4680851063829787,0.9148936170212766,0.8936170212765957,0.425531914893617,0.0638297872340425,1.8085106382978724,6.170212765957447,-0.3191489361702128
55,200841,8.65159420289855,0.1862173913043478,0.0869565217391304,0.0869565217391304,0.0434782608695652,0.1304347826086956,0.8695652173913043,1.0,0.391304347826087,0.391304347826087,0.217391304347826,0.0869565217391304,1.391304347826087,1.1304347826086956,-1.1304347826086956
56,200790,7.950512820512821,0.4230769230769231,0.2307692307692307,0.3846153846153846,0.1923076923076923,0.1538461538461538,0.6923076923076923,0.8461538461538461,0.3846153846153846,0.4615384615384615,0.1538461538461538,0.0769230769230769,0.7692307692307693,1.6923076923076923,-2.5384615384615383
57,200792,12.757146892655369,0.4355593220338983,0.0,1.3220338983050848,0.3444915254237288,0.847457627118644,2.2203389830508478,3.067796610169492,0.288135593220339,0.7966101694915254,0.423728813559322,0.5932203389830508,2.3220338983050848,4.406779661016949,-0.2033898305084746
58,200793,9.174149659863945,0.1886734693877551,0.0663265306122449,0.4897959183673469,0.1845306122448979,0.1632653061224489,0.6530612244897959,0.8163265306122449,1.6938775510204085,0.6326530612244898,0.4489795918367347,0.1428571428571428,1.0408163265306123,1.9183673469387756,0.3673469387755102
59,2810,7.129561403508772,0.3488947368421052,0.0,0.2368421052631578,0.1381578947368421,0.6842105263157895,1.263157894736842,1.947368421052632,0.0526315789473684,0.7631578947368421,0.1578947368421052,0.1052631578947368,0.6842105263157895,2.4473684210526314,-0.3157894736842105
60,2601,6.196794871794872,0.1897692307692307,0.0,0.0769230769230769,0.0384615384615384,0.1538461538461538,0.4615384615384615,0.6153846153846154,0.0769230769230769,0.6923076923076923,0.0,0.0,1.4615384615384617,1.3076923076923077,-2.076923076923077
61,200778,22.75972222222222,0.4378333333333333,0.2221666666666666,2.0,0.5278333333333333,0.5,2.833333333333333,3.333333333333333,0.8333333333333334,0.8333333333333334,0.5,0.1666666666666666,1.1666666666666667,8.333333333333334,-3.6666666666666665
62,101153,17.695761904761905,0.3270857142857143,0.0916714285714285,0.9428571428571428,0.3167714285714285,0.8428571428571429,1.6285714285714286,2.4714285714285715,0.8,0.7,0.3428571428571428,0.3142857142857143,1.542857142857143,4.585714285714285,-1.0
63,200779,5.445142857142857,0.2304857142857143,0.1995142857142857,0.0571428571428571,0.0285714285714285,0.1142857142857142,0.6285714285714286,0.7428571428571429,0.1714285714285714,0.1142857142857142,0.1428571428571428,0.0,0.6,1.457142857142857,-0.8857142857142857
64,101148,1.174,0.0,0.0,0.0,0.0,0.0,0.2,0.2,0.0,0.6,0.0,0.0,0.2,0.0,-3.4
65,200821,18.384348958333334,0.25884375,0.20578125,0.546875,0.25,0.421875,1.296875,1.71875,0.859375,0.578125,0.46875,0.109375,2.0625,4.4375,0.3125
66,200848,3.5172916666666665,0.0625,0.0,0.125,0.0625,0.125,0.625,0.75,0.0,0.25,0.125,0.0,0.5,0.625,-1.625
67,200770,15.13513888888889,0.3602638888888889,0.2340277777777778,0.375,0.1331111111111111,0.3055555555555556,1.3472222222222223,1.6527777777777777,1.9027777777777777,1.0138888888888888,0.6111111111111112,0.0972222222222222,1.0694444444444444,4.444444444444445,0.1805555555555555
68,200771,12.862487562189054,0.3492238805970149,0.1890298507462686,0.3134328358208955,0.1318358208955224,0.2985074626865671,1.0597014925373134,1.3582089552238803,3.253731343283582,1.1492537313432836,0.5223880597014925,0.0298507462686567,1.0746268656716418,3.6865671641791047,-1.537313432835821
69,200772,6.69890625,0.1795625,0.0625,0.625,0.16928125,0.03125,0.625,0.65625,0.21875,0.46875,0.125,0.09375,0.84375,2.15625,-2.15625
70,200776,14.94397435897436,0.2816538461538461,0.0711538461538461,0.9230769230769232,0.2109038461538461,0.5384615384615384,1.4615384615384617,2.0,1.5961538461538465,1.0961538461538465,0.6153846153846154,0.0576923076923076,1.4423076923076923,4.519230769230769,-1.8846153846153848
71,200822,5.942361111111111,0.5499999999999999,0.0,0.5833333333333334,0.1944166666666666,0.75,1.0,1.75,0.0,0.75,0.0833333333333333,0.0,0.6666666666666666,2.4166666666666665,0.5
72,200818,12.82,0.4894615384615384,0.0,0.8846153846153846,0.2586153846153846,1.9615384615384612,2.4615384615384617,4.423076923076923,0.0769230769230769,0.5769230769230769,0.1923076923076923,0.6153846153846154,1.9615384615384612,5.038461538461538,-2.269230769230769
73,200816,28.497139303482587,0.3837462686567164,0.2857014925373134,0.8507462686567164,0.2872985074626865,0.7164179104477612,4.208955223880597,4.925373134328358,1.8656716417910448,0.9552238805970148,1.164179104477612,0.2238805970149253,1.3432835820895523,8.462686567164178,1.417910447761194
74,200814,20.141111111111112,0.3766875,0.1003541666666666,1.625,0.416875,0.6041666666666666,1.4166666666666667,2.020833333333333,0.8541666666666666,0.9583333333333334,1.1041666666666667,0.0208333333333333,1.1875,7.6875,-2.3125
75,2591,4.96530303030303,0.1590909090909091,0.0,0.2727272727272727,0.0681818181818181,0.4545454545454545,0.5454545454545454,1.0,0.1818181818181818,0.1818181818181818,0.0,0.2727272727272727,1.2727272727272727,1.0,0.0
76,200780,11.478189655172416,0.3535344827586206,0.0,1.0172413793103448,0.336051724137931,0.8448275862068966,1.5,2.3448275862068964,0.1896551724137931,0.4310344827586206,0.1896551724137931,0.7241379310344828,2.1379310344827585,3.2586206896551726,-3.034482758620689
77,101141,14.742020202020202,0.3171666666666666,0.2943939393939394,1.0606060606060606,0.3705454545454545,0.8787878787878788,1.9848484848484849,2.863636363636364,0.7424242424242424,0.7727272727272727,0.4090909090909091,0.2575757575757575,2.227272727272727,6.090909090909091,-3.0303030303030303
78,200781,5.801021505376345,0.2407096774193548,0.0,0.2258064516129032,0.1290322580645161,0.6774193548387096,0.7419354838709677,1.4193548387096775,0.2258064516129032,0.2580645161290322,0.1935483870967742,0.1612903225806451,0.9032258064516128,1.6451612903225807,-0.4838709677419355
79,200753,7.421875,0.2708125,0.0,0.6875,0.2708125,0.4375,0.875,1.3125,0.5625,0.5,0.375,0.5,1.625,1.9375,1.125
