,PLAYER_ID,MIN,FG_PCT,FG3_PCT,FTM,FT_PCT,OREB,DREB,REB,AST,TOV,STL,BLK,PF,PTS,PLUS_MINUS
0,201336,14.760833333333332,0.2416666666666666,0.29125,2.5,0.6574166666666666,0.0833333333333333,1.5,1.5833333333333333,1.5833333333333333,1.3333333333333333,0.5,0.0,1.6666666666666667,5.833333333333333,-6.333333333333333
1,201238,4.202552083333333,0.16478125,0.0,0.265625,0.143234375,0.40625,0.34375,0.75,0.203125,0.140625,0.1875,0.0625,0.953125,0.921875,-0.703125
2,201242,11.183333333333334,0.427,0.1965,0.0,0.0,0.75,0.25,1.0,0.25,1.0,0.0,0.0,1.0,5.25,-2.25
3,201235,3.711111111111111,0.0,0.0,0.0,0.0,0.3333333333333333,0.3333333333333333,0.6666666666666666,0.3333333333333333,0.0,0.0,0.0,0.6666666666666666,0.0,-0.3333333333333333
4,2434,25.8190243902439,0.3620487804878048,0.3005,1.5121951219512195,0.4779512195121951,0.4146341463414634,2.1463414634146343,2.5609756097560976,2.158536585365854,1.6341463414634143,0.5853658536585366,0.0121951219512195,1.146341463414634,10.926829268292684,-3.597560975609756
5,200785,5.421428571428572,0.1714285714285714,0.0,0.5714285714285714,0.2142857142857142,0.8571428571428571,1.0,1.8571428571428568,0.1428571428571428,0.1428571428571428,0.0,0.2857142857142857,0.8571428571428571,1.4285714285714286,0.5714285714285714
6,201202,20.755694444444444,0.3505833333333333,0.0,1.2083333333333333,0.3854166666666667,1.5833333333333333,2.2916666666666665,3.875,0.125,0.7083333333333334,0.375,1.2916666666666667,2.2916666666666665,3.5416666666666665,-5.583333333333333
7,201199,8.188585858585858,0.2731212121212121,0.0833030303030303,0.2727272727272727,0.1262727272727272,0.2727272727272727,0.5757575757575758,0.8484848484848485,0.9090909090909092,0.3333333333333333,0.3636363636363636,0.1818181818181818,1.0909090909090908,2.212121212121212,-1.1515151515151516
8,101162,6.778888888888889,0.3536666666666666,0.0,0.3333333333333333,0.1111666666666666,1.3333333333333333,1.3333333333333333,2.6666666666666665,0.3333333333333333,0.3333333333333333,0.1666666666666666,0.1666666666666666,0.6666666666666666,3.0,0.0
9,201207,4.15078431372549,0.188235294117647,0.1764705882352941,0.4705882352941176,0.2647058823529412,0.1764705882352941,0.6470588235294118,0.8235294117647058,0.5294117647058824,0.2941176470588235,0.2352941176470588,0.1176470588235294,0.2352941176470588,1.7647058823529411,0.4705882352941176
10,201208,7.91925925925926,0.1851111111111111,0.0,0.2222222222222222,0.0444444444444444,0.5555555555555556,0.7777777777777778,1.3333333333333333,0.0,0.7777777777777778,0.2222222222222222,0.2222222222222222,0.8888888888888888,1.3333333333333333,-1.8888888888888888
11,201228,11.496927083333333,0.298875,0.17396875,0.71875,0.2916875,0.40625,0.59375,1.0,1.09375,0.5625,0.46875,0.0,0.59375,3.6875,0.3125
12,2449,24.67778455284553,0.4742682926829268,0.0,1.9146341463414636,0.4471097560975609,2.1219512195121952,4.280487804878049,6.402439024390244,1.2926829268292683,1.2804878048780488,0.7317073170731707,0.2317073170731707,2.865853658536585,10.329268292682928,2.048780487804878
13,101247,4.8,0.1665,0.0,0.0,0.0,0.0,1.0,1.0,0.0,0.0,0.0,0.0,0.5,1.0,3.5
14,200081,27.768611111111117,0.489051282051282,0.2194230769230769,0.8076923076923077,0.3493589743589743,1.1794871794871795,5.0256410256410255,6.205128205128205,1.1538461538461535,0.6538461538461539,1.0256410256410255,1.3846153846153846,1.948717948717949,8.474358974358974,3.4615384615384617
15,101133,3.758888888888889,0.2618333333333333,0.0,1.5,0.6666666666666666,0.0,0.8333333333333334,0.8333333333333334,0.1666666666666666,0.3333333333333333,0.0,0.6666666666666666,0.6666666666666666,3.5,-2.333333333333333
16,200762,9.12895238095238,0.2482857142857142,0.1747714285714285,0.5714285714285714,0.25,0.6,1.2857142857142858,1.8857142857142857,0.2,0.4857142857142857,0.1714285714285714,0.1428571428571428,0.8571428571428571,3.571428571428572,-1.9142857142857144
17,201157,17.511073059360733,0.4653424657534246,0.0,1.1095890410958904,0.3211369863013699,1.5753424657534247,2.835616438356164,4.410958904109589,0.3835616438356164,0.958904109589041,0.3835616438356164,1.452054794520548,2.643835616438356,5.602739726027397,-2.5342465753424657
18,201149,20.725878378378376,0.4097702702702703,0.0,1.8108108108108107,0.4997702702702702,2.3513513513513518,3.27027027027027,5.621621621621622,1.135135135135135,1.2027027027027026,0.918918918918919,0.8648648648648649,2.3378378378378377,6.594594594594595,-0.3783783783783784
19,200827,8.11574074074074,0.3275555555555555,0.1666666666666666,0.3888888888888889,0.2083333333333333,0.2222222222222222,0.8888888888888888,1.1111111111111112,0.8333333333333334,0.7777777777777778,0.2777777777777778,0.0,0.8888888888888888,2.9444444444444446,0.0
20,201148,9.886754385964911,0.4564736842105263,0.0,0.7105263157894737,0.2938947368421052,1.0,1.605263157894737,2.6052631578947367,0.2368421052631578,0.3421052631578947,0.1578947368421052,0.5789473684210527,0.9473684210526316,3.973684210526316,-0.7368421052631579
21,201166,11.92372549019608,0.3702352941176471,0.2854509803921569,0.8235294117647058,0.330078431372549,0.2549019607843137,0.8431372549019608,1.0980392156862746,1.7058823529411764,0.8627450980392157,0.2549019607843137,0.0980392156862745,1.3529411764705883,5.176470588235294,-0.0784313725490196
22,200839,9.375980392156862,0.3575294117647059,0.0,0.4705882352941176,0.1862941176470588,1.411764705882353,1.7647058823529411,3.176470588235294,0.1764705882352941,0.5294117647058824,0.3529411764705882,0.1764705882352941,0.9411764705882352,3.647058823529412,0.8235294117647058
23,2867,27.654090909090908,0.3158181818181818,0.1727272727272727,0.5454545454545454,0.2424545454545454,0.7272727272727273,3.272727272727273,4.0,1.6363636363636365,0.4545454545454545,0.8181818181818182,0.1818181818181818,1.6363636363636365,7.636363636363637,-6.454545454545454
24,201165,4.355185185185185,0.1333333333333333,0.0555555555555555,0.4444444444444444,0.2222222222222222,0.0,0.2222222222222222,0.2222222222222222,0.3333333333333333,0.2222222222222222,0.1111111111111111,0.0,0.5555555555555556,1.4444444444444444,-1.4444444444444444
25,201162,18.95639269406393,0.4157123287671233,0.0844657534246575,1.1917808219178083,0.4078493150684931,1.6575342465753424,2.26027397260274,3.9178082191780814,1.1095890410958904,0.684931506849315,0.7534246575342466,0.136986301369863,1.7534246575342465,5.780821917808219,-0.589041095890411
26,201150,13.1162441314554,0.4173239436619718,0.0492957746478873,0.5352112676056338,0.2030422535211267,0.9577464788732394,2.2816901408450705,3.23943661971831,0.6197183098591549,0.7887323943661971,0.1971830985915492,0.5633802816901409,1.8028169014084507,4.704225352112676,-1.3943661971830985
27,201163,19.573285714285717,0.3504857142857143,0.1071142857142857,0.9714285714285714,0.3162,1.0857142857142856,2.5428571428571427,3.628571428571429,0.9428571428571428,0.7714285714285715,0.4285714285714285,0.4571428571428571,2.3714285714285714,7.285714285714286,-2.7142857142857144
28,201147,22.817531645569616,0.345126582278481,0.0443037974683544,1.1139240506329111,0.3396582278481012,1.0379746835443038,2.6582278481012658,3.6962025316455698,1.4050632911392404,1.1265822784810129,0.9620253164556962,0.3164556962025316,2.3797468354430378,5.810126582278481,-4.063291139240507
29,201187,9.930619047619048,0.2378428571428571,0.0142857142857142,0.2,0.0739857142857143,0.7571428571428571,1.2285714285714286,1.9857142857142855,0.5714285714285714,0.5714285714285714,0.2857142857142857,0.3714285714285714,1.0857142857142856,1.3285714285714283,-2.942857142857143
30,201172,6.307111111111111,0.2833333333333333,0.1666666666666666,0.0666666666666666,0.0333333333333333,0.0666666666666666,0.4666666666666667,0.5333333333333333,0.8666666666666667,0.3333333333333333,0.3333333333333333,0.0,0.6666666666666666,2.1333333333333333,-0.8666666666666667
31,201173,3.2762121212121214,0.2181818181818181,0.0,0.0,0.0,0.3636363636363636,0.7272727272727273,1.0909090909090908,0.2727272727272727,0.0,0.0909090909090909,0.0909090909090909,0.2727272727272727,0.9090909090909092,-0.0909090909090909
32,201181,10.698685897435896,0.3161923076923077,0.0,0.3076923076923077,0.1185961538461538,1.0,1.5961538461538465,2.5961538461538463,0.3461538461538461,0.4615384615384615,0.1923076923076923,0.2307692307692307,1.5961538461538465,1.8846153846153848,-0.5384615384615384
33,201174,10.343910256410256,0.4726153846153846,0.0,0.5769230769230769,0.1724230769230769,1.3076923076923077,2.1153846153846154,3.423076923076923,0.4230769230769231,0.5,0.3076923076923077,0.4230769230769231,0.9615384615384616,4.115384615384615,0.5384615384615384
34,201144,26.062955974842765,0.422566037735849,0.223566037735849,1.69811320754717,0.5053584905660378,0.3962264150943396,2.2264150943396226,2.6226415094339623,4.188679245283019,1.679245283018868,0.8301886792452831,0.0377358490566037,1.6037735849056605,9.39622641509434,-5.39622641509434
35,201175,13.629541062801932,0.4116376811594203,0.0,1.434782608695652,0.437927536231884,1.3768115942028984,1.6376811594202898,3.0144927536231885,0.4057971014492754,0.9420289855072465,0.4492753623188406,0.2898550724637681,2.318840579710145,4.536231884057971,1.536231884057971
36,201178,7.790185185185185,0.3444444444444444,0.0,0.2222222222222222,0.1111111111111111,1.5555555555555556,1.2222222222222223,2.7777777777777777,0.2222222222222222,0.8888888888888888,0.0,0.3333333333333333,2.111111111111111,1.5555555555555556,-0.1111111111111111
37,201143,31.35662551440329,0.5057530864197531,0.0,1.9135802469135803,0.5540246913580247,3.061728395061728,6.62962962962963,9.691358024691358,1.530864197530864,1.691358024691358,0.7407407407407407,0.9382716049382716,3.2962962962962963,10.135802469135802,-1.4074074074074074
38,201176,8.463026315789474,0.3512368421052631,0.0,0.4736842105263157,0.1789473684210526,0.5526315789473685,1.0789473684210529,1.631578947368421,0.3421052631578947,0.4473684210526316,0.1842105263157894,0.3947368421052631,1.2105263157894737,3.1578947368421053,-1.8421052631578947
39,201146,24.9485101010101,0.3863030303030303,0.0542878787878787,1.8484848484848484,0.5605909090909091,1.606060606060606,3.606060606060606,5.212121212121212,0.8333333333333334,1.3636363636363635,0.5454545454545454,0.8484848484848485,2.3181818181818183,8.575757575757576,-3.5303030303030303
40,201167,12.937822222222222,0.36576,0.0977733333333333,0.9066666666666666,0.3369866666666666,0.48,1.346666666666667,1.8266666666666669,0.6933333333333334,0.4533333333333333,0.4133333333333333,0.1066666666666666,1.106666666666667,3.68,1.6
41,200984,3.3605555555555555,0.111,0.0,0.3333333333333333,0.1666666666666666,0.0,0.3333333333333333,0.3333333333333333,0.0,0.0,0.0,0.0,0.3333333333333333,1.0,-4.333333333333333
42,201169,7.9944444444444445,0.1999999999999999,0.0555,0.8333333333333334,0.25,0.6666666666666666,0.6666666666666666,1.3333333333333333,0.0,0.0,0.0,0.1666666666666666,0.3333333333333333,3.6666666666666665,-1.0
43,201186,18.957291666666663,0.3722499999999999,0.0,1.1875,0.3385,1.625,1.6875,3.3125,0.1875,0.9375,0.8125,1.375,2.1875,5.1875,-2.25
44,201142,34.599604166666666,0.4256,0.23115,4.8875,0.8366875,0.875,3.475,4.35,2.4,2.9,0.975,0.9375,1.525,20.3,-8.1625
45,201145,28.16333333333333,0.42815,0.127925,2.2125,0.611675,1.2625,3.475,4.7375,1.4875,1.975,0.575,0.6125,2.475,10.475,-6.35
46,201171,16.937936507936506,0.6046190476190476,0.0,1.7142857142857142,0.4806904761904761,2.2857142857142856,2.642857142857143,4.928571428571429,0.5,0.6190476190476191,0.4047619047619047,0.1666666666666666,2.333333333333333,8.142857142857142,2.2857142857142856
47,201189,10.04912568306011,0.4356065573770492,0.0,0.918032786885246,0.2890655737704918,1.147540983606557,1.6065573770491803,2.7540983606557377,0.6721311475409836,0.9344262295081968,0.3442622950819672,0.2622950819672131,1.9180327868852456,4.295081967213115,-0.3442622950819672
48,200798,7.831666666666666,0.5,0.0,0.25,0.125,0.75,1.0,1.75,0.0,0.25,0.25,0.5,2.0,1.75,0.75
49,200799,2.996944444444445,0.0833333333333333,0.0,0.5,0.3333333333333333,0.3333333333333333,0.0,0.3333333333333333,0.1666666666666666,0.0,0.0,0.0,0.0,0.8333333333333334,0.6666666666666666
50,201154,27.312637130801686,0.4253797468354431,0.2217215189873418,2.7088607594936707,0.5448607594936709,1.240506329113924,3.2911392405063293,4.531645569620253,1.240506329113924,1.620253164556962,0.5822784810126582,0.5443037974683544,2.4683544303797467,12.721518987341772,-5.113924050632911
51,201153,11.229415204678364,0.4594210526315789,0.1578947368421052,0.5789473684210527,0.1820175438596491,0.5789473684210527,1.4736842105263157,2.0526315789473686,0.7017543859649122,0.5964912280701754,0.5087719298245614,0.2105263157894736,0.7543859649122807,3.912280701754386,0.2807017543859649
52,201155,18.96269005847953,0.3900175438596491,0.0409298245614035,2.2280701754385963,0.6048947368421053,0.5614035087719298,1.7017543859649122,2.263157894736842,2.807017543859649,1.368421052631579,0.8596491228070176,0.1052631578947368,1.9824561403508767,7.649122807017544,1.0
53,201159,13.5632,0.31404,0.08666,1.44,0.39242,0.54,1.66,2.2,1.02,1.1,0.38,0.04,0.94,5.56,-0.82
54,201160,14.559166666666666,0.4342236842105262,0.0438552631578947,0.7105263157894737,0.2390526315789473,1.013157894736842,2.013157894736842,3.026315789473684,0.2631578947368421,0.631578947368421,0.2894736842105263,0.6578947368421053,1.868421052631579,4.473684210526316,0.5131578947368421
55,201196,26.4428431372549,0.3635294117647059,0.088235294117647,1.8823529411764703,0.624,0.4705882352941176,2.9411764705882355,3.411764705882353,7.470588235294118,2.117647058823529,1.0,0.1764705882352941,1.5294117647058822,8.058823529411764,-2.647058823529412
56,201193,3.171190476190476,0.2761428571428571,0.1785714285714285,0.0,0.0,0.0,0.3571428571428571,0.3571428571428571,0.0714285714285714,0.2857142857142857,0.0,0.2142857142857142,0.2857142857142857,1.0714285714285714,-1.3571428571428572
57,201192,4.340196078431372,0.2352941176470588,0.1176470588235294,0.6470588235294118,0.2058823529411764,0.0,0.5882352941176471,0.5882352941176471,0.6470588235294118,0.5294117647058824,0.1176470588235294,0.0,0.2941176470588235,1.588235294117647,0.2941176470588235
58,201156,15.436488888888888,0.3950533333333333,0.2417866666666666,1.346666666666667,0.4096666666666667,0.3066666666666666,1.2266666666666666,1.5333333333333334,0.84,1.2533333333333334,0.4666666666666667,0.0933333333333333,1.7333333333333334,7.48,-2.373333333333333
59,201158,7.289848484848485,0.2516969696969697,0.212090909090909,0.2121212121212121,0.0959696969696969,0.0909090909090909,0.3333333333333333,0.4242424242424242,0.4545454545454545,0.3636363636363636,0.1515151515151515,0.0,0.4545454545454545,2.878787878787879,-1.2121212121212122
60,201161,24.41822033898305,0.3464745762711864,0.2875423728813559,0.7966101694915254,0.2754237288135593,0.3389830508474576,2.6610169491525424,3.0,1.271186440677966,1.0677966101694916,0.3898305084745763,0.1525423728813559,2.6610169491525424,8.779661016949152,-5.237288135593221
61,201177,3.5158333333333336,0.2416249999999999,0.0,0.0,0.0,0.25,1.0,1.25,0.25,0.25,0.125,0.0,0.125,1.5,1.875
62,201152,21.005608108108103,0.4927432432432432,0.0608108108108108,1.027027027027027,0.3754594594594594,1.6216216216216215,2.5945945945945947,4.216216216216216,0.7837837837837838,0.8648648648648649,0.9864864864864864,0.1081081081081081,1.7027027027027026,8.243243243243244,2.4864864864864864
63,201151,15.452857142857145,0.3193928571428571,0.0833214285714285,0.6785714285714286,0.2592321428571428,0.2142857142857142,0.8035714285714286,1.0178571428571428,2.017857142857143,1.0,0.5178571428571429,0.0,1.3035714285714286,4.196428571428571,-2.142857142857143
