,PLAYER_ID,MIN,FG_PCT,FG3_PCT,FTM,FT_PCT,OREB,DREB,REB,AST,TOV,STL,BLK,PF,PTS,PLUS_MINUS
0,201603,4.586111111111111,0.2708333333333333,0.0,0.25,0.0694166666666666,0.0,0.3333333333333333,0.3333333333333333,0.25,0.5,0.0833333333333333,0.0,0.6666666666666666,1.5833333333333333,-3.333333333333333
1,201602,20.816041666666667,0.5000535714285714,0.2278392857142857,0.7321428571428571,0.2842321428571429,0.5535714285714286,1.7678571428571428,2.321428571428572,1.8035714285714288,1.2321428571428572,0.8392857142857143,0.4464285714285714,1.4464285714285714,5.339285714285714,-0.75
2,201578,15.980042194092828,0.4643670886075949,0.0253164556962025,1.2911392405063291,0.4456582278481013,1.5569620253164558,2.151898734177215,3.708860759493671,0.379746835443038,0.5822784810126582,0.3417721518987341,0.7088607594936709,2.2911392405063293,7.69620253164557,-1.0379746835443038
3,201633,11.047833333333331,0.297775,0.18095,1.0,0.41875,0.825,1.2,2.025,0.5,0.4,0.35,0.475,1.95,3.925,-2.875
4,201590,13.188424242424242,0.2673272727272727,0.1922181818181818,0.5272727272727272,0.2181818181818181,0.3454545454545454,1.2181818181818185,1.5636363636363635,0.5454545454545454,0.6727272727272727,0.2909090909090909,0.2545454545454545,1.2363636363636363,3.8,-2.963636363636364
5,201604,13.285037878787875,0.3739090909090908,0.0454545454545454,1.1590909090909092,0.3522727272727273,0.3181818181818182,0.8181818181818182,1.1363636363636365,1.181818181818182,0.7045454545454546,0.2727272727272727,0.1590909090909091,0.7727272727272727,4.909090909090909,0.8409090909090909
6,201591,18.499761904761904,0.5121428571428571,0.0,1.4285714285714286,0.4285714285714285,1.4285714285714286,3.142857142857143,4.571428571428571,0.8571428571428571,0.4285714285714285,0.4285714285714285,0.7142857142857143,1.4285714285714286,8.857142857142858,0.0
7,201575,24.0386,0.3767333333333333,0.32836,0.6133333333333333,0.2433333333333333,0.4533333333333333,2.6533333333333333,3.1066666666666665,0.88,1.0,0.5066666666666667,0.4933333333333333,1.7066666666666668,8.133333333333333,-2.3866666666666667
8,201634,13.133205128205129,0.443,0.0,0.3846153846153846,0.0923076923076923,0.4615384615384615,1.3846153846153846,1.8461538461538465,1.0,1.1538461538461535,0.6923076923076923,0.1538461538461538,1.8461538461538465,4.076923076923077,-3.0
9,201592,1.2686111111111111,0.1111666666666666,0.0,0.0,0.0,0.3333333333333333,0.1666666666666666,0.5,0.0,0.1666666666666666,0.1666666666666666,0.0,0.1666666666666666,0.6666666666666666,0.1666666666666666
10,201576,17.9226455026455,0.4496349206349206,0.0,1.6031746031746033,0.4407460317460317,2.031746031746032,3.73015873015873,5.761904761904762,0.7777777777777778,1.2698412698412698,0.6666666666666666,1.1746031746031746,2.238095238095238,7.920634920634921,-1.492063492063492
11,201577,10.238888888888887,0.42255,0.0,0.7833333333333333,0.3008333333333333,0.8666666666666667,1.1,1.9666666666666663,0.1333333333333333,0.4666666666666667,0.1833333333333333,0.6833333333333333,1.6166666666666667,3.15,-0.95
12,201585,11.774756944444444,0.3887708333333333,0.0,0.75,0.2371041666666666,1.0416666666666667,1.8333333333333333,2.875,0.4166666666666667,0.5416666666666666,0.25,0.6458333333333334,1.4583333333333333,4.666666666666667,-0.25
13,201579,14.415738095238096,0.4448142857142857,0.0,1.4,0.4043428571428571,1.6428571428571428,1.8285714285714283,3.4714285714285715,0.7,0.7857142857142857,0.2857142857142857,1.0857142857142856,3.071428571428572,7.057142857142857,-0.9142857142857144
14,201596,32.02247967479675,0.4011097560975609,0.3265731707317073,1.804878048780488,0.5740609756097561,0.4512195121951219,2.3292682926829267,2.7804878048780486,4.914634146341464,2.0121951219512195,1.951219512195122,0.0975609756097561,2.926829268292683,9.975609756097562,0.3902439024390244
15,201164,25.55057692307692,0.4153205128205128,0.4110384615384615,1.5384615384615383,0.5160384615384616,0.6025641025641025,2.051282051282051,2.6538461538461537,2.0384615384615383,1.1025641025641026,0.8846153846153846,0.1538461538461538,1.4230769230769231,10.448717948717947,3.0128205128205128
16,201580,15.234555555555556,0.4605333333333333,0.0,1.4266666666666667,0.4326933333333333,1.6,2.32,3.92,0.3066666666666666,0.8133333333333334,0.44,1.0,2.066666666666667,6.52,-3.8933333333333335
17,201581,11.366155913978494,0.4275645161290323,0.0,0.7258064516129032,0.2860161290322581,0.8387096774193549,1.8225806451612905,2.661290322580645,0.1451612903225806,0.7258064516129032,0.2258064516129032,0.4838709677419355,1.3064516129032258,3.9516129032258074,-1.6935483870967742
18,201587,18.40217299578059,0.4013291139240506,0.3219113924050633,0.5316455696202531,0.2436708860759493,1.0632911392405062,1.7215189873417722,2.7848101265822787,0.9367088607594936,0.6329113924050633,0.6329113924050633,0.5063291139240507,1.759493670886076,5.39240506329114,2.329113924050633
19,201583,19.88522727272727,0.3770454545454546,0.3226818181818182,1.4848484848484849,0.4585909090909091,1.5757575757575757,3.136363636363636,4.712121212121212,0.7878787878787878,0.9545454545454546,0.6666666666666666,0.303030303030303,2.378787878787879,7.378787878787879,-0.2878787878787879
20,201582,5.879247311827957,0.2324193548387096,0.0,0.6451612903225806,0.2741935483870967,0.2903225806451613,0.6774193548387096,0.967741935483871,0.0967741935483871,0.3870967741935484,0.2258064516129032,0.1935483870967742,1.096774193548387,2.2580645161290325,0.1935483870967742
21,201584,25.178506493506493,0.4359480519480519,0.3946233766233766,1.0129870129870129,0.3722987012987013,0.2337662337662337,2.0779220779220777,2.311688311688312,1.181818181818182,0.8961038961038961,0.987012987012987,0.1818181818181818,2.038961038961039,8.38961038961039,3.0779220779220777
22,201858,8.04868686868687,0.2182727272727272,0.0979393939393939,0.6060606060606061,0.2575757575757575,0.2121212121212121,0.7878787878787878,1.0,0.3939393939393939,0.2727272727272727,0.2424242424242424,0.1212121212121212,1.0,2.606060606060606,0.6666666666666666
23,201601,25.776727642276423,0.444060975609756,0.0,1.7073170731707317,0.4893048780487805,2.304878048780488,3.634146341463415,5.939024390243903,1.0609756097560976,1.2195121951219512,1.0609756097560976,0.5487804878048781,2.4878048780487805,7.2439024390243905,-0.4024390243902439
24,201589,19.265504385964917,0.4128815789473684,0.0,0.5263157894736842,0.2291710526315789,1.4210526315789471,3.131578947368421,4.552631578947368,0.5657894736842105,0.618421052631579,0.6842105263157895,0.6842105263157895,2.710526315789474,5.552631578947368,-2.986842105263158
25,201595,2.1222222222222222,0.1666666666666666,0.0,0.0,0.0,0.0,0.3333333333333333,0.3333333333333333,0.3333333333333333,0.0,0.0,0.0,0.0,0.6666666666666666,-0.6666666666666666
26,201594,2.44125,0.5,0.0,0.0,0.0,0.0,0.375,0.375,0.0,0.0,0.0,0.25,0.375,1.0,-1.125
27,201599,14.554559748427671,0.4531509433962264,0.0,0.7924528301886793,0.182,1.3584905660377358,3.1132075471698117,4.471698113207547,0.2075471698113207,0.7735849056603774,0.2075471698113207,1.1132075471698113,1.8113207547169807,4.30188679245283,-4.584905660377358
28,101146,12.354652777777778,0.3178055555555555,0.0879583333333333,0.6111111111111112,0.2320555555555555,0.375,0.6666666666666666,1.0416666666666667,2.125,0.8333333333333334,0.4166666666666667,0.0277777777777777,1.0694444444444444,4.180555555555555,-1.2777777777777777
29,101214,2.0265,0.1833,0.04,0.0,0.0,0.1,0.1,0.2,0.0,0.1,0.1,0.0,0.2,1.2,0.3
30,201588,16.49095238095238,0.371077922077922,0.1718571428571428,1.4805194805194806,0.3985714285714286,0.3896103896103896,1.6623376623376624,2.051948051948052,1.7662337662337662,0.961038961038961,0.5844155844155844,0.2727272727272727,1.948051948051948,5.688311688311688,0.2597402597402597
31,201188,30.743658536585365,0.5261829268292683,0.0,3.3536585365853657,0.6497926829268292,2.451219512195122,4.926829268292683,7.378048780487805,1.7439024390243902,2.0,0.7682926829268293,1.0975609756097562,3.231707317073171,11.890243902439025,-4.134146341463414
32,201632,6.298771929824561,0.307,0.0,0.9473684210526316,0.2916842105263157,0.8421052631578947,1.631578947368421,2.473684210526316,0.4210526315789473,0.4736842105263157,0.0526315789473684,0.631578947368421,1.0526315789473684,2.526315789473684,2.631578947368421
33,201631,2.433333333333333,1.0,0.0,0.0,0.0,2.0,1.0,3.0,0.0,0.0,0.0,0.0,0.0,2.0,5.0
34,201563,24.797407407407405,0.4573703703703703,0.2216049382716049,2.2962962962962963,0.5738888888888889,1.3580246913580247,4.061728395061729,5.419753086419753,1.0246913580246917,1.4938271604938271,0.5061728395061729,0.4567901234567901,2.271604938271605,13.864197530864198,0.074074074074074
35,201446,15.107549019607845,0.2881372549019608,0.1352941176470588,1.0980392156862746,0.362078431372549,0.4313725490196078,1.2745098039215683,1.7058823529411764,2.07843137254902,1.431372549019608,0.7058823529411765,0.0,1.6470588235294117,5.666666666666667,-2.627450980392157
36,201629,5.7225,0.233625,0.0,0.0,0.0,0.5625,0.9375,1.5,0.0625,0.125,0.125,0.3125,0.6875,1.375,1.4375
37,201611,7.442413793103448,0.45,0.0,0.5517241379310345,0.1954137931034482,0.2758620689655172,0.7241379310344828,1.0,0.4482758620689655,0.6206896551724138,0.2068965517241379,0.0689655172413793,1.7586206896551724,3.034482758620689,-2.0689655172413794
38,201621,11.416666666666668,0.2915,0.25,1.0,0.5,0.5,1.5,2.0,0.5,0.0,0.5,0.0,1.0,4.5,3.5
39,201566,32.537012195121946,0.3942439024390244,0.1514024390243902,4.2560975609756095,0.7374512195121952,2.1707317073170733,2.6951219512195124,4.865853658536586,5.304878048780488,3.341463414634146,1.3414634146341464,0.1951219512195122,2.3292682926829267,15.317073170731708,-3.3292682926829267
40,201229,10.95,0.2436315789473684,0.1139999999999999,0.2631578947368421,0.131578947368421,0.631578947368421,1.5263157894736843,2.1578947368421053,0.8947368421052632,0.3684210526315789,0.2631578947368421,0.0526315789473684,0.8421052631578947,2.736842105263158,0.3157894736842105
41,201628,13.69825980392157,0.3698676470588235,0.2973088235294117,0.5,0.2330882352941176,0.2058823529411764,0.5588235294117647,0.7647058823529411,1.7205882352941178,0.9264705882352942,0.3088235294117647,0.0441176470588235,1.3970588235294117,5.3088235294117645,-2.897058823529412
42,201612,10.336666666666666,0.2274666666666666,0.0,0.1333333333333333,0.0888666666666666,0.7333333333333333,1.1333333333333333,1.8666666666666667,0.8666666666666667,0.8,0.4,0.4666666666666667,1.2666666666666666,3.333333333333333,0.1333333333333333
43,201565,37.03763374485597,0.4669135802469136,0.0855925925925926,2.432098765432099,0.6371851851851852,1.1851851851851851,2.728395061728395,3.91358024691358,6.320987654320987,2.493827160493827,0.8148148148148148,0.2222222222222222,1.5432098765432098,16.80246913580247,-1.4938271604938271
44,201564,38.05247967479675,0.4325487804878049,0.3686341463414634,3.0121951219512195,0.7375975609756097,0.6829268292682927,3.073170731707317,3.7560975609756095,3.1951219512195124,2.756097560975609,1.1097560975609757,0.1585365853658536,2.4878048780487805,18.48780487804878,-5.085365853658536
45,201234,3.5333333333333337,0.0,0.0,1.0,0.25,0.0,0.25,0.25,0.0,0.25,0.0,0.0,1.0,1.0,-3.0
46,201616,8.422581699346406,0.264078431372549,0.0,0.4705882352941176,0.1944509803921568,0.6274509803921569,1.0784313725490196,1.7058823529411764,0.1568627450980392,0.2745098039215686,0.196078431372549,0.0784313725490196,1.5098039215686274,1.9215686274509804,-1.392156862745098
47,201180,2.814833333333333,0.1167,0.0,0.0,0.0,0.0,0.0,0.0,0.2,0.3,0.1,0.1,1.0,0.6,-4.8
48,201605,3.143055555555556,0.0833333333333333,0.0,0.0,0.0,0.1666666666666666,0.1666666666666666,0.3333333333333333,0.0,0.3333333333333333,0.0,0.0,0.5,0.3333333333333333,-1.3333333333333333
49,201606,8.188423423423425,0.2749189189189189,0.2252162162162162,0.4864864864864865,0.2297297297297297,0.2702702702702703,0.6756756756756757,0.945945945945946,0.7837837837837838,0.6216216216216216,0.2972972972972973,0.0,1.2162162162162162,2.4324324324324325,-1.7027027027027026
50,201571,26.499074074074077,0.4379305555555555,0.3889305555555555,2.888888888888889,0.6809583333333333,0.2361111111111111,1.6111111111111112,1.8472222222222223,3.4722222222222223,1.6527777777777777,0.5833333333333334,0.0277777777777777,1.9444444444444444,11.805555555555555,-0.5277777777777778
51,200971,13.963611111111112,0.4388333333333333,0.1666666666666666,1.0,0.4166666666666667,0.1666666666666666,1.8333333333333333,2.0,1.5,1.0,0.6666666666666666,0.1666666666666666,1.5,4.833333333333333,-3.333333333333333
52,201570,12.142175141242936,0.3454745762711864,0.1466101694915254,0.9830508474576272,0.3406949152542373,0.7457627118644068,1.2033898305084745,1.9491525423728813,0.711864406779661,0.8813559322033898,0.2542372881355932,0.4915254237288136,1.8135593220338984,4.711864406779661,-0.4915254237288136
53,201627,22.616393034825872,0.4254328358208955,0.378134328358209,1.1940298507462686,0.3871791044776119,1.164179104477612,1.8059701492537317,2.970149253731343,1.1940298507462686,0.7761194029850746,0.5373134328358209,0.1791044776119403,1.9402985074626864,10.08955223880597,-0.835820895522388
54,201574,28.083861788617885,0.4984634146341464,0.0,2.414634146341464,0.5267560975609756,2.8536585365853657,4.536585365853658,7.390243902439025,1.1341463414634143,1.7804878048780488,0.5609756097560976,0.7195121951219512,3.829268292682927,11.097560975609756,-3.548780487804878
55,201573,12.35377358490566,0.2663396226415094,0.1006226415094339,1.5660377358490567,0.5009056603773585,0.1509433962264151,0.9245283018867924,1.0754716981132075,1.471698113207547,1.0566037735849056,0.3018867924528302,0.0377358490566037,1.528301886792453,4.30188679245283,-0.4716981132075472
56,201572,30.50489837398374,0.5144268292682926,0.0,2.097560975609756,0.5904634146341463,2.7439024390243905,5.365853658536586,8.109756097560975,1.048780487804878,1.7926829268292683,0.5365853658536586,1.8414634146341464,3.1341463414634148,13.024390243902438,-1.2560975609756098
57,201609,13.240757575757575,0.3479090909090909,0.1969818181818181,0.9090909090909092,0.3348545454545454,0.6,1.2727272727272727,1.8727272727272728,2.018181818181818,1.3272727272727274,0.5272727272727272,0.0545454545454545,1.5818181818181818,4.472727272727273,-0.2181818181818181
58,201141,21.539234972677598,0.5539999999999999,0.0,2.360655737704918,0.4914262295081967,2.7704918032786887,4.180327868852459,6.950819672131147,0.5081967213114754,1.4262295081967211,0.4098360655737705,1.1311475409836065,3.901639344262295,8.852459016393443,2.7868852459016398
59,201568,14.705178571428572,0.4333571428571429,0.3648928571428572,0.9285714285714286,0.3809642857142857,0.4642857142857143,1.5,1.9642857142857144,0.5357142857142857,0.5357142857142857,0.5,0.1428571428571428,1.7142857142857142,6.071428571428571,1.8214285714285716
60,201567,25.28026748971193,0.427111111111111,0.0185185185185185,3.271604938271605,0.6704197530864198,3.382716049382716,5.679012345679013,9.061728395061728,1.037037037037037,1.4567901234567902,0.4320987654320987,0.6172839506172839,2.5308641975308643,11.098765432098766,-3.345679012345679
61,201569,34.31604700854701,0.4336410256410256,0.3287820512820513,3.8333333333333335,0.7438461538461539,0.5769230769230769,2.0,2.576923076923077,2.7564102564102564,2.102564102564102,1.0,0.4487179487179487,2.2051282051282053,16.05128205128205,-5.884615384615385
