,PLAYER_ID,MIN,FG_PCT,FG3_PCT,FTM,FT_PCT,OREB,DREB,REB,AST,TOV,STL,BLK,PF,PTS,PLUS_MINUS
0,201952,10.11969483568075,0.3485915492957746,0.0645492957746479,0.5774647887323944,0.2734788732394366,0.0704225352112676,0.8732394366197183,0.943661971830986,1.7183098591549295,0.704225352112676,0.4788732394366197,0.1549295774647887,1.1549295774647887,3.211267605633803,-0.5915492957746479
1,201951,20.268256410256413,0.4662307692307692,0.2425692307692307,1.6307692307692307,0.4830615384615385,0.6461538461538462,1.2615384615384615,1.907692307692308,3.123076923076923,1.2615384615384615,0.7384615384615385,0.0307692307692307,1.3692307692307693,8.338461538461539,2.569230769230769
2,201935,22.87315789473684,0.4066184210526316,0.3553684210526315,2.5526315789473686,0.6173552631578947,0.618421052631579,2.5921052631578947,3.210526315789474,1.8026315789473684,1.394736842105263,1.0526315789473684,0.2631578947368421,2.631578947368421,9.907894736842104,2.421052631578948
3,201985,15.451994047619047,0.3880535714285714,0.3055892857142857,1.0714285714285714,0.4253035714285714,0.2142857142857142,1.3571428571428572,1.5714285714285714,1.8928571428571428,1.0535714285714286,0.625,0.0535714285714285,0.9464285714285714,7.321428571428571,0.875
4,201980,5.740666666666667,0.3083,0.1833,0.2,0.1,0.4,0.45,0.85,0.25,0.25,0.3,0.15,0.45,2.0,-1.05
5,201977,25.638310502283105,0.4296575342465754,0.3343150684931507,1.9726027397260275,0.595041095890411,0.9863013698630136,1.904109589041096,2.8904109589041096,1.5616438356164384,1.0410958904109588,0.7945205479452054,0.1506849315068493,1.7397260273972603,14.47945205479452,-1.0547945205479452
6,201975,11.980277777777776,0.2860833333333333,0.1900333333333333,0.5166666666666667,0.2222166666666666,0.15,1.5,1.65,0.65,0.4166666666666667,0.3,0.0833333333333333,0.8666666666666667,4.683333333333334,-0.25
7,201950,24.202214611872144,0.419986301369863,0.318027397260274,0.8904109589041096,0.3458904109589041,0.7671232876712328,1.8493150684931507,2.616438356164384,3.835616438356164,2.136986301369863,1.082191780821918,0.2465753424657534,2.095890410958904,8.04109589041096,-2.232876712328767
8,201981,4.061041666666666,0.354125,0.0,0.25,0.125,0.0,0.25,0.25,0.125,0.125,0.0,0.25,0.5,1.25,-0.375
9,201953,15.67275720164609,0.3876172839506173,0.1666666666666666,0.6419753086419753,0.243679012345679,0.2592592592592592,1.3333333333333333,1.5925925925925926,3.2839506172839505,1.0493827160493827,0.4938271604938271,0.1234567901234567,1.4197530864197532,4.716049382716049,0.5185185185185185
10,201978,20.1120045045045,0.4105,0.3235810810810811,0.9054054054054054,0.3952702702702703,0.5135135135135135,2.45945945945946,2.972972972972973,1.1891891891891893,0.6486486486486487,0.4594594594594595,0.1486486486486486,1.148648648648649,8.878378378378379,0.0135135135135135
11,201961,18.21370614035088,0.3826447368421052,0.3206052631578947,0.8026315789473685,0.3947368421052631,0.4342105263157895,1.6578947368421053,2.0921052631578947,0.9736842105263158,0.9736842105263158,0.2631578947368421,0.0657894736842105,0.9473684210526316,6.644736842105263,-2.5657894736842106
12,201936,37.17472222222222,0.4564027777777777,0.2254861111111111,4.833333333333333,0.6771944444444444,0.9166666666666666,4.361111111111111,5.277777777777778,5.75,3.0,1.5138888888888888,0.3611111111111111,2.833333333333333,20.13888888888889,-4.666666666666667
13,201966,9.764462365591395,0.3161612903225806,0.0403225806451612,1.064516129032258,0.3091290322580645,0.6774193548387096,0.8064516129032258,1.4838709677419355,0.5161290322580645,0.6129032258064516,0.3225806451612903,0.0967741935483871,0.4838709677419355,4.129032258064516,-3.838709677419355
14,201802,21.53,0.5,0.5,0.0,0.0,1.0,3.0,4.0,2.0,1.0,0.0,0.0,0.0,7.0,-9.0
15,201959,26.872947154471543,0.4847682926829268,0.0,1.3780487804878048,0.3828292682926829,2.756097560975609,4.695121951219512,7.451219512195122,0.8536585365853658,1.3902439024390243,0.6097560975609756,1.2682926829268293,3.4390243902439024,8.963414634146341,-0.7682926829268293
16,201805,13.048944444444444,0.3861833333333333,0.0,0.8666666666666667,0.3116666666666666,0.9333333333333332,1.85,2.783333333333333,0.6166666666666667,0.5,0.2166666666666666,0.5833333333333334,2.2,4.5,0.0166666666666666
17,201967,11.228306878306878,0.4049206349206349,0.0,0.492063492063492,0.2473650793650793,0.8571428571428571,1.6825396825396826,2.5396825396825395,0.2222222222222222,0.238095238095238,0.3809523809523809,0.3492063492063492,1.5396825396825398,3.857142857142857,0.7301587301587301
18,201944,22.609252136752136,0.361551282051282,0.205525641025641,1.3205128205128205,0.460474358974359,0.5897435897435898,3.871794871794872,4.461538461538462,2.858974358974359,1.5897435897435896,0.5512820512820513,0.1282051282051282,1.6153846153846154,8.41025641025641,-3.358974358974359
19,201943,32.56977642276423,0.3565487804878048,0.3425853658536585,2.7195121951219514,0.6141219512195122,0.5975609756097561,2.841463414634146,3.4390243902439024,5.7317073170731705,2.4390243902439024,1.2804878048780488,0.2195121951219512,2.3292682926829267,15.48780487804878,1.4390243902439024
20,201958,12.49845238095238,0.4115357142857143,0.2419821428571428,0.75,0.360125,0.2142857142857142,1.1785714285714286,1.3928571428571428,1.3214285714285714,0.9642857142857144,0.5178571428571429,0.2142857142857142,1.5,7.089285714285714,1.0178571428571428
21,201821,2.56,0.5,0.0,0.0,0.0,0.0,0.5,0.5,0.0,0.0,0.5,0.0,0.0,1.0,1.5
22,201969,9.207348484848485,0.27225,0.1742272727272727,0.6136363636363636,0.2693181818181818,0.3181818181818182,0.7045454545454546,1.0227272727272727,0.3636363636363636,0.3636363636363636,0.1818181818181818,0.1590909090909091,1.181818181818182,3.0454545454545454,-2.4318181818181817
23,201965,10.385213675213675,0.3277692307692307,0.0,0.4615384615384615,0.1923076923076923,0.6410256410256411,1.871794871794872,2.5128205128205128,0.0256410256410256,0.3076923076923077,0.1794871794871795,0.4102564102564102,1.948717948717949,2.6666666666666665,-1.5128205128205128
24,201960,11.200962441314552,0.288,0.0,0.4647887323943662,0.1645492957746478,0.7464788732394366,1.3661971830985915,2.112676056338028,0.4647887323943662,0.3380281690140845,0.3943661971830985,0.1267605633802817,1.5070422535211268,2.943661971830986,-0.7464788732394366
25,201946,17.613735632183907,0.3787931034482758,0.0,2.896551724137931,0.6129655172413793,2.0689655172413794,2.689655172413793,4.758620689655173,0.9655172413793104,0.7241379310344828,0.5862068965517241,0.2758620689655172,2.413793103448276,8.482758620689655,-1.9310344827586208
26,201962,19.41029761904762,0.39525,0.2880714285714286,0.9821428571428572,0.397625,0.7142857142857143,1.2142857142857142,1.9285714285714288,2.0,0.9821428571428572,0.75,0.0535714285714285,2.071428571428572,8.589285714285714,-1.9107142857142856
27,201947,7.517450980392157,0.2586274509803921,0.0392156862745098,0.5098039215686274,0.2009803921568627,0.3529411764705882,0.8627450980392157,1.2156862745098038,0.4117647058823529,0.4509803921568627,0.1372549019607843,0.2549019607843137,0.4901960784313725,2.7450980392156863,-0.6666666666666666
28,201945,8.25639534883721,0.2245581395348837,0.0426279069767441,0.813953488372093,0.3585348837209302,0.3488372093023256,0.9302325581395348,1.2790697674418603,0.3023255813953488,0.3255813953488372,0.2325581395348837,0.2093023255813953,0.5813953488372093,2.627906976744186,-0.3953488372093023
29,201785,5.179642857142857,0.3678571428571429,0.0,0.9285714285714286,0.3869285714285714,0.5714285714285714,0.7857142857142857,1.3571428571428572,0.0714285714285714,0.4285714285714285,0.2857142857142857,0.0,0.7142857142857143,2.642857142857143,0.2857142857142857
30,201948,13.25963768115942,0.3956231884057971,0.1905652173913043,0.6666666666666666,0.2560434782608696,0.4927536231884058,2.028985507246377,2.5217391304347827,0.4927536231884058,0.6956521739130435,0.3623188405797101,0.3768115942028985,1.6521739130434785,5.057971014492754,-1.6666666666666667
31,201942,21.60573593073593,0.475051948051948,0.0454545454545454,1.922077922077922,0.5017402597402597,0.8571428571428571,2.038961038961039,2.896103896103896,0.6883116883116883,0.8051948051948052,0.5584415584415584,0.2337662337662337,2.2857142857142856,8.597402597402597,-3.038961038961039
32,201973,27.9025,0.480975,0.2010374999999999,1.5625,0.4795375,2.425,3.55,5.975,0.725,1.025,0.9875,0.3625,2.875,9.2625,-2.0125
33,201938,28.881687242798357,0.4125925925925926,0.316395061728395,2.753086419753086,0.7249506172839507,0.2962962962962963,2.061728395061728,2.3580246913580245,4.395061728395062,2.876543209876543,1.0123456790123455,0.0246913580246913,1.2098765432098766,13.506172839506172,-7.728395061728395
34,201949,11.648871794871797,0.4254615384615385,0.1705076923076923,0.7846153846153846,0.2905076923076923,0.5230769230769231,1.446153846153846,1.9692307692307691,0.7384615384615385,0.953846153846154,0.3230769230769231,0.6615384615384615,1.9384615384615385,3.9384615384615382,-2.107692307692308
35,201974,9.393099415204675,0.3464736842105262,0.0350877192982456,0.8421052631578947,0.3070175438596491,0.543859649122807,0.8245614035087719,1.368421052631579,0.3333333333333333,0.3333333333333333,0.3684210526315789,0.175438596491228,0.9298245614035088,3.263157894736842,-0.2280701754385964
36,201957,4.1765384615384615,0.1461538461538461,0.0,0.0,0.0,0.2307692307692307,0.5384615384615384,0.7692307692307693,0.0769230769230769,0.3076923076923077,0.1538461538461538,0.0,1.0,1.0769230769230769,-2.4615384615384617
37,201970,16.513083333333334,0.419,0.084375,1.7,0.4970625,0.9625,1.55,2.5125,0.65,1.175,0.425,0.25,1.325,7.4375,-2.875
38,201971,18.22337398373984,0.5249024390243903,0.0,1.0731707317073171,0.3830853658536585,2.4390243902439024,3.975609756097561,6.414634146341464,0.7926829268292683,1.3658536585365857,0.6097560975609756,0.4756097560975609,2.731707317073171,7.780487804878049,1.2073170731707317
39,201956,25.0791341991342,0.4212207792207791,0.3195714285714285,1.5194805194805194,0.3907662337662337,0.974025974025974,3.5584415584415585,4.532467532467533,1.2337662337662338,1.2727272727272727,0.7012987012987013,0.2207792207792207,1.6233766233766234,10.285714285714286,-1.4805194805194806
40,201941,13.278687943262412,0.4227872340425531,0.0,0.9787234042553192,0.2943191489361702,1.6170212765957446,2.106382978723404,3.723404255319149,0.425531914893617,0.6382978723404256,0.2978723404255319,0.4468085106382978,1.9574468085106385,5.191489361702128,-0.4042553191489361
41,201954,27.75173245614035,0.4515,0.2710526315789474,1.947368421052632,0.5115657894736841,0.5394736842105263,1.986842105263158,2.526315789473684,5.684210526315789,2.6578947368421053,1.0263157894736843,0.0526315789473684,1.2105263157894737,12.447368421052632,-2.3157894736842106
42,201972,12.570320512820512,0.4295,0.0,0.7115384615384616,0.2442307692307692,2.019230769230769,2.076923076923077,4.096153846153846,0.4230769230769231,0.4423076923076923,0.2884615384615384,0.0961538461538461,2.2115384615384617,2.826923076923077,-0.6153846153846154
43,201939,36.202666666666666,0.4462875,0.4071375,2.2125,0.5946,0.6,3.85,4.45,5.9,3.0375,1.9,0.2375,3.15,17.4875,-2.3375
44,201191,0.065,0.0,0.0,0.0,0.0,0.0,0.0,0.0,0.0,0.0,0.0,0.0,0.0,0.0,0.0
45,2431,14.139735449735449,0.414063492063492,0.1931269841269841,0.7301587301587301,0.3190476190476191,0.8571428571428571,2.4444444444444446,3.3015873015873014,0.6984126984126984,0.5873015873015873,0.238095238095238,0.1904761904761904,1.8888888888888888,5.825396825396825,0.492063492063492
46,201988,3.773333333333333,0.36,0.0667,0.4,0.1833,0.1,0.1,0.2,0.5,0.4,0.0,0.0,0.6,2.6,-1.5
47,201934,12.989656862745097,0.4581764705882353,0.0,0.7941176470588235,0.2666617647058823,1.25,2.323529411764706,3.573529411764706,0.1617647058823529,0.6323529411764706,0.2205882352941176,1.3088235294117647,2.3823529411764706,3.0588235294117645,-1.1323529411764706
48,202132,6.2115277777777775,0.12225,0.02775,0.5833333333333334,0.2083333333333333,0.1666666666666666,0.5,0.6666666666666666,1.1666666666666667,0.9166666666666666,0.25,0.1666666666666666,0.5833333333333334,1.6666666666666667,-0.75
49,202178,6.78484375,0.3895,0.16146875,0.71875,0.27084375,0.1875,0.71875,0.90625,1.21875,0.4375,0.375,0.0,0.53125,3.3125,0.4375
50,201586,18.12867579908676,0.5145616438356164,0.0136986301369863,0.7945205479452054,0.2627945205479452,1.8904109589041096,3.547945205479452,5.438356164383562,0.136986301369863,0.9315068493150684,0.3424657534246575,1.3287671232876712,2.6575342465753424,6.315068493150685,0.0684931506849315
51,202083,24.68989837398374,0.4402560975609756,0.2751219512195121,1.951219512195122,0.5935731707317073,0.6097560975609756,1.7195121951219512,2.3292682926829267,1.5121951219512195,1.1341463414634143,0.7804878048780488,0.1829268292682926,1.853658536585366,9.378048780487806,2.5365853658536586
52,202079,14.616666666666667,0.333,0.0,0.0,0.0,1.0,0.0,1.0,0.0,1.0,0.0,0.0,1.0,2.0,-2.0
53,202068,6.147222222222222,0.3610555555555555,0.2768333333333334,0.1666666666666666,0.0416666666666666,0.2777777777777778,0.7777777777777778,1.0555555555555556,0.0,0.3333333333333333,0.0555555555555555,0.1111111111111111,0.7777777777777778,2.4444444444444446,0.2222222222222222
54,202066,12.374197530864198,0.3196666666666666,0.2006296296296296,1.2962962962962965,0.4016666666666666,0.2222222222222222,0.925925925925926,1.148148148148148,0.7777777777777778,1.0,0.4814814814814814,0.2222222222222222,1.5555555555555556,5.037037037037037,-0.1481481481481481
55,201991,5.257066666666667,0.27368,0.096,0.44,0.16,0.28,0.44,0.72,0.52,0.56,0.32,0.12,0.48,2.32,0.64
56,202087,16.516666666666666,0.5195454545454545,0.4242727272727272,1.6363636363636365,0.4727272727272727,1.3636363636363635,1.6363636363636365,3.0,0.6363636363636364,0.9090909090909092,0.6363636363636364,0.0909090909090909,1.181818181818182,7.363636363636363,-0.4545454545454545
57,202130,32.56194444444444,0.4794166666666666,0.3972083333333333,2.1666666666666665,0.5480416666666666,0.75,3.8333333333333335,4.583333333333333,2.75,1.2083333333333333,0.9583333333333334,0.25,2.0416666666666665,15.208333333333334,-2.208333333333333
