,PLAYER_ID,MIN,FG_PCT,FG3_PCT,FTM,FT_PCT,OREB,DREB,REB,AST,TOV,STL,BLK,PF,PTS,PLUS_MINUS
0,201933,37.94479674796748,0.5027439024390244,0.0792682926829268,5.439024390243903,0.6235243902439024,3.292682926829268,8.768292682926829,12.060975609756095,3.804878048780488,2.7195121951219514,0.7682926829268293,0.5487804878048781,3.073170731707317,22.5,-1.7926829268292683
1,201814,12.551878306878306,0.3970793650793651,0.1507936507936507,0.9365079365079364,0.2878412698412698,0.4444444444444444,1.3968253968253967,1.8412698412698407,0.7777777777777778,0.7301587301587301,0.365079365079365,0.0952380952380952,1.2222222222222223,5.174603174603175,-0.5238095238095238
2,201593,13.652435897435897,0.4718,0.0,1.3384615384615384,0.4498461538461538,1.3846153846153846,1.5846153846153843,2.9692307692307693,0.4153846153846154,1.4,0.2769230769230769,0.5384615384615384,2.7846153846153845,5.523076923076923,-3.3076923076923075
3,201168,12.30075,0.40455,0.0,1.2666666666666666,0.3460166666666666,1.2,2.15,3.35,0.4333333333333333,0.5333333333333333,0.4833333333333333,0.2833333333333333,1.5166666666666666,4.633333333333334,-0.4166666666666667
4,201607,2.736190476190476,0.0,0.0,0.4285714285714285,0.1071428571428571,0.1428571428571428,0.1428571428571428,0.2857142857142857,0.2857142857142857,0.1428571428571428,0.0,0.1428571428571428,0.1428571428571428,0.4285714285714285,-0.5714285714285714
5,200817,13.840107526881718,0.342241935483871,0.0806451612903225,0.5967741935483871,0.2231129032258064,0.1451612903225806,0.9838709677419356,1.1290322580645162,2.6129032258064515,0.8225806451612904,0.4677419354838709,0.032258064516129,0.8709677419354839,4.112903225806452,-1.4193548387096775
6,201203,7.232651515151516,0.2147272727272727,0.0454545454545454,0.3636363636363636,0.2045454545454545,0.3181818181818182,0.6818181818181818,1.0,1.1363636363636365,0.8181818181818182,0.2272727272727272,0.1363636363636363,0.6818181818181818,2.3181818181818183,-0.3181818181818182
7,201623,14.509308943089431,0.5014634146341463,0.0,0.951219512195122,0.261390243902439,0.902439024390244,1.975609756097561,2.8780487804878048,0.4878048780487805,0.8292682926829268,0.3658536585365853,0.5853658536585366,2.5365853658536586,3.975609756097561,-0.8048780487804879
8,201600,12.066443089430894,0.4115487804878048,0.0,0.8902439024390244,0.3051829268292683,1.3658536585365857,2.365853658536585,3.731707317073171,0.3902439024390244,0.7804878048780488,0.2439024390243902,0.6829268292682927,1.8658536585365852,2.792682926829268,2.8536585365853657
9,202340,5.241612903225807,0.1449677419354838,0.0,0.1935483870967742,0.1129032258064516,0.1290322580645161,0.4193548387096774,0.5483870967741935,0.3870967741935484,0.5161290322580645,0.2903225806451613,0.0,0.6451612903225806,1.6774193548387095,-1.8064516129032255
10,202341,11.009166666666667,0.3515,0.2807692307692307,0.5384615384615384,0.2403846153846154,0.0769230769230769,0.8076923076923077,0.8846153846153846,0.6923076923076923,0.5,0.1153846153846153,0.2307692307692307,0.9230769230769232,3.615384615384616,-1.8846153846153848
11,202338,10.941867816091952,0.4108965517241379,0.0,0.3793103448275862,0.1853448275862069,1.3793103448275863,1.2413793103448276,2.6206896551724137,0.1724137931034483,0.7241379310344828,0.293103448275862,0.4827586206896552,2.1724137931034484,2.655172413793104,-3.413793103448276
12,202397,10.27096899224806,0.284,0.0387674418604651,0.2790697674418604,0.1201627906976744,0.1627906976744186,0.9302325581395348,1.0930232558139534,1.837209302325581,0.7906976744186046,0.4186046511627907,0.0465116279069767,0.8604651162790697,2.3488372093023258,-1.1395348837209305
13,202339,22.722633744855965,0.3807777777777777,0.1878518518518518,1.2222222222222223,0.3786666666666666,0.8395061728395061,1.9135802469135803,2.753086419753086,3.567901234567901,2.3950617283950617,1.1358024691358024,0.3209876543209876,1.6049382716049383,6.703703703703703,-2.703703703703704
14,202396,18.957207207207205,0.4401351351351351,0.0,1.837837837837838,0.4862972972972972,2.027027027027027,2.2432432432432434,4.27027027027027,0.4594594594594595,1.4324324324324325,0.4054054054054054,0.4864864864864865,2.3783783783783785,7.783783783783784,-3.810810810810811
15,202395,3.294083333333333,0.16665,0.075,0.05,0.05,0.0,0.25,0.25,0.4,0.2,0.1,0.0,0.1,0.85,-0.8
16,202342,10.942222222222222,0.2263333333333333,0.0,0.0,0.0,0.6666666666666666,0.6666666666666666,1.3333333333333333,0.3333333333333333,0.0,0.3333333333333333,0.0,1.0,2.6666666666666665,-3.6666666666666665
17,202346,7.50611111111111,0.2451111111111111,0.0,0.7777777777777778,0.25,0.3333333333333333,1.0555555555555556,1.3888888888888888,1.0555555555555556,0.5555555555555556,0.2777777777777778,0.1666666666666666,0.3888888888888889,2.333333333333333,-1.1666666666666667
18,202386,10.418531746031746,0.3520238095238095,0.0714285714285714,0.7857142857142857,0.2523809523809524,0.7142857142857143,0.7380952380952381,1.4523809523809523,1.6428571428571428,0.5952380952380952,0.3095238095238095,0.1904761904761904,0.6904761904761905,3.761904761904762,-1.9047619047619049
19,201963,21.52011363636364,0.4135909090909091,0.2223181818181818,0.4090909090909091,0.2329545454545454,0.6136363636363636,2.1818181818181817,2.7954545454545454,0.7954545454545454,1.068181818181818,0.7727272727272727,0.6363636363636364,1.7727272727272727,6.886363636363637,-4.590909090909091
20,202345,16.117533333333334,0.36408,0.0,0.72,0.30668,0.68,2.72,3.4,0.8,1.0,0.64,0.48,1.44,4.4,-1.2
21,202391,9.810804597701148,0.238,0.0172413793103448,0.6551724137931034,0.2327586206896551,0.4137931034482758,0.7586206896551724,1.1724137931034482,1.4482758620689655,0.6206896551724138,1.137931034482759,0.3103448275862069,1.0689655172413792,2.6206896551724137,0.2758620689655172
22,202390,21.057020833333333,0.4425125,0.3986625,1.05,0.394325,0.2625,2.1875,2.45,1.2,0.975,0.3375,0.05,1.85,9.7875,1.0875
23,202344,16.35525641025641,0.4607846153846154,0.0,1.0461538461538462,0.3281076923076922,1.5076923076923077,2.353846153846154,3.8615384615384616,0.5384615384615384,0.5846153846153846,0.4461538461538462,0.6461538461538462,1.7692307692307692,5.323076923076923,-2.6615384615384614
24,202389,11.646555555555556,0.3451111111111111,0.0,0.8222222222222222,0.3288888888888889,1.022222222222222,1.6666666666666667,2.688888888888889,0.3333333333333333,0.7777777777777778,0.3333333333333333,0.5555555555555556,1.8666666666666667,3.6222222222222222,-0.9333333333333332
25,202337,5.720555555555555,0.1917083333333333,0.0375,0.125,0.0833333333333333,0.25,1.0,1.25,0.25,0.3333333333333333,0.0833333333333333,0.0833333333333333,0.625,1.5,-1.3333333333333333
26,202331,20.73450819672131,0.4378852459016393,0.2158196721311475,1.2622950819672132,0.4222950819672131,0.6065573770491803,3.065573770491804,3.672131147540984,1.0655737704918034,1.147540983606557,1.0163934426229508,0.4262295081967213,2.081967213114754,7.80327868852459,-0.1311475409836065
27,202324,19.688739316239317,0.5261666666666667,0.0,1.3205128205128205,0.4121794871794871,2.1923076923076925,3.08974358974359,5.282051282051282,0.5,0.9871794871794872,0.3717948717948718,0.8717948717948718,3.1538461538461537,6.833333333333333,-3.0
28,202323,23.04361111111111,0.3837820512820513,0.1217820512820512,1.294871794871795,0.4647435897435897,0.5384615384615384,3.3846153846153846,3.923076923076923,2.0384615384615383,1.0256410256410255,0.6282051282051282,0.1794871794871795,1.7692307692307692,7.243589743589744,-0.6025641025641025
29,202332,7.859814814814815,0.2592777777777778,0.0,0.1111111111111111,0.0555555555555555,0.7222222222222222,1.2222222222222223,1.9444444444444444,0.2222222222222222,0.4444444444444444,0.2777777777777778,0.3888888888888889,1.6666666666666667,1.0,0.3888888888888889
30,202322,37.76891304347826,0.4057826086956521,0.2194927536231884,4.36231884057971,0.6749275362318841,0.5072463768115942,4.086956521739131,4.594202898550725,8.318840579710145,3.782608695652174,1.7536231884057971,0.5072463768115942,2.536231884057971,16.391304347826086,-6.36231884057971
31,202220,12.15409722222222,0.448625,0.1041666666666666,0.6666666666666666,0.2916666666666667,0.2083333333333333,0.625,0.8333333333333334,2.125,1.2083333333333333,0.8333333333333334,0.0833333333333333,1.25,5.041666666666667,-1.8333333333333333
32,202333,13.879780701754385,0.3094210526315789,0.0394736842105263,0.868421052631579,0.281,0.2368421052631578,0.7368421052631579,0.9736842105263158,0.4736842105263157,0.3421052631578947,0.2894736842105263,0.0789473684210526,1.263157894736842,4.342105263157895,-1.2105263157894737
33,202330,16.912083333333335,0.3722222222222222,0.2189722222222222,0.9583333333333334,0.3053472222222222,0.5694444444444444,1.3611111111111112,1.930555555555556,1.125,0.9722222222222222,0.4166666666666667,0.2638888888888889,1.4722222222222223,5.388888888888889,-2.708333333333333
34,202329,17.92388888888889,0.3600123456790123,0.235,1.1358024691358024,0.4418271604938271,0.925925925925926,2.3703703703703702,3.2962962962962963,0.7407407407407407,1.271604938271605,0.7283950617283951,0.3086419753086419,1.4938271604938271,5.641975308641976,-2.271604938271605
35,202328,27.773291666666665,0.5344625,0.0,1.8125,0.4439499999999999,3.1,4.4125,7.5125,1.3125,1.0125,1.1625,0.5625,2.45,9.3875,-1.6875
36,202327,17.750229885057472,0.3497931034482758,0.0,0.7241379310344828,0.2744310344827586,1.3793103448275863,1.7413793103448276,3.1206896551724137,0.6896551724137931,0.8275862068965517,0.3793103448275862,1.4827586206896552,2.4827586206896552,4.068965517241379,1.8103448275862069
37,202326,28.511440329218107,0.4276666666666666,0.0216049382716049,3.4074074074074074,0.6025308641975309,2.6790123456790123,5.950617283950617,8.62962962962963,2.5185185185185186,3.308641975308642,1.0493827160493827,0.8395061728395061,4.098765432098766,14.11111111111111,-3.308641975308642
38,202325,26.19455696202532,0.3885949367088608,0.3351772151898734,0.810126582278481,0.2920126582278481,0.6455696202531646,2.392405063291139,3.037974683544304,1.8734177215189876,1.2025316455696202,0.7341772151898734,0.6835443037974683,2.0632911392405062,8.974683544303797,-2.7848101265822787
39,202412,17.284197530864194,0.319537037037037,0.2130555555555555,1.3148148148148149,0.3339259259259259,0.6666666666666666,1.9259259259259256,2.592592592592593,1.5740740740740742,1.1666666666666667,0.5740740740740741,0.1296296296296296,1.2037037037037035,5.944444444444445,-4.388888888888889
40,202408,4.577916666666667,0.16675,0.0,0.0,0.0,0.0,0.75,0.75,0.0,0.25,0.0,0.25,0.25,1.0,-4.25
41,202336,14.536027777777775,0.3506,0.0,0.4666666666666667,0.1772333333333333,0.9833333333333332,1.9833333333333332,2.966666666666667,0.2666666666666666,0.6333333333333333,0.3666666666666666,1.2,1.95,4.333333333333333,-2.4166666666666665
42,202399,8.51891304347826,0.34,0.0,0.4782608695652174,0.2108695652173912,1.0,1.5217391304347827,2.5217391304347827,0.4347826086956521,0.391304347826087,0.1739130434782608,0.217391304347826,1.2173913043478262,2.4782608695652173,0.1304347826086956
43,202081,4.823492063492064,0.4325238095238095,0.0,0.5238095238095238,0.2103333333333333,0.7619047619047619,0.5714285714285714,1.3333333333333333,0.1428571428571428,0.4761904761904761,0.0476190476190476,0.1904761904761904,0.9523809523809524,2.142857142857143,-0.7619047619047619
44,202334,24.642358974358974,0.5436153846153846,0.0,1.0923076923076922,0.3374461538461538,2.5846153846153848,4.523076923076923,7.107692307692307,0.6153846153846154,0.7384615384615385,0.6,1.0307692307692309,2.815384615384616,7.707692307692308,-5.246153846153846
45,202419,9.920238095238094,0.3303571428571428,0.0,1.0714285714285714,0.3214285714285714,0.8571428571428571,1.4285714285714286,2.2857142857142856,0.2142857142857142,0.7142857142857143,0.2142857142857142,0.6428571428571429,1.5,2.357142857142857,-4.0
46,202335,16.683397435897437,0.5239423076923078,0.0,0.5769230769230769,0.2176346153846154,1.6538461538461535,2.1923076923076925,3.8461538461538463,0.7884615384615384,0.5961538461538461,0.3269230769230769,0.7115384615384616,1.4807692307692308,6.307692307692308,0.1538461538461538
47,202082,11.894444444444444,0.3236666666666667,0.25,0.3333333333333333,0.1166666666666666,0.0833333333333333,1.1666666666666667,1.25,0.6666666666666666,0.4166666666666667,0.75,0.4166666666666667,1.5,3.333333333333333,1.0833333333333333
48,202382,5.243983739837399,0.3050975609756097,0.0,0.4146341463414634,0.1463414634146341,0.4634146341463415,0.5853658536585366,1.048780487804878,0.1707317073170731,0.4634146341463415,0.0975609756097561,0.2439024390243902,1.146341463414634,1.975609756097561,-1.3658536585365857
49,202376,13.074251700680271,0.3543673469387755,0.141469387755102,0.3877551020408163,0.1360612244897959,0.8163265306122449,2.1020408163265305,2.9183673469387754,0.6122448979591837,0.3265306122448979,0.3061224489795918,0.3469387755102041,1.6326530612244898,3.938775510204082,-1.530612244897959
50,202354,5.616666666666666,0.25,0.0,0.0,0.0,0.5,1.0,1.5,0.0,1.0,0.0,0.0,1.0,1.0,4.0
51,202355,1.7433333333333334,0.0,0.0,0.0,0.0,0.0,0.0,0.0,0.0,0.0,0.0,0.0,2.0,0.0,-4.0
52,202365,5.8805,0.33165,0.075,0.9,0.35,0.75,0.6,1.35,0.1,0.3,0.2,0.25,0.35,3.1,-2.1
53,202371,1.933333333333333,0.0,0.0,0.0,0.0,0.0,0.0,0.0,0.0,0.0,0.0,0.0,1.0,0.0,-2.0
54,202374,4.9175,0.1041666666666666,0.0,0.0,0.0,0.5833333333333334,0.5833333333333334,1.1666666666666667,0.1666666666666666,0.25,0.1666666666666666,0.1666666666666666,0.4166666666666667,0.5,-1.0833333333333333
55,202351,9.986150793650792,0.2648095238095238,0.1606904761904762,0.7857142857142857,0.3115238095238095,0.5476190476190477,1.119047619047619,1.6666666666666667,0.6666666666666666,0.4523809523809524,0.2857142857142857,0.1666666666666666,1.0476190476190477,3.809523809523809,-2.8095238095238093
56,202377,6.9944444444444445,0.1666666666666666,0.0,1.0,0.3333333333333333,0.6666666666666666,0.3333333333333333,1.0,0.6666666666666666,1.0,0.3333333333333333,0.0,0.3333333333333333,2.333333333333333,-2.333333333333333
57,202360,4.82,0.3666,0.1,0.2,0.1,0.0,0.2,0.2,0.6,1.4,0.2,0.0,0.0,1.6,-2.2
58,202361,30.99180894308943,0.4963658536585366,0.339780487804878,1.3780487804878048,0.4756097560975609,1.2804878048780488,5.073170731707317,6.353658536585366,1.8902439024390243,1.304878048780488,0.975609756097561,0.2073170731707317,1.3902439024390243,9.71951219512195,0.8170731707317073
59,202348,24.44392857142857,0.3675714285714286,0.2264047619047619,1.738095238095238,0.3759047619047619,0.7380952380952381,1.761904761904762,2.5,2.7857142857142856,1.9761904761904765,0.9285714285714286,0.0714285714285714,1.5,11.666666666666666,-5.428571428571429
60,202380,5.011041666666666,0.1875,0.0,0.375,0.1875,0.125,0.3125,0.4375,0.0,0.1875,0.125,0.3125,1.125,0.875,-2.0625
61,202347,11.114722222222222,0.3278030303030302,0.2045454545454545,0.3636363636363636,0.1496212121212121,0.3484848484848485,0.9848484848484848,1.3333333333333333,0.4242424242424242,0.2424242424242424,0.2575757575757575,0.1515151515151515,0.9545454545454546,2.8484848484848486,-1.0606060606060606
62,202362,9.558055555555557,0.3025833333333333,0.0,0.9166666666666666,0.3610833333333333,0.0833333333333333,1.4166666666666667,1.5,1.75,1.3333333333333333,0.3333333333333333,0.0,1.1666666666666667,3.083333333333333,-0.0833333333333333
63,202378,7.0421929824561404,0.2947368421052631,0.1666315789473684,0.3157894736842105,0.1578947368421052,0.0526315789473684,0.5789473684210527,0.631578947368421,1.4210526315789471,0.4210526315789473,0.3157894736842105,0.0,0.8421052631578947,1.947368421052632,1.3157894736842106
64,202379,9.447142857142856,0.4845306122448979,0.0,0.5306122448979592,0.2581632653061224,0.7346938775510204,1.2448979591836735,1.9795918367346936,0.4897959183673469,0.3877551020408163,0.3469387755102041,0.3469387755102041,1.020408163265306,3.63265306122449,-0.3061224489795918
65,202356,7.300964912280702,0.3013157894736842,0.0921052631578947,0.3421052631578947,0.1210526315789473,0.2894736842105263,0.6578947368421053,0.9473684210526316,1.1842105263157894,1.0,0.131578947368421,0.0263157894736842,0.8157894736842105,2.8947368421052637,-0.5789473684210527
66,202349,12.28452380952381,0.3845285714285714,0.2381,0.4857142857142857,0.2633285714285714,0.1714285714285714,0.8714285714285714,1.042857142857143,2.157142857142857,1.0,0.3142857142857143,0.0571428571428571,1.1857142857142855,3.557142857142857,-0.9285714285714286
