,PLAYER_ID,MIN,FG_PCT,FG3_PCT,FTM,FT_PCT,OREB,DREB,REB,AST,TOV,STL,BLK,PF,PTS,PLUS_MINUS
0,202681,30.546111111111117,0.4681764705882352,0.3871176470588235,3.3529411764705883,0.796470588235294,0.8627450980392157,2.8823529411764706,3.7450980392156863,5.392156862745098,3.1372549019607843,1.0588235294117647,0.392156862745098,2.156862745098039,18.50980392156863,-3.156862745098039
1,202622,9.520499999999998,0.2113999999999999,0.12,1.0,0.265,0.6,0.9,1.5,1.0,1.0,0.3,0.0,0.5,3.5,-3.6
2,202683,13.24901515151515,0.4784848484848485,0.0,1.0606060606060606,0.4225151515151515,1.621212121212121,2.590909090909091,4.212121212121212,0.1212121212121212,0.8181818181818182,0.2727272727272727,0.3484848484848485,1.318181818181818,4.606060606060606,-1.9696969696969695
3,201286,9.808333333333334,0.375,0.0,0.25,0.125,1.25,1.25,2.5,0.0,0.75,0.25,0.5,1.5,3.75,-6.0
4,201274,16.684315476190474,0.4596964285714285,0.0357142857142857,1.2857142857142858,0.4000178571428571,1.1607142857142858,2.875,4.035714285714286,0.5714285714285714,1.2321428571428572,0.7678571428571429,0.3214285714285714,2.071428571428572,6.357142857142857,0.5714285714285714
5,202682,21.48007575757576,0.4003787878787879,0.1600757575757575,2.060606060606061,0.5756363636363636,1.1666666666666667,3.5454545454545454,4.712121212121212,0.5757575757575758,1.1666666666666667,0.4545454545454545,0.4696969696969697,1.4393939393939394,8.833333333333334,-1.621212121212121
6,201291,7.917777777777777,0.183,0.1166666666666666,0.0666666666666666,0.0666666666666666,0.0666666666666666,0.5333333333333333,0.6,1.4666666666666666,0.4666666666666667,0.5333333333333333,0.0,0.7333333333333333,1.8,0.6666666666666666
7,202388,20.288989898989897,0.3398484848484848,0.0403939393939393,0.696969696969697,0.2742424242424243,0.5454545454545454,1.4848484848484849,2.0303030303030303,3.1818181818181817,1.4848484848484849,0.3939393939393939,0.0909090909090909,1.121212121212121,5.545454545454546,-7.242424242424242
8,202385,3.3323333333333336,0.4,0.0,0.0,0.0,0.2,0.2,0.4,0.0,0.2,0.0,0.0,0.2,1.6,0.6
9,202536,9.188999999999998,0.1072,0.0666,0.0,0.0,0.4,1.0,1.4,0.8,0.0,1.0,0.0,1.0,1.4,-2.4
10,202498,14.987222222222224,0.4215,0.0,1.238095238095238,0.3471904761904762,1.1666666666666667,1.8333333333333333,3.0,0.2857142857142857,0.5714285714285714,0.238095238095238,0.1666666666666666,1.8571428571428568,3.952380952380953,-2.142857142857143
11,202458,15.118055555555555,0.3945,0.1945,0.6666666666666666,0.2083333333333333,0.0,1.3333333333333333,1.3333333333333333,1.6666666666666667,1.1666666666666667,0.3333333333333333,0.0,1.6666666666666667,4.333333333333333,-3.6666666666666665
12,202366,5.122222222222222,0.3791428571428571,0.0,0.3809523809523809,0.1904761904761904,0.6666666666666666,0.6190476190476191,1.2857142857142858,0.1904761904761904,0.0952380952380952,0.0476190476190476,0.2857142857142857,0.7142857142857143,2.0,1.1904761904761905
13,202406,20.02037037037037,0.4195555555555555,0.1111111111111111,3.111111111111111,0.4953333333333333,0.2222222222222222,1.8888888888888888,2.111111111111111,2.0,2.2222222222222223,1.2222222222222223,0.2222222222222222,2.111111111111111,7.444444444444445,0.1111111111111111
14,202684,23.729222222222223,0.43595,0.0,1.7666666666666666,0.4586666666666666,3.1166666666666667,3.3666666666666667,6.483333333333333,0.45,1.35,0.45,1.0333333333333334,2.2333333333333334,8.233333333333333,-5.166666666666667
15,202687,23.09873015873016,0.4546984126984127,0.0,1.0952380952380951,0.2965555555555555,1.7936507936507935,4.047619047619048,5.841269841269841,0.4285714285714285,1.126984126984127,0.3174603174603174,1.8253968253968251,2.3015873015873014,5.190476190476191,-7.333333333333333
16,202962,8.636458333333334,0.395875,0.0,0.0,0.0,0.625,1.875,2.5,0.125,0.125,0.25,0.625,2.125,1.75,-0.5
17,201041,12.758869047619047,0.2984642857142857,0.0714285714285714,0.5,0.2202142857142857,0.25,0.6785714285714286,0.9285714285714286,2.071428571428572,1.1785714285714286,0.6428571428571429,0.0357142857142857,1.0357142857142858,3.0,-2.392857142857143
18,202970,20.15391975308642,0.4852962962962963,0.0,0.7222222222222222,0.2855,1.5925925925925926,3.314814814814815,4.907407407407407,1.3703703703703705,0.8518518518518519,0.9814814814814816,0.8518518518518519,2.185185185185185,5.907407407407407,-0.4444444444444444
19,201182,18.431666666666665,0.361,0.0,2.0,0.5,3.0,2.5,5.5,0.5,0.0,1.0,0.0,1.0,5.0,-4.0
20,202952,5.027777777777778,0.0,0.0,0.3333333333333333,0.1666666666666666,0.3333333333333333,0.6666666666666666,1.0,0.3333333333333333,0.0,0.3333333333333333,0.3333333333333333,0.0,0.3333333333333333,-1.3333333333333333
21,202951,9.635833333333334,0.2433863636363636,0.1098409090909091,0.3636363636363636,0.1420454545454545,0.2727272727272727,0.5681818181818182,0.8409090909090909,1.25,1.0454545454545454,0.3409090909090909,0.0,1.0454545454545454,2.863636363636364,-2.7045454545454546
22,202738,25.46830769230769,0.4111692307692307,0.3448615384615384,2.3692307692307693,0.5638,0.7384615384615385,1.8461538461538465,2.5846153846153848,4.092307692307692,1.6153846153846154,0.8153846153846154,0.123076923076923,1.8615384615384616,11.523076923076925,-1.1384615384615384
23,202775,12.999166666666667,0.1875,0.08325,0.75,0.5,0.5,2.0,2.5,0.25,0.25,0.25,0.25,0.25,3.5,-4.5
24,202809,11.12285087719298,0.3001578947368421,0.0921052631578947,1.105263157894737,0.2807105263157894,0.1842105263157894,0.7368421052631579,0.9210526315789472,0.9473684210526316,1.0263157894736843,0.131578947368421,0.1578947368421052,1.0526315789473684,3.947368421052632,-3.0526315789473686
25,202810,29.43333333333333,0.4165,0.5,0.0,0.0,0.5,3.0,3.5,1.5,1.5,1.0,0.0,3.5,6.0,-16.0
26,202814,18.947,0.2666,0.2,0.0,0.0,0.0,1.0,1.0,1.4,1.0,0.4,0.2,1.6,3.6,-0.6
27,202862,2.764375,0.041625,0.0,0.375,0.1875,0.25,0.375,0.625,0.0,0.125,0.0,0.0,0.125,0.625,-2.0
28,202874,7.742986111111112,0.271625,0.0,1.0,0.3943333333333333,0.7916666666666666,1.0833333333333333,1.875,0.1666666666666666,0.3333333333333333,0.2916666666666667,0.5416666666666666,0.9166666666666666,2.9166666666666665,-0.875
29,202880,9.7825,0.16675,0.0,0.0,0.0,0.25,1.25,1.5,0.0,0.5,0.0,0.25,1.25,1.0,0.0
30,202918,19.35,0.3,0.25,1.0,0.5,1.0,1.0,2.0,1.5,1.5,0.0,0.0,2.5,5.5,-7.0
31,202933,8.156136363636364,0.2060454545454545,0.060590909090909,0.3636363636363636,0.1022727272727272,0.2272727272727272,0.9090909090909092,1.1363636363636365,1.681818181818182,0.5,0.3636363636363636,0.2727272727272727,0.8181818181818182,1.6363636363636365,1.2727272727272727
32,202734,8.710614035087719,0.2997631578947368,0.2214736842105263,0.1842105263157894,0.1052631578947368,0.1052631578947368,0.7631578947368421,0.868421052631579,0.8947368421052632,0.5526315789473685,0.2894736842105263,0.0789473684210526,0.868421052631579,2.8947368421052637,0.8157894736842105
33,202732,6.768529411764706,0.25,0.0,0.5294117647058824,0.1862941176470588,0.3529411764705882,0.5294117647058824,0.8823529411764706,0.2941176470588235,0.5882352941176471,0.3529411764705882,0.0,0.3529411764705882,1.9411764705882355,-3.882352941176471
34,202731,5.889420289855073,0.3374782608695652,0.0,0.3478260869565217,0.1195652173913043,0.6086956521739131,0.8695652173913043,1.4782608695652173,0.217391304347826,0.1304347826086956,0.1739130434782608,0.1739130434782608,0.391304347826087,2.0,0.0869565217391304
35,202699,11.405119047619047,0.3838571428571428,0.0952380952380952,1.0476190476190477,0.4035714285714286,0.7142857142857143,1.6904761904761905,2.4047619047619047,0.5238095238095238,0.7380952380952381,0.3095238095238095,0.1666666666666666,1.0714285714285714,4.9523809523809526,0.119047619047619
36,202701,12.29723484848485,0.3140909090909091,0.1655227272727272,0.4545454545454545,0.2102272727272727,0.3863636363636363,0.8863636363636364,1.2727272727272727,1.4090909090909092,0.9545454545454546,0.4090909090909091,0.0681818181818181,1.25,3.7954545454545454,-3.340909090909091
37,202704,11.126962962962962,0.2586444444444444,0.1518444444444444,0.5555555555555556,0.2296222222222222,0.3111111111111111,0.8666666666666667,1.1777777777777778,1.5777777777777775,0.8,0.5555555555555556,0.0222222222222222,0.6888888888888889,3.111111111111111,-0.0666666666666666
38,202705,29.434047619047615,0.4136428571428571,0.2551071428571428,2.017857142857143,0.5876964285714286,1.25,2.321428571428572,3.571428571428572,2.3392857142857144,2.107142857142857,0.9285714285714286,0.2678571428571428,2.071428571428572,12.642857142857142,-5.589285714285714
39,202706,9.924551282051285,0.4723461538461538,0.2896923076923077,0.0769230769230769,0.0384615384615384,0.4230769230769231,1.9615384615384612,2.3846153846153846,0.7692307692307693,0.6153846153846154,0.1538461538461538,0.1153846153846153,0.5769230769230769,4.423076923076923,1.3076923076923077
40,202707,8.282268518518517,0.3092777777777777,0.0,0.1666666666666666,0.0833333333333333,0.5555555555555556,1.0555555555555556,1.6111111111111112,0.1666666666666666,0.3888888888888889,0.1388888888888889,0.3888888888888889,0.6944444444444444,3.1666666666666665,-0.9722222222222222
41,202702,22.549202898550725,0.5768260869565217,0.0,2.369565217391304,0.5806739130434783,3.0869565217391304,4.565217391304348,7.6521739130434785,0.782608695652174,1.173913043478261,0.7391304347826086,1.0217391304347827,2.5217391304347827,10.23913043478261,0.0869565217391304
42,202698,21.67785353535353,0.3241363636363636,0.2760151515151515,0.4545454545454545,0.1742424242424242,0.6515151515151515,2.878787878787879,3.5303030303030303,0.7424242424242424,0.5757575757575758,1.0606060606060606,0.4545454545454545,2.6666666666666665,4.636363636363637,-2.196969696969697
43,202688,32.24992424242424,0.4056515151515151,0.3686818181818181,1.5757575757575757,0.4648939393939394,0.5,2.696969696969697,3.196969696969697,3.803030303030303,2.590909090909091,0.7424242424242424,0.1515151515151515,2.333333333333333,12.833333333333334,-3.909090909090909
44,202689,27.15222222222222,0.3606060606060606,0.2828030303030303,2.5454545454545454,0.5885151515151515,0.4545454545454545,3.090909090909091,3.5454545454545454,4.378787878787879,1.803030303030303,0.9090909090909092,0.303030303030303,1.196969696969697,12.106060606060606,-7.651515151515151
45,202690,18.600983606557374,0.3607868852459016,0.3241967213114754,0.6557377049180327,0.2807377049180328,0.2786885245901639,0.918032786885246,1.1967213114754098,1.7704918032786885,1.098360655737705,0.4918032786885246,0.0491803278688524,1.1967213114754098,7.573770491803279,-3.4098360655737703
46,202691,24.358560606060607,0.4377121212121212,0.3670757575757575,1.196969696969697,0.4166666666666667,0.3636363636363636,2.075757575757576,2.4393939393939394,2.015151515151515,1.5606060606060606,0.7424242424242424,0.303030303030303,2.3484848484848486,12.515151515151516,-1.9848484848484849
47,202692,15.913615819209038,0.4315423728813559,0.1949152542372881,1.7627118644067796,0.4437457627118644,0.9661016949152542,1.271186440677966,2.23728813559322,0.9322033898305084,0.864406779661017,0.4576271186440678,0.0847457627118644,1.423728813559322,7.203389830508475,-0.423728813559322
48,202693,19.47595238095238,0.3469841269841269,0.2764126984126984,1.2063492063492065,0.4079523809523809,1.0952380952380951,3.333333333333333,4.428571428571429,1.031746031746032,1.1111111111111112,0.6507936507936508,0.6666666666666666,2.8412698412698414,7.412698412698413,-1.1587301587301588
49,202694,7.387843137254902,0.248,0.0705882352941176,0.3529411764705882,0.1764705882352941,0.2941176470588235,0.6470588235294118,0.9411764705882352,0.1764705882352941,0.2352941176470588,0.1176470588235294,0.1176470588235294,0.7058823529411765,2.3529411764705883,-1.7058823529411764
50,202695,23.974947916666665,0.476015625,0.251546875,1.0625,0.400625,1.625,3.484375,5.109375,1.09375,0.6875,1.328125,0.375,1.375,7.921875,2.046875
51,202696,15.913202614379085,0.3657647058823529,0.0588235294117647,0.3529411764705882,0.1503137254901961,1.7254901960784317,3.0980392156862746,4.823529411764706,0.6078431372549019,0.6470588235294118,0.392156862745098,0.6666666666666666,2.176470588235294,5.549019607843137,0.5294117647058824
52,202697,28.906214689265536,0.3822542372881356,0.2285084745762712,1.4745762711864407,0.5164745762711864,0.711864406779661,2.440677966101695,3.152542372881356,2.7796610169491527,1.88135593220339,1.7118644067796611,0.135593220338983,2.9322033898305087,9.542372881355933,1.8983050847457628
53,202708,19.39128205128205,0.3583384615384615,0.157676923076923,1.015384615384615,0.3912923076923077,0.3230769230769231,1.0769230769230769,1.4,2.046153846153846,1.6153846153846154,0.676923076923077,0.0307692307692307,1.907692307692308,6.7846153846153845,-0.8
54,202709,9.167586206896551,0.2318620689655172,0.0344827586206896,0.3793103448275862,0.1206896551724138,0.1724137931034483,0.6896551724137931,0.8620689655172413,1.1724137931034482,0.4137931034482758,0.2413793103448276,0.1034482758620689,0.5517241379310345,2.0,-1.9310344827586208
55,202724,17.507712418300653,0.3487647058823529,0.034313725490196,0.6666666666666666,0.2549019607843137,0.1568627450980392,1.1764705882352942,1.3333333333333333,3.333333333333333,1.1764705882352942,0.6470588235294118,0.1176470588235294,1.6666666666666667,5.823529411764706,-4.352941176470588
56,202725,14.586666666666668,0.3367567567567567,0.163081081081081,0.4324324324324324,0.1283783783783783,1.2702702702702702,2.621621621621621,3.891891891891892,0.2972972972972973,0.5405405405405406,0.6216216216216216,0.5405405405405406,1.2972972972972974,4.378378378378378,2.5945945945945947
57,202726,10.465041666666668,0.29995,0.2653999999999999,0.275,0.1375,0.125,0.65,0.775,0.5,0.525,0.1,0.0,0.8,4.375,-0.675
58,202727,4.528333333333333,0.2166999999999999,0.0,0.4,0.1,0.6,0.3,0.9,0.5,0.2,0.2,0.2,0.4,1.4,-2.3
59,202728,3.0444444444444443,0.0,0.0,0.0,0.0,0.6666666666666666,0.3333333333333333,1.0,0.0,0.0,0.0,0.0,0.0,0.0,2.333333333333333
60,202729,8.456607142857143,0.2295714285714285,0.0476071428571428,0.3928571428571428,0.1726071428571428,0.0714285714285714,0.4642857142857143,0.5357142857142857,1.0714285714285714,1.0357142857142858,0.25,0.0,0.6071428571428571,2.25,-1.3928571428571428
61,202730,15.222439024390244,0.4148780487804877,0.0,0.2682926829268293,0.1585365853658536,1.146341463414634,3.024390243902439,4.170731707317073,0.8292682926829268,0.4878048780487805,0.3170731707317073,0.4390243902439024,1.7804878048780488,4.121951219512195,1.146341463414634
62,202723,12.789473684210526,0.3912631578947368,0.0438421052631578,0.7368421052631579,0.3552631578947368,0.4736842105263157,0.8947368421052632,1.368421052631579,1.631578947368421,0.8947368421052632,0.4210526315789473,0.2105263157894736,1.1578947368421053,3.263157894736842,-1.2105263157894737
63,202720,12.0556884057971,0.3848043478260869,0.0652173913043478,0.4565217391304347,0.1684782608695652,0.9782608695652174,1.6304347826086956,2.608695652173913,0.5434782608695652,0.391304347826087,0.3043478260869565,0.3695652173913043,1.4565217391304348,4.739130434782608,0.391304347826087
64,202710,8.548373015873016,0.3018571428571429,0.0357142857142857,1.0238095238095235,0.271547619047619,0.5476190476190477,0.7857142857142857,1.3333333333333333,0.3333333333333333,0.3333333333333333,0.2619047619047619,0.119047619047619,0.4761904761904761,2.595238095238096,1.9047619047619049
65,202712,5.97357142857143,0.0992142857142857,0.0178571428571428,0.0,0.0,0.2142857142857142,0.6428571428571429,0.8571428571428571,0.1428571428571428,0.4285714285714285,0.1428571428571428,0.2142857142857142,0.3571428571428571,1.4285714285714286,-2.7142857142857144
66,202714,12.179375,0.408125,0.1078125,0.65625,0.263546875,0.1875,1.25,1.4375,2.046875,0.75,0.4375,0.03125,0.78125,3.59375,-0.421875
67,202715,5.867999999999999,0.1677333333333333,0.0666666666666666,0.2,0.1,0.2,0.7333333333333333,0.9333333333333332,0.4666666666666667,0.1333333333333333,0.2666666666666666,0.2,0.2,1.3333333333333333,-0.5333333333333333
68,202716,14.763100775193797,0.3685348837209302,0.0,1.0,0.2225581395348837,1.5348837209302326,2.0930232558139537,3.627906976744186,0.2558139534883721,0.5348837209302325,0.4883720930232558,0.3488372093023256,1.4186046511627908,4.5813953488372094,0.4186046511627907
69,202717,4.959305555555556,0.3782083333333333,0.1458333333333333,0.2083333333333333,0.09375,0.1666666666666666,0.8333333333333334,1.0,0.125,0.25,0.125,0.125,0.4166666666666667,2.375,-2.375
70,202718,28.640714285714285,0.4254285714285714,0.3053333333333333,0.6825396825396826,0.25,1.4285714285714286,3.333333333333333,4.761904761904762,2.126984126984127,1.2857142857142858,1.1587301587301588,0.4603174603174603,2.253968253968254,9.507936507936508,0.984126984126984
71,202719,13.528809523809525,0.358,0.0,0.6904761904761905,0.2399761904761904,1.2857142857142858,2.0476190476190474,3.333333333333333,0.3809523809523809,0.8571428571428571,0.3809523809523809,0.4761904761904761,2.0,4.880952380952381,-2.7857142857142856
72,202721,8.920526315789473,0.4280526315789473,0.1491052631578947,0.3157894736842105,0.1105263157894737,0.1052631578947368,0.7368421052631579,0.8421052631578947,1.105263157894737,1.0,0.1052631578947368,0.0,0.8421052631578947,2.421052631578948,-2.8421052631578947
73,202686,18.90453216374269,0.4529824561403509,0.0,0.5789473684210527,0.2679298245614035,1.7719298245614037,2.5964912280701755,4.368421052631579,0.8245614035087719,1.0526315789473684,0.6842105263157895,0.5614035087719298,2.736842105263158,4.684210526315789,-1.6842105263157894
74,202148,9.694166666666666,0.2331538461538461,0.0,0.2307692307692307,0.1153846153846153,0.5384615384615384,1.6923076923076923,2.230769230769231,0.1923076923076923,0.2692307692307692,0.1538461538461538,0.7692307692307693,1.2307692307692308,2.1538461538461537,-2.8846153846153846
75,202227,14.464469696969696,0.3213181818181818,0.2151363636363636,0.6363636363636364,0.2613636363636363,0.8181818181818182,1.5,2.3181818181818183,1.181818181818182,1.1363636363636365,0.4090909090909091,0.0909090909090909,1.5454545454545454,3.636363636363636,-2.636363636363636
76,201880,13.93460606060606,0.3842,0.0,0.5272727272727272,0.2154545454545454,0.8727272727272727,2.345454545454545,3.2181818181818183,0.509090909090909,0.6,0.6727272727272727,1.5454545454545454,2.618181818181818,2.9272727272727272,-1.181818181818182
77,201937,34.23609756097561,0.3656585365853658,0.3134390243902439,3.073170731707317,0.7409512195121951,0.5121951219512195,3.658536585365854,4.170731707317073,8.195121951219512,3.1951219512195124,2.2195121951219514,0.1951219512195122,2.365853658536585,10.634146341463415,1.2439024390243902
78,202343,6.222708333333333,0.4409583333333333,0.2083333333333333,0.25,0.0694583333333333,0.2916666666666667,0.5,0.7916666666666666,0.25,0.2083333333333333,0.25,0.125,0.75,3.6666666666666665,-0.9166666666666666
79,202350,11.660625,0.35725,0.0,0.6875,0.2109375,1.1875,1.25,2.4375,0.3125,0.4375,0.5,0.5625,1.875,2.8125,-2.6875
80,202359,7.775999999999999,0.08,0.0,0.0,0.0,0.0,0.6,0.6,1.2,0.4,0.0,0.0,0.2,0.8,1.0
