,PLAYER_ID,MIN,FG_PCT,FG3_PCT,FTM,FT_PCT,OREB,DREB,REB,AST,TOV,STL,BLK,PF,PTS,PLUS_MINUS
0,203090,25.968486842105264,0.479,0.1730131578947368,0.9605263157894736,0.2833421052631579,1.605263157894737,2.8026315789473686,4.407894736842105,0.6578947368421053,0.9078947368421052,1.1578947368421053,0.8157894736842105,1.894736842105263,8.223684210526315,-6.157894736842105
1,203159,3.5416666666666665,0.4166666666666667,0.0,0.3333333333333333,0.1666666666666666,0.0,0.1666666666666666,0.1666666666666666,1.0,1.3333333333333333,0.3333333333333333,0.0,0.0,1.3333333333333333,-1.6666666666666667
2,203099,3.210625,0.25,0.125,0.25,0.125,0.125,0.25,0.375,0.125,0.25,0.125,0.0,0.375,2.0,-1.125
3,203092,26.40491341991342,0.4197272727272728,0.0,1.5584415584415583,0.4857142857142857,2.064935064935065,3.623376623376624,5.688311688311688,1.2467532467532467,1.2337662337662338,0.4545454545454545,0.9090909090909092,3.25974025974026,7.922077922077922,-3.3766233766233764
4,203158,10.438020833333333,0.343625,0.0,0.28125,0.09896875,1.1875,1.25,2.4375,0.3125,0.25,0.28125,0.15625,0.78125,2.96875,1.71875
5,203093,14.510526315789471,0.3076315789473684,0.1227894736842105,0.6842105263157895,0.2412105263157895,1.4736842105263157,1.947368421052632,3.421052631578948,0.7894736842105263,0.6842105263157895,0.631578947368421,1.0,1.105263157894737,5.473684210526316,-0.1578947368421052
6,203156,2.3916666666666666,0.3335,0.0,0.0,0.0,1.0,0.0,1.0,0.0,0.5,0.0,0.0,0.5,2.0,0.5
7,203098,14.784071038251366,0.4066065573770492,0.321327868852459,0.9672131147540984,0.347,0.2786885245901639,1.2622950819672132,1.540983606557377,0.918032786885246,0.6557377049180327,0.1967213114754098,0.1639344262295081,0.6065573770491803,6.131147540983607,-2.0327868852459017
8,203095,11.270263157894735,0.376078947368421,0.2745526315789474,0.7894736842105263,0.2666578947368421,0.1578947368421052,0.7631578947368421,0.9210526315789472,1.1578947368421053,0.8421052631578947,0.5,0.0263157894736842,1.7105263157894737,5.315789473684211,1.5526315789473684
9,203096,19.811814814814813,0.452,0.0222222222222222,1.0444444444444445,0.3833333333333333,2.0444444444444443,3.8222222222222224,5.866666666666666,0.7777777777777778,0.6444444444444445,0.4888888888888889,0.4888888888888889,3.422222222222222,6.0,0.9333333333333332
10,203097,5.9991666666666665,0.3333333333333333,0.0,0.1666666666666666,0.0833333333333333,0.0,0.5,0.5,0.0,0.1666666666666666,0.3333333333333333,0.3333333333333333,1.1666666666666667,1.1666666666666667,-1.1666666666666667
11,203148,16.971773504273504,0.3893589743589744,0.3324615384615384,0.8974358974358975,0.3835512820512821,0.2179487179487179,1.0256410256410255,1.2435897435897436,2.8076923076923075,0.9102564102564102,0.4743589743589743,0.0384615384615384,1.3846153846153846,7.115384615384615,-2.2051282051282053
12,203094,16.65877777777778,0.481,0.0,1.0,0.3486666666666666,0.92,2.52,3.44,0.5866666666666667,1.0533333333333332,0.32,0.4266666666666667,1.7733333333333334,7.826666666666667,-2.0933333333333333
13,203187,12.762708333333332,0.289625,0.2375,0.125,0.0625,0.625,0.75,1.375,0.25,0.375,0.5,0.0,0.625,3.625,4.5
14,203080,15.081642857142857,0.4240142857142857,0.0,0.8142857142857143,0.2491714285714285,1.7428571428571429,2.757142857142857,4.5,0.6571428571428571,1.2571428571428571,0.5857142857142857,0.3714285714285714,1.7714285714285714,4.757142857142857,-2.1
15,203081,38.62036585365853,0.4221951219512195,0.355280487804878,3.304878048780488,0.7076707317073171,0.5121951219512195,2.6219512195121952,3.1341463414634148,6.475609756097561,2.963414634146341,0.902439024390244,0.2317073170731707,2.097560975609756,19.04878048780488,-0.7560975609756098
16,203382,8.8346875,0.305125,0.0,0.4375,0.2083125,0.75,1.25,2.0,0.3125,0.6875,0.0625,0.375,1.4375,2.6875,-0.125
17,203082,16.976278538812785,0.3307260273972602,0.2712602739726027,0.410958904109589,0.1598219178082191,0.4794520547945205,1.4931506849315068,1.9726027397260275,0.726027397260274,0.6575342465753424,0.589041095890411,0.1917808219178082,1.6712328767123288,6.397260273972603,-0.9315068493150684
18,203083,20.7115,0.5950333333333333,0.0166666666666666,0.9833333333333332,0.2107333333333333,2.816666666666667,4.8,7.616666666666666,0.5,0.95,0.9833333333333332,1.5833333333333333,2.4,7.933333333333334,-0.8333333333333334
19,203317,3.911111111111111,0.1666666666666666,0.0,0.3333333333333333,0.3333333333333333,0.0,0.3333333333333333,0.3333333333333333,0.3333333333333333,1.3333333333333333,0.3333333333333333,0.0,0.3333333333333333,1.0,-2.333333333333333
20,203084,25.401625514403293,0.4330987654320988,0.3022469135802469,1.7777777777777777,0.619567901234568,0.654320987654321,3.45679012345679,4.111111111111111,1.2098765432098766,1.2469135802469136,0.6419753086419753,0.1728395061728395,1.728395061728395,9.234567901234568,0.5925925925925926
21,203085,23.238524590163934,0.3194262295081967,0.1937049180327869,0.9672131147540984,0.3154754098360656,0.2622950819672131,1.524590163934426,1.786885245901639,2.081967213114754,1.213114754098361,0.4262295081967213,0.1475409836065573,2.0,6.180327868852459,-2.5901639344262297
22,203203,1.4583333333333333,0.3333333333333333,0.0,0.0,0.0,0.0,0.0,0.0,0.0,0.3333333333333333,0.0,0.0,0.0,0.6666666666666666,-2.6666666666666665
23,203200,15.778148148148148,0.2807777777777778,0.1703333333333333,0.6666666666666666,0.2222222222222222,0.0,1.5555555555555556,1.5555555555555556,1.6666666666666667,1.0,0.3333333333333333,0.6666666666666666,0.7777777777777778,4.666666666666667,1.3333333333333333
24,203086,17.481908212560384,0.4443913043478261,0.0434782608695652,1.0434782608695652,0.4304347826086956,1.1594202898550725,2.536231884057971,3.695652173913044,0.4782608695652174,0.7101449275362319,0.1594202898550724,0.5507246376811594,2.4347826086956523,5.463768115942029,-2.2028985507246377
25,203087,6.373550724637681,0.2783913043478261,0.2536086956521739,0.6086956521739131,0.1739130434782608,0.217391304347826,0.5652173913043478,0.782608695652174,0.217391304347826,0.2608695652173913,0.0869565217391304,0.0869565217391304,0.5652173913043478,3.0869565217391304,-1.9565217391304348
26,203088,14.632083333333334,0.299625,0.1617916666666666,0.1666666666666666,0.075,0.0833333333333333,0.7916666666666666,0.875,2.9791666666666665,1.1875,0.4583333333333333,0.0833333333333333,1.0,2.9791666666666665,-3.8541666666666665
27,203199,12.74632275132275,0.3744603174603175,0.1058095238095238,0.5396825396825397,0.2259365079365079,0.2698412698412698,1.3968253968253967,1.6666666666666667,0.2539682539682539,0.4761904761904761,0.3015873015873015,0.3492063492063492,0.873015873015873,3.6984126984126986,-2.8412698412698414
28,203197,7.863421052631579,0.3254210526315789,0.0964736842105263,0.2631578947368421,0.1052631578947368,0.2631578947368421,0.5263157894736842,0.7894736842105263,1.631578947368421,0.8421052631578947,0.5263157894736842,0.0,0.2631578947368421,2.1052631578947367,-2.473684210526316
29,203089,13.129338624338624,0.426015873015873,0.0,0.8888888888888888,0.2521746031746031,1.8412698412698407,2.873015873015873,4.714285714285714,0.492063492063492,0.746031746031746,0.3015873015873015,0.6666666666666666,1.3174603174603174,6.031746031746032,-0.5873015873015873
30,203162,7.153571428571428,0.2508928571428571,0.1488214285714285,0.75,0.2261785714285714,0.0714285714285714,0.5714285714285714,0.6428571428571429,0.75,0.6428571428571429,0.25,0.0714285714285714,0.8214285714285714,2.0357142857142856,-1.1071428571428572
31,203122,3.081666666666667,0.1078235294117647,0.0588235294117647,0.0,0.0,0.0,0.2352941176470588,0.2352941176470588,0.1176470588235294,0.1764705882352941,0.0588235294117647,0.0,0.2352941176470588,0.8823529411764706,-2.647058823529412
32,203130,1.4029166666666666,0.0,0.0,0.0,0.0,0.25,0.75,1.0,0.25,0.0,0.0,0.0,0.0,0.0,-2.0
33,203110,13.429472573839664,0.2514936708860759,0.0959873417721519,0.569620253164557,0.242620253164557,0.7341772151898734,2.556962025316456,3.2911392405063293,0.6708860759493671,0.6455696202531646,0.5316455696202531,0.3164556962025316,2.0126582278481013,2.873417721518988,-1.0
34,203111,12.130522875816991,0.365235294117647,0.3254901960784314,0.4509803921568627,0.2418235294117647,0.392156862745098,1.7647058823529411,2.156862745098039,0.9215686274509804,0.5686274509803921,0.2156862745098039,0.1764705882352941,1.0,3.980392156862745,-0.0980392156862745
35,203112,11.80471264367816,0.5011724137931035,0.0344827586206896,1.0689655172413792,0.3505862068965517,1.0344827586206895,1.6206896551724137,2.655172413793104,0.3793103448275862,0.5862068965517241,0.4482758620689655,0.5172413793103449,1.827586206896552,4.0,3.2758620689655173
36,203129,4.878508771929824,0.1781578947368421,0.0526315789473684,0.4736842105263157,0.2061052631578947,0.4736842105263157,0.7368421052631579,1.2105263157894737,0.1578947368421052,0.5789473684210527,0.1578947368421052,0.0526315789473684,0.5789473684210527,1.5789473684210529,0.5263157894736842
37,203126,5.3901666666666666,0.0833,0.0,0.5,0.25,0.1,0.6,0.7,0.1,0.2,0.3,0.0,0.3,0.9,-0.6
38,203113,3.669047619047619,0.2142857142857142,0.0,0.1428571428571428,0.0714285714285714,0.1428571428571428,0.1428571428571428,0.2857142857142857,0.4285714285714285,0.1428571428571428,0.1428571428571428,0.0,0.4285714285714285,1.2857142857142858,-0.7142857142857143
39,203109,17.34826923076923,0.3595384615384615,0.3131794871794872,0.6025641025641025,0.260051282051282,0.4487179487179487,1.948717948717949,2.3974358974358974,1.205128205128205,0.6282051282051282,0.8076923076923077,0.2179487179487179,1.641025641025641,5.0256410256410255,-0.4102564102564102
40,203114,17.608086419753086,0.3938518518518518,0.1907407407407407,1.0,0.3189259259259259,0.1481481481481481,1.7037037037037035,1.851851851851852,1.037037037037037,0.4074074074074074,0.5555555555555556,0.1481481481481481,1.962962962962963,6.111111111111111,0.9629629629629628
41,203115,12.243424657534248,0.2968219178082191,0.063917808219178,0.684931506849315,0.2793013698630137,0.4931506849315068,1.4931506849315068,1.9863013698630136,0.7945205479452054,0.821917808219178,0.4657534246575342,0.1232876712328767,0.7671232876712328,4.041095890410959,-2.808219178082192
42,203116,5.802719298245614,0.2249210526315789,0.0570263157894736,0.3947368421052631,0.1447368421052631,0.0526315789473684,0.4210526315789473,0.4736842105263157,0.5526315789473685,0.6578947368421053,0.3421052631578947,0.0,0.6578947368421053,2.236842105263158,-1.736842105263158
43,203117,12.293156028368792,0.3243404255319149,0.1489361702127659,0.425531914893617,0.1539787234042553,0.1702127659574468,0.8085106382978723,0.9787234042553192,0.6808510638297872,0.5531914893617021,0.2765957446808511,0.0,1.1063829787234043,3.276595744680851,-1.7659574468085106
44,203118,9.393208333333334,0.337825,0.0,1.075,0.28125,0.975,1.775,2.75,0.3,0.525,0.1,0.05,0.8,4.575,-1.1
45,203119,9.916260162601626,0.2741463414634146,0.1365853658536585,0.5121951219512195,0.1699024390243902,0.1951219512195122,0.7073170731707317,0.902439024390244,0.6341463414634146,0.4634146341463415,0.3902439024390244,0.073170731707317,1.1219512195121952,2.902439024390244,-1.3902439024390243
46,203121,13.346153846153848,0.2775961538461539,0.2301153846153846,0.1538461538461538,0.0961538461538461,0.1538461538461538,1.3461538461538465,1.5,0.8461538461538461,0.4423076923076923,0.3269230769230769,0.2307692307692307,1.7115384615384617,2.269230769230769,-1.1153846153846154
47,203124,11.191520467836256,0.3958245614035088,0.0,0.5263157894736842,0.2368421052631578,1.1403508771929824,2.526315789473684,3.6666666666666665,0.912280701754386,0.6491228070175439,0.1929824561403508,0.4561403508771929,1.8771929824561404,4.0701754385964914,-0.9649122807017544
48,203108,9.935326086956522,0.350304347826087,0.0,0.5434782608695652,0.1920217391304348,1.1304347826086956,1.7173913043478262,2.847826086956522,0.1304347826086956,0.391304347826087,0.2608695652173913,0.8260869565217391,1.391304347826087,2.847826086956522,-0.4565217391304347
49,203146,7.479814814814815,0.2255185185185185,0.0938148148148148,0.6296296296296297,0.2685185185185185,0.037037037037037,0.2222222222222222,0.2592592592592592,1.0,0.5555555555555556,0.2222222222222222,0.0,0.9629629629629628,2.814814814814815,-2.185185185185185
50,203100,7.769904761904762,0.2474285714285714,0.0619142857142857,0.6,0.2404857142857142,0.3714285714285714,0.4285714285714285,0.8,1.2285714285714286,0.8285714285714286,0.2285714285714285,0.1142857142857142,0.9714285714285714,2.6,-1.6285714285714286
51,203101,3.9309523809523808,0.1487857142857143,0.0,0.2142857142857142,0.1071428571428571,0.8571428571428571,0.7142857142857143,1.5714285714285714,0.1428571428571428,0.2142857142857142,0.0,0.2142857142857142,0.3571428571428571,0.9285714285714286,-0.8571428571428571
52,203145,4.374071038251366,0.1857868852459016,0.1010819672131147,0.4426229508196721,0.1475409836065573,0.081967213114754,0.2786885245901639,0.360655737704918,0.360655737704918,0.2950819672131147,0.2786885245901639,0.0655737704918032,0.4426229508196721,2.0163934426229506,-0.5573770491803278
53,203102,11.525709219858156,0.4549148936170212,0.0,0.3829787234042553,0.1698510638297872,1.6170212765957446,1.4680851063829787,3.0851063829787235,0.2127659574468085,0.4042553191489361,0.3617021276595745,0.2127659574468085,0.9148936170212766,3.702127659574468,-1.7872340425531914
54,203144,23.889978354978357,0.3543506493506493,0.259064935064935,1.4025974025974026,0.4744675324675324,0.5324675324675324,1.7402597402597402,2.272727272727273,3.7142857142857135,1.9090909090909087,0.7012987012987013,0.3506493506493506,1.5194805194805194,8.636363636363637,-1.0129870129870129
55,203103,7.364912280701755,0.3066052631578947,0.0,0.2631578947368421,0.0986842105263157,0.3157894736842105,1.3157894736842106,1.631578947368421,0.2631578947368421,0.3947368421052631,0.131578947368421,0.1578947368421052,0.6052631578947368,2.3157894736842106,0.0
56,203143,16.1933547008547,0.4181923076923077,0.3294871794871795,0.282051282051282,0.1282051282051282,0.5256410256410257,1.3076923076923077,1.8333333333333333,3.025641025641025,1.1025641025641026,0.8846153846153846,0.0256410256410256,1.6282051282051282,3.525641025641025,2.2051282051282053
57,203104,8.165034722222222,0.178,0.0364583333333333,0.1875,0.078125,0.0625,0.8541666666666666,0.9166666666666666,1.3125,0.7291666666666666,0.1875,0.1458333333333333,0.9791666666666666,2.0625,-0.2291666666666666
58,202363,4.478205128205128,0.1538461538461538,0.0,0.1538461538461538,0.0769230769230769,0.1538461538461538,0.5384615384615384,0.6923076923076923,0.2307692307692307,0.4615384615384615,0.0769230769230769,0.1538461538461538,0.7692307692307693,0.6153846153846154,-1.7692307692307692
59,203142,15.386101190476191,0.4252321428571428,0.2875,1.125,0.3769821428571429,0.6071428571428571,1.5178571428571428,2.125,0.4821428571428571,0.8928571428571429,0.2857142857142857,0.2142857142857142,1.8571428571428568,8.678571428571429,1.0
60,203141,9.42311320754717,0.3026415094339622,0.2652641509433962,0.1698113207547169,0.0974905660377358,0.6226415094339622,1.169811320754717,1.7924528301886793,0.4339622641509434,0.3773584905660377,0.2452830188679245,0.1509433962264151,1.0,3.547169811320755,-0.3773584905660377
61,203139,8.948533333333334,0.52028,0.0,0.44,0.13932,0.96,0.84,1.8,0.36,0.56,0.2,0.36,1.28,3.08,-0.88
62,203105,14.359764957264955,0.3572820512820513,0.0,0.5512820512820513,0.2017051282051282,1.807692307692308,2.2051282051282053,4.012820512820513,0.282051282051282,0.8076923076923077,0.2948717948717949,0.9487179487179488,2.0128205128205128,2.448717948717949,-0.6538461538461539
63,203106,19.5771645021645,0.4118701298701298,0.309077922077922,0.974025974025974,0.3599740259740259,0.6623376623376623,1.2857142857142858,1.948051948051948,0.8181818181818182,0.6233766233766234,0.6103896103896104,0.1948051948051948,1.7662337662337662,6.12987012987013,-3.5324675324675323
64,203135,6.35765625,0.199125,0.0,0.21875,0.109375,0.28125,0.78125,1.0625,0.1875,0.3125,0.0,0.3125,1.1875,1.34375,-1.625
65,201986,12.781828703703702,0.3940972222222222,0.2266111111111111,0.4861111111111111,0.2129583333333333,0.3194444444444444,1.5972222222222223,1.9166666666666667,1.9166666666666667,1.125,0.5694444444444444,0.0833333333333333,1.2083333333333333,3.8333333333333335,-0.5277777777777778
66,202545,3.636145833333333,0.191625,0.0625,0.0,0.0,0.0625,0.5625,0.625,0.1875,0.0,0.0,0.0,0.3125,1.1875,-2.625
67,202713,27.962479674796747,0.4372317073170731,0.3499634146341463,1.2195121951219512,0.4497926829268293,1.329268292682927,2.6951219512195124,4.024390243902439,0.9390243902439024,1.195121951219512,0.6951219512195121,0.4512195121951219,2.6463414634146343,8.78048780487805,-1.951219512195122
68,201976,17.38028455284553,0.3978292682926829,0.3707073170731707,0.8292682926829268,0.274390243902439,1.0975609756097562,1.5609756097560976,2.658536585365854,2.8536585365853657,1.0731707317073171,0.902439024390244,0.5121951219512195,2.024390243902439,5.560975609756097,2.926829268292683
69,202685,23.89674731182796,0.5118225806451613,0.0,2.3548387096774195,0.5178225806451613,1.9516129032258065,4.048387096774194,6.0,0.7258064516129032,1.5161290322580645,0.2741935483870967,1.2580645161290325,3.032258064516129,8.935483870967742,-2.0161290322580645
70,202700,12.216098484848484,0.4322954545454545,0.1886136363636363,0.7272727272727273,0.2405227272727272,0.8181818181818182,1.2954545454545454,2.113636363636364,0.7045454545454546,0.8409090909090909,0.1590909090909091,0.2272727272727272,1.6590909090909092,5.681818181818182,0.8863636363636364
71,203079,28.79188524590164,0.4089344262295082,0.2603934426229508,2.6065573770491803,0.5982786885245901,0.360655737704918,2.081967213114754,2.442622950819672,3.0,1.9836065573770487,0.9672131147540984,0.2622950819672131,1.852459016393443,14.655737704918034,-2.5245901639344264
72,203078,31.15306547619048,0.3917857142857143,0.3381785714285714,2.232142857142857,0.5681071428571428,0.7678571428571429,3.0,3.767857142857143,2.446428571428572,1.6071428571428572,0.8928571428571429,0.5178571428571429,2.017857142857143,13.928571428571429,-1.6428571428571428
73,203077,25.958504273504275,0.4345128205128205,0.0256410256410256,1.794871794871795,0.5234615384615384,1.6794871794871795,4.153846153846154,5.833333333333333,1.5,1.294871794871795,0.6923076923076923,0.8974358974358975,2.102564102564102,9.025641025641026,-3.6666666666666665
74,203076,28.842994791666666,0.51684375,0.0,2.640625,0.6215468749999999,2.578125,5.578125,8.15625,0.984375,1.390625,1.171875,1.75,2.46875,13.546875,-2.40625
75,203006,2.901111111111111,0.4443333333333333,0.1666666666666666,0.0,0.0,0.0,0.3333333333333333,0.3333333333333333,0.3333333333333333,0.0,0.0,0.0,1.0,1.6666666666666667,-1.6666666666666667
76,201964,16.57391156462585,0.3620408163265305,0.2424081632653061,0.2857142857142857,0.1428571428571428,0.6326530612244898,1.7959183673469388,2.4285714285714284,0.8775510204081632,0.8775510204081632,0.5306122448979592,0.2448979591836734,1.530612244897959,3.816326530612245,-2.204081632653061
77,200777,9.35954248366013,0.3407647058823529,0.0,0.3529411764705882,0.1519607843137254,0.7843137254901961,1.5490196078431373,2.333333333333333,0.2549019607843137,0.3725490196078431,0.2549019607843137,0.2156862745098039,1.3137254901960784,2.627450980392157,-1.8235294117647056
