,PLAYER_ID,MIN,FG_PCT,FG3_PCT,FTM,FT_PCT,OREB,DREB,REB,AST,TOV,STL,BLK,PF,PTS,PLUS_MINUS
0,203485,8.60576923076923,0.2324230769230769,0.0608846153846153,0.3461538461538461,0.173076923076923,0.3076923076923077,0.7692307692307693,1.0769230769230769,1.5769230769230769,0.6153846153846154,0.5,0.1153846153846153,0.7307692307692307,2.4615384615384617,0.0769230769230769
1,201979,16.515140845070423,0.4324929577464789,0.1685492957746479,0.6197183098591549,0.2294647887323944,0.323943661971831,1.6056338028169015,1.9295774647887325,2.915492957746479,1.4225352112676055,0.9295774647887324,0.1126760563380281,1.647887323943662,4.887323943661972,0.2816901408450704
2,203486,18.21088095238095,0.6515428571428571,0.0,1.7428571428571429,0.4828999999999999,1.4142857142857144,2.9857142857142858,4.4,0.8571428571428571,1.1,0.7,0.7857142857142857,2.442857142857143,7.428571428571429,-1.3
3,203120,9.018333333333333,0.341625,0.25,0.625,0.375,0.5,0.375,0.875,0.0,0.5,0.625,0.0,1.0,3.25,-2.875
4,203499,10.196631944444444,0.2979583333333333,0.1354166666666666,0.3333333333333333,0.1364583333333333,0.2291666666666666,0.6458333333333334,0.875,1.4791666666666667,0.8125,0.5416666666666666,0.0208333333333333,0.9583333333333334,2.75,1.3125
5,203484,19.781416666666665,0.346675,0.2495,0.5875,0.2237625,0.475,1.475,1.95,0.6875,0.35,0.9375,0.15,1.8125,5.875,-0.75
6,203481,11.80022988505747,0.4212413793103448,0.0,0.896551724137931,0.3040172413793103,0.8448275862068966,1.7413793103448276,2.586206896551724,0.4482758620689655,0.3448275862068966,0.2586206896551724,0.8620689655172413,1.2586206896551724,3.2758620689655173,0.4827586206896552
7,203482,19.999357142857143,0.4354857142857143,0.2833428571428571,1.4142857142857144,0.4881999999999999,2.0,3.2142857142857144,5.214285714285714,1.5571428571428572,1.5142857142857142,0.5,0.3857142857142857,3.242857142857143,8.67142857142857,-0.0714285714285714
8,203498,7.836441441441441,0.3803513513513513,0.0675675675675675,0.7027027027027027,0.1972972972972972,0.6486486486486487,0.7837837837837838,1.4324324324324325,0.1621621621621621,0.4324324324324324,0.2162162162162162,0.027027027027027,0.6486486486486487,3.864864864864865,-2.027027027027027
9,203489,22.57514367816092,0.405551724137931,0.145103448275862,1.0172413793103448,0.3517241379310344,0.5689655172413793,2.0,2.5689655172413794,3.2241379310344827,0.9827586206896552,0.603448275862069,0.2586206896551724,1.1551724137931034,7.189655172413793,-0.4482758620689655
10,203490,8.62036036036036,0.2498648648648649,0.0585675675675675,0.2162162162162162,0.0991081081081081,0.5675675675675675,0.972972972972973,1.5405405405405406,0.2702702702702703,0.3783783783783784,0.2162162162162162,0.027027027027027,0.7027027027027027,2.108108108108108,-0.1621621621621621
11,203496,4.832857142857143,0.2238571428571429,0.25,0.0,0.0,0.2857142857142857,0.4285714285714285,0.7142857142857143,0.0,0.1428571428571428,0.2857142857142857,0.0,0.4285714285714285,2.2857142857142856,2.4285714285714284
12,203491,9.347499999999998,0.18025,0.1034583333333333,0.4583333333333333,0.1235,0.0833333333333333,0.5,0.5833333333333334,1.4166666666666667,0.75,0.375,0.0416666666666666,1.125,2.25,-1.3333333333333333
13,203492,19.92677777777778,0.3394,0.2385111111111111,0.7111111111111111,0.2811111111111111,0.4,1.3555555555555556,1.7555555555555555,2.6666666666666665,0.8666666666666667,0.4888888888888889,0.2,1.5333333333333334,6.222222222222222,-2.111111111111111
14,203493,9.19937984496124,0.2761860465116278,0.2333255813953488,0.1627906976744186,0.0930232558139534,0.2558139534883721,1.0,1.255813953488372,0.2790697674418604,0.3023255813953488,0.2093023255813953,0.0232558139534883,0.6046511627906976,2.6744186046511627,-0.3720930232558139
15,203138,22.619415584415584,0.4058831168831169,0.3214155844155844,0.6753246753246753,0.2804935064935064,0.948051948051948,2.25974025974026,3.207792207792208,0.948051948051948,0.7792207792207793,0.6883116883116883,0.1558441558441558,1.87012987012987,5.987012987012987,-4.688311688311688
16,203495,3.016363636363636,0.2878181818181818,0.2272727272727272,0.3636363636363636,0.1818181818181818,0.0,0.1818181818181818,0.1818181818181818,0.1818181818181818,0.1818181818181818,0.0909090909090909,0.0,0.1818181818181818,1.7272727272727273,0.8181818181818182
17,203487,34.484476190476194,0.4026285714285714,0.1993,3.6857142857142855,0.6216142857142857,1.4428571428571428,4.8,6.242857142857143,6.3,3.5285714285714285,1.8571428571428568,0.6142857142857143,3.0428571428571427,16.67142857142857,-6.428571428571429
18,203497,9.637592592592592,0.3635777777777778,0.0,0.7111111111111111,0.2157777777777778,1.1333333333333333,2.311111111111111,3.4444444444444446,0.1555555555555555,0.7111111111111111,0.1777777777777777,0.9111111111111112,1.2666666666666666,2.311111111111111,-0.5555555555555556
19,203136,4.403174603174604,0.1110952380952381,0.0,0.238095238095238,0.0952380952380952,0.4761904761904761,0.5238095238095238,1.0,0.0952380952380952,0.4761904761904761,0.1428571428571428,0.1904761904761904,0.8095238095238095,0.7142857142857143,-2.857142857142857
20,203488,10.748499999999998,0.3862,0.0,0.7,0.3,0.85,1.75,2.6,0.35,0.6,0.15,0.5,1.45,3.8,-4.6
21,203147,0.9783333333333334,0.0,0.0,0.0,0.0,0.0,0.0,0.0,0.0,0.0,0.0,0.0,0.0,0.0,-1.5
22,203318,9.875454545454543,0.2514545454545454,0.2454545454545454,0.4545454545454545,0.1969999999999999,0.3636363636363636,1.4545454545454546,1.818181818181818,0.6363636363636364,0.8181818181818182,0.5454545454545454,0.0909090909090909,0.6363636363636364,2.909090909090909,1.181818181818182
23,203315,7.302777777777778,0.3367647058823529,0.0522941176470588,0.4509803921568627,0.2189607843137254,0.2549019607843137,0.6078431372549019,0.8627450980392157,0.9607843137254902,0.6666666666666666,0.3725490196078431,0.0196078431372549,0.9019607843137256,2.7450980392156863,-0.6470588235294118
24,202779,10.430833333333334,0.2977857142857143,0.2380714285714285,0.5714285714285714,0.3214285714285714,0.2857142857142857,1.3571428571428572,1.6428571428571428,0.7142857142857143,0.7142857142857143,0.5714285714285714,0.0,0.7857142857142857,3.071428571428572,0.0
25,203183,3.25,0.5,0.0,0.0,0.0,0.3333333333333333,0.0,0.3333333333333333,0.3333333333333333,0.0,0.3333333333333333,0.0,0.0,2.0,0.6666666666666666
26,203133,12.36138364779874,0.3037924528301887,0.237566037735849,0.2830188679245283,0.1415094339622641,0.660377358490566,1.830188679245283,2.490566037735849,0.4339622641509434,0.1886792452830188,0.3018867924528302,0.0377358490566037,1.0754716981132075,3.4150943396226414,0.6792452830188679
27,203458,8.62579365079365,0.3176190476190476,0.0,0.4761904761904761,0.1924761904761904,0.9285714285714286,1.4285714285714286,2.357142857142857,0.0952380952380952,0.6190476190476191,0.0952380952380952,0.4285714285714285,1.619047619047619,2.0476190476190474,-1.3095238095238095
28,203263,12.72705128205128,0.3692307692307692,0.2691538461538462,0.4615384615384615,0.2692307692307692,0.0769230769230769,1.3846153846153846,1.4615384615384617,0.6153846153846154,0.5384615384615384,0.4615384615384615,0.1538461538461538,0.8461538461538461,3.3846153846153846,-2.769230769230769
29,203268,16.269111111111112,0.3416,0.0778,0.6,0.25,0.2,1.2666666666666666,1.4666666666666666,2.0,0.9333333333333332,0.6666666666666666,0.0666666666666666,2.466666666666667,4.133333333333334,-2.533333333333333
30,203471,13.089965986394557,0.3431020408163265,0.1020204081632653,0.5918367346938775,0.2653061224489796,0.1020408163265306,1.1224489795918366,1.2244897959183674,1.8979591836734693,1.2448979591836735,0.3469387755102041,0.0,1.1020408163265305,3.73469387755102,-4.183673469387755
31,203473,12.594301075268818,0.442258064516129,0.0,0.6774193548387096,0.2639677419354839,1.2258064516129032,2.870967741935484,4.096774193548387,0.1612903225806451,0.5806451612903226,0.2258064516129032,0.7096774193548387,2.129032258064516,3.129032258064516,-1.903225806451613
32,203469,17.27660569105691,0.4466341463414634,0.0,1.7804878048780488,0.5326219512195122,1.4390243902439024,2.865853658536585,4.304878048780488,1.1219512195121952,1.0609756097560976,0.4878048780487805,0.5,2.073170731707317,5.975609756097561,-1.0365853658536586
33,203474,4.877222222222222,0.3,0.0,0.3333333333333333,0.3333333333333333,0.3333333333333333,1.3333333333333333,1.6666666666666667,0.0,0.0,0.0,0.0,0.0,2.333333333333333,0.3333333333333333
34,203476,13.63038888888889,0.3962333333333333,0.0166666666666666,0.9833333333333332,0.2449499999999999,1.7166666666666666,3.283333333333333,5.0,0.65,0.9,0.5,0.8333333333333334,1.8,4.766666666666667,-0.6666666666666666
35,203477,11.46568181818182,0.2833181818181818,0.243,0.9545454545454546,0.3636363636363636,0.3181818181818182,0.7727272727272727,1.0909090909090908,1.0,0.9545454545454546,0.3636363636363636,0.1818181818181818,1.1363636363636365,4.590909090909091,-1.7727272727272727
36,203479,7.691587301587302,0.3634761904761904,0.1904761904761904,0.0952380952380952,0.0476190476190476,0.1904761904761904,0.9047619047619048,1.0952380952380951,0.2857142857142857,0.5238095238095238,0.1904761904761904,0.0952380952380952,1.0952380952380951,1.8571428571428568,0.6190476190476191
37,203480,7.483333333333333,0.2259999999999999,0.41675,0.25,0.125,0.0,2.0,2.0,0.0,0.25,0.25,0.5,0.75,3.5,1.75
38,203467,5.442857142857143,0.3571428571428571,0.0952857142857142,0.4285714285714285,0.2142857142857142,0.1428571428571428,0.7142857142857143,0.8571428571428571,0.5714285714285714,0.5714285714285714,0.0,0.0,0.5714285714285714,2.7142857142857144,0.5714285714285714
39,203459,6.651888888888889,0.25,0.2,0.2,0.1111333333333333,0.0666666666666666,0.5333333333333333,0.6,0.4,0.2,0.1333333333333333,0.0666666666666666,0.6666666666666666,2.2,0.1333333333333333
40,203468,12.519473684210526,0.340078947368421,0.2679736842105263,0.6052631578947368,0.2456315789473684,0.1842105263157894,1.0789473684210529,1.263157894736842,0.7105263157894737,0.9210526315789472,0.3684210526315789,0.0526315789473684,1.394736842105263,5.289473684210527,-0.5263157894736842
41,203460,9.976083333333332,0.358325,0.05,0.175,0.0875,0.9,1.45,2.35,0.375,0.475,0.475,0.25,1.85,1.875,0.65
42,203461,12.743044871794872,0.3033653846153846,0.1153846153846153,0.8461538461538461,0.2681538461538461,0.9423076923076924,2.0384615384615383,2.980769230769231,0.3269230769230769,0.903846153846154,0.4038461538461538,0.1538461538461538,1.7884615384615383,4.173076923076923,-1.5961538461538465
43,203462,10.247692307692308,0.3324038461538461,0.0352307692307692,0.7115384615384616,0.2667307692307692,0.4807692307692308,1.1923076923076923,1.6730769230769231,0.3846153846153846,0.8461538461538461,0.3846153846153846,0.2115384615384615,0.8653846153846154,3.730769230769231,-1.6923076923076923
44,203463,26.66959349593496,0.3585853658536585,0.2775975609756097,1.4024390243902438,0.4636219512195122,0.6463414634146342,2.2195121951219514,2.865853658536585,1.0,1.170731707317073,0.5487804878048781,0.2195121951219512,2.451219512195122,8.78048780487805,-2.5121951219512195
45,203501,23.154053497942385,0.4360864197530864,0.3664814814814814,1.308641975308642,0.439074074074074,0.2345679012345679,1.2592592592592593,1.4938271604938271,0.8148148148148148,0.5802469135802469,0.5432098765432098,0.0864197530864197,1.7777777777777777,10.17283950617284,-2.08641975308642
46,202620,6.03,0.0666,0.0,0.2,0.1,0.4,1.2,1.6,0.6,0.2,0.0,0.0,0.6,0.6,-1.2
47,203500,14.7817695473251,0.4193827160493827,0.0,0.9753086419753086,0.3150987654320987,1.7530864197530864,2.345679012345679,4.098765432098766,0.5308641975308642,0.8765432098765432,0.4938271604938271,0.7037037037037037,2.506172839506173,3.271604938271605,0.7037037037037037
48,203091,2.968888888888889,0.0,0.0,0.0,0.0,0.0,0.0,0.0,0.0,0.0,0.0,0.0,0.6666666666666666,0.0,-2.0
49,203539,9.409408602150538,0.2114838709677419,0.1236451612903225,0.2580645161290322,0.1290322580645161,0.1612903225806451,0.7096774193548387,0.8709677419354839,2.032258064516129,1.0,0.1290322580645161,0.032258064516129,1.0,2.3548387096774195,0.0
50,203527,22.235028248587568,0.4624915254237288,0.3188474576271187,1.8644067796610169,0.4989322033898305,0.711864406779661,3.0,3.711864406779661,1.6101694915254237,0.7966101694915254,0.5423728813559322,0.7627118644067796,2.4915254237288136,8.0,-1.4576271186440677
51,202091,6.383010752688172,0.2419354838709677,0.1580645161290322,0.5806451612903226,0.2177419354838709,0.4193548387096774,0.8064516129032258,1.2258064516129032,0.2580645161290322,0.1935483870967742,0.064516129032258,0.0967741935483871,0.6129032258064516,2.290322580645161,-0.7419354838709677
52,203524,8.056785714285715,0.2618928571428571,0.1309642857142857,0.2142857142857142,0.125,0.3214285714285714,1.1428571428571428,1.4642857142857142,0.4285714285714285,0.4642857142857143,0.1785714285714285,0.0714285714285714,0.6785714285714286,1.6785714285714286,0.4285714285714285
53,203521,17.65375,0.3381805555555555,0.2550555555555556,0.5277777777777778,0.2222222222222222,0.4027777777777778,1.3055555555555556,1.7083333333333333,2.5972222222222223,0.8333333333333334,0.4583333333333333,0.0694444444444444,1.6805555555555556,4.708333333333333,0.9861111111111112
54,203540,6.986666666666666,0.3227058823529412,0.0892058823529411,0.2352941176470588,0.088235294117647,0.4117647058823529,0.9411764705882352,1.3529411764705883,0.3235294117647059,0.3235294117647059,0.1764705882352941,0.0294117647058823,0.5882352941176471,2.4411764705882355,1.1176470588235294
55,203543,13.178783783783784,0.3815675675675676,0.1981891891891892,0.6486486486486487,0.2015945945945945,1.135135135135135,2.324324324324324,3.45945945945946,0.4324324324324324,1.108108108108108,0.3783783783783784,0.7297297297297297,2.0,4.4324324324324325,-2.621621621621621
56,203561,11.275065359477123,0.3294117647058823,0.0196078431372549,0.6666666666666666,0.2868823529411765,0.7450980392156863,1.392156862745098,2.1372549019607843,0.5490196078431373,0.6862745098039216,0.4705882352941176,0.1568627450980392,1.803921568627451,2.823529411764706,-0.6274509803921569
57,203552,6.458333333333334,0.1665,0.5,0.0,0.0,0.0,0.5,0.5,0.0,0.0,1.0,0.0,0.0,1.5,0.5
58,203548,5.691666666666666,0.0,0.0,0.0,0.0,0.5,0.0,0.5,0.5,0.0,0.5,0.0,0.0,0.0,-3.0
59,202197,5.883333333333333,0.25,0.0,0.0,0.0,0.5,0.5,1.0,0.0,0.5,0.0,0.0,0.5,1.0,-4.0
60,203546,7.460724637681159,0.4195652173913043,0.3478260869565217,0.217391304347826,0.108695652173913,0.1304347826086956,0.6956521739130435,0.8260869565217391,0.6521739130434783,0.6086956521739131,0.3478260869565217,0.0869565217391304,1.0434782608695652,2.9565217391304346,0.7391304347826086
61,203545,9.678055555555556,0.4034999999999999,0.0,0.9375,0.3493124999999999,1.125,1.125,2.25,0.4791666666666667,0.5833333333333334,0.1458333333333333,0.2708333333333333,1.75,3.7708333333333335,-1.0208333333333333
62,203544,18.496166666666667,0.38072,0.29208,1.0,0.36928,1.14,3.04,4.18,1.16,1.1,0.38,0.24,2.52,7.04,2.62
63,203519,6.263888888888889,0.3945,0.0833333333333333,0.1666666666666666,0.1666666666666666,0.0,0.5,0.5,0.5,0.1666666666666666,0.0,0.0,1.0,2.333333333333333,1.3333333333333333
64,203517,5.931527777777777,0.14025,0.125,0.2916666666666667,0.1458333333333333,0.125,0.5,0.625,0.5416666666666666,0.5416666666666666,0.0,0.0416666666666666,0.5416666666666666,1.0833333333333333,-2.875
65,203504,32.32042857142857,0.3715428571428571,0.3325857142857142,1.457142857142857,0.5131,0.5285714285714286,2.442857142857143,2.9714285714285715,5.6571428571428575,1.8714285714285717,0.6,0.0857142857142857,2.071428571428572,12.785714285714286,-3.657142857142857
66,203503,15.983203463203465,0.2977142857142857,0.1943766233766233,0.4025974025974026,0.2012987012987013,0.2467532467532467,1.3636363636363635,1.6103896103896105,0.8831168831168831,0.5714285714285714,0.3766233766233766,0.1948051948051948,1.0909090909090908,4.493506493506493,-1.5194805194805194
67,203502,3.768015873015873,0.1904761904761904,0.0476190476190476,0.5238095238095238,0.1904761904761904,0.7142857142857143,0.5238095238095238,1.238095238095238,0.0952380952380952,0.1904761904761904,0.2857142857142857,0.1428571428571428,0.4285714285714285,1.0476190476190477,0.4285714285714285
68,203505,4.888888888888888,0.3333333333333333,0.0,0.3333333333333333,0.1666666666666666,0.0,1.0,1.0,0.3333333333333333,0.6666666666666666,0.0,0.0,0.3333333333333333,1.6666666666666667,2.0
69,203515,15.088622222222224,0.2258399999999999,0.1362133333333333,0.3866666666666666,0.1428533333333333,0.2666666666666666,1.1333333333333333,1.4,3.2133333333333334,1.16,0.9066666666666666,0.0666666666666666,1.2933333333333332,2.84,-0.36
70,203513,2.589652777777778,0.0972083333333333,0.0,0.0,0.0,0.0833333333333333,0.25,0.3333333333333333,0.0833333333333333,0.0833333333333333,0.0,0.1666666666666666,0.2916666666666667,0.25,-2.083333333333333
71,203508,7.082878787878787,0.1848181818181818,0.0909090909090909,0.4090909090909091,0.1590909090909091,0.0,0.7272727272727273,0.7272727272727273,0.2727272727272727,0.5,0.1363636363636363,0.0454545454545454,1.0,1.681818181818182,-2.227272727272727
72,203507,24.633874458874452,0.4017142857142857,0.2474025974025974,1.792207792207792,0.5025064935064935,1.0129870129870129,3.389610389610389,4.402597402597403,1.948051948051948,1.5844155844155845,0.7792207792207793,0.7922077922077922,2.2467532467532467,6.818181818181818,-2.324675324675325
73,203506,31.081166666666668,0.4208,0.327275,3.1,0.6713250000000001,0.5375,3.575,4.1125,4.0875,3.2,1.6125,0.4625,2.625,13.825,-3.375
74,203569,9.452142857142858,0.219,0.1845,0.0,0.0,0.2857142857142857,0.9285714285714286,1.2142857142857142,0.2142857142857142,0.2142857142857142,0.4285714285714285,0.0,0.9285714285714286,1.5714285714285714,-1.2142857142857142
75,203584,14.96,0.3734,0.349,0.0,0.0,0.0,0.8,0.8,1.0,0.6,0.0,0.0,1.2,8.4,5.6
76,203810,12.862592592592591,0.4463333333333333,0.3333333333333333,0.5555555555555556,0.2777777777777778,0.0,1.0,1.0,1.1111111111111112,0.5555555555555556,0.8888888888888888,0.0,1.2222222222222223,5.333333333333333,-0.5555555555555556
77,203816,3.3833333333333337,0.0,0.0,0.5,0.25,0.0,0.0,0.0,0.5,0.0,0.5,0.0,0.0,0.5,-3.0
