,PLAYER_ID,MIN,FG_PCT,FG3_PCT,FTM,FT_PCT,OREB,DREB,REB,AST,TOV,STL,BLK,PF,PTS,PLUS_MINUS
0,203924,21.177666666666664,0.3237538461538461,0.2433846153846154,1.7538461538461538,0.449876923076923,0.7538461538461538,2.292307692307692,3.046153846153846,1.2153846153846153,1.3076923076923077,0.6153846153846154,1.0461538461538462,2.2153846153846155,6.323076923076923,-2.707692307692308
1,202407,19.651028368794325,0.295,0.2464255319148936,1.2340425531914894,0.3696382978723404,0.5957446808510638,2.595744680851064,3.191489361702128,1.2340425531914894,1.425531914893617,1.1914893617021276,0.3404255319148936,2.6382978723404253,5.276595744680851,1.1914893617021276
2,202703,20.17221544715447,0.3654512195121951,0.2928536585365853,2.7804878048780486,0.5373414634146341,0.7682926829268293,4.158536585365853,4.926829268292683,1.1829268292682926,1.0853658536585369,0.6585365853658537,0.6585365853658537,2.097560975609756,10.158536585365852,2.0609756097560976
3,202711,23.76741452991453,0.3902820512820513,0.2753333333333333,1.1153846153846154,0.3857435897435897,0.6410256410256411,2.08974358974359,2.730769230769231,0.8717948717948718,1.0,0.4358974358974359,0.1153846153846153,1.3333333333333333,8.974358974358974,-2.282051282051282
4,202077,6.055555555555556,0.1666666666666666,0.1666666666666666,0.3333333333333333,0.1666666666666666,0.0,0.5,0.5,0.3333333333333333,0.8333333333333334,0.5,0.1666666666666666,0.8333333333333334,1.5,-0.5
5,204020,18.843645833333333,0.28703125,0.26196875,1.0,0.33959375,0.4375,2.09375,2.53125,1.3125,0.9375,1.03125,0.28125,1.3125,5.9375,-1.96875
6,204021,0.895,0.1666666666666666,0.0,0.0,0.0,0.0,0.3333333333333333,0.3333333333333333,0.3333333333333333,0.0,0.0,0.3333333333333333,0.0,0.6666666666666666,0.3333333333333333
7,204022,5.4465625,0.2559375,0.0,0.5625,0.14375,0.625,0.9375,1.5625,0.0625,0.1875,0.375,0.1875,1.4375,1.6875,-0.3125
8,204025,21.77257575757576,0.4333636363636364,0.1818181818181818,0.9090909090909092,0.2909090909090909,0.5454545454545454,2.0,2.5454545454545454,5.454545454545454,2.272727272727273,0.7272727272727273,0.0,2.363636363636364,5.181818181818182,-0.5454545454545454
9,204028,18.973227513227517,0.5293809523809524,0.0,1.031746031746032,0.3091904761904762,2.253968253968254,3.5873015873015874,5.841269841269841,0.6666666666666666,0.7619047619047619,0.3015873015873015,0.3809523809523809,2.507936507936508,6.015873015873016,-1.253968253968254
10,203516,16.958225806451615,0.352741935483871,0.2185806451612903,1.2741935483870968,0.4241935483870968,0.8225806451612904,2.0161290322580645,2.838709677419355,0.7741935483870968,0.6290322580645161,0.4032258064516129,0.2741935483870967,1.435483870967742,5.032258064516129,-0.0967741935483871
11,203998,2.927083333333333,0.125,0.083375,0.0,0.0,0.125,0.125,0.25,0.0,0.5,0.0,0.125,0.375,1.25,-3.375
12,203512,3.841666666666667,0.25,0.0,0.3333333333333333,0.1666666666666666,0.3333333333333333,1.5,1.8333333333333333,0.1666666666666666,0.3333333333333333,0.3333333333333333,0.0,1.0,1.0,-1.8333333333333333
13,203511,6.366458333333334,0.17075,0.025,0.125,0.125,0.25,0.875,1.125,0.375,0.375,0.25,0.25,1.375,2.0,-2.5
14,204014,15.402867647058825,0.4078088235294118,0.3411470588235294,0.2352941176470588,0.11275,0.1176470588235294,0.5735294117647058,0.6911764705882353,0.7794117647058824,0.6911764705882353,0.2352941176470588,0.0735294117647058,1.161764705882353,4.75,0.4852941176470588
15,203994,17.794489247311827,0.4298387096774193,0.0,1.3548387096774193,0.407016129032258,2.0161290322580645,4.145161290322581,6.161290322580645,0.8064516129032258,1.3870967741935485,0.8387096774193549,1.096774193548387,3.338709677419355,6.870967741935484,-0.0967741935483871
16,204065,11.02777777777778,0.2223333333333333,0.3333333333333333,1.0,0.5,0.0,0.6666666666666666,0.6666666666666666,3.0,1.3333333333333333,0.6666666666666666,0.0,0.3333333333333333,2.6666666666666665,7.666666666666667
17,204079,7.9094444444444445,0.3611111111111111,0.0,0.1111111111111111,0.0555555555555555,0.7777777777777778,1.2222222222222223,2.0,0.2222222222222222,0.8888888888888888,0.1111111111111111,0.0,0.7777777777777778,1.8888888888888888,-3.7777777777777777
18,204060,21.172194092827,0.3723164556962025,0.2839240506329114,0.379746835443038,0.180379746835443,0.2784810126582278,1.9367088607594936,2.2151898734177213,2.3037974683544302,1.240506329113924,0.9113924050632912,0.1265822784810126,1.5696202531645569,5.012658227848101,-0.620253164556962
19,203475,9.532286821705426,0.3260232558139534,0.1255813953488372,0.2325581395348837,0.1395348837209302,0.1627906976744186,0.5581395348837209,0.7209302325581395,0.9069767441860463,0.3255813953488372,0.2790697674418604,0.0,0.6046511627906976,3.395348837209302,-1.8837209302325584
20,204037,13.176339869281046,0.3285294117647058,0.0934509803921568,0.392156862745098,0.1660196078431372,0.6078431372549019,1.4705882352941178,2.07843137254902,0.7843137254901961,0.6862745098039216,0.2941176470588235,0.2156862745098039,1.0784313725490196,3.901960784313725,-1.568627450980392
21,204038,32.386740740740734,0.3941777777777778,0.3266666666666666,1.4,0.4740888888888889,0.8222222222222222,3.4,4.222222222222222,3.333333333333333,1.3555555555555556,1.1555555555555554,0.2666666666666666,2.8666666666666667,11.844444444444443,-6.022222222222222
22,204054,4.701458333333333,0.085125,0.0268125,0.1875,0.125,0.3125,0.1875,0.5,0.3125,0.3125,0.125,0.0,0.375,1.75,-0.9375
23,204033,3.4833333333333334,0.0,0.0,0.0,0.0,1.0,0.0,1.0,0.5,0.0,0.0,0.0,0.5,0.0,-4.5
24,203991,7.469861111111111,0.2958333333333333,0.0,0.3333333333333333,0.0833333333333333,0.8333333333333334,2.1666666666666665,3.0,0.1666666666666666,0.4166666666666667,0.0833333333333333,0.75,1.1666666666666667,2.6666666666666665,0.6666666666666666
25,203945,2.797,0.1,0.0,0.4,0.2,0.2,0.0,0.2,0.2,0.0,0.0,0.0,0.2,0.8,-2.8
26,203921,16.590897435897435,0.3087948717948718,0.2307435897435897,0.9230769230769232,0.2948717948717949,0.5641025641025641,1.9230769230769231,2.4871794871794872,0.9230769230769232,1.0256410256410255,0.6153846153846154,0.3076923076923077,1.4615384615384617,5.384615384615385,-4.17948717948718
27,203946,3.529537037037037,0.0972222222222222,0.0,0.2222222222222222,0.1388888888888889,0.3333333333333333,0.1111111111111111,0.4444444444444444,0.0555555555555555,0.1666666666666666,0.1111111111111111,0.0555555555555555,0.4444444444444444,0.5555555555555556,-1.1111111111111112
28,203919,8.28061111111111,0.2573666666666667,0.2466666666666666,0.4666666666666667,0.1765666666666666,0.3,0.6333333333333333,0.9333333333333332,0.5333333333333333,0.4666666666666667,0.5333333333333333,0.2333333333333333,0.8,3.1333333333333333,0.5666666666666667
29,203948,10.812549019607845,0.348235294117647,0.0,0.3529411764705882,0.1372647058823529,0.7647058823529411,1.1176470588235294,1.8823529411764703,0.5,0.7352941176470589,0.1470588235294117,0.1176470588235294,1.2941176470588236,2.9411764705882355,-2.911764705882353
30,203918,21.2876,0.3813,0.34528,1.22,0.37164,0.18,2.16,2.34,1.66,0.9,0.6,0.24,2.38,8.66,1.18
31,203922,7.450619047619047,0.2392,0.0714285714285714,0.4571428571428571,0.1714285714285714,0.4285714285714285,0.6857142857142857,1.1142857142857143,0.3142857142857143,0.3142857142857143,0.1714285714285714,0.0285714285714285,0.4285714285714285,2.085714285714286,0.7714285714285715
32,203917,15.431780821917808,0.2768356164383561,0.263945205479452,0.7534246575342466,0.2853972602739726,0.1506849315068493,1.0547945205479452,1.2054794520547945,0.9178082191780822,0.547945205479452,0.273972602739726,0.2328767123287671,1.2602739726027397,4.36986301369863,-1.7534246575342465
33,203949,9.144666666666666,0.325,0.0,0.9333333333333332,0.2444666666666666,1.0,1.4666666666666666,2.466666666666667,0.1333333333333333,0.4,0.3333333333333333,0.6,1.4,4.133333333333334,0.6
34,203915,13.390049019607844,0.2578823529411765,0.1274411764705882,0.9117647058823528,0.3505,0.1176470588235294,1.2941176470588236,1.411764705882353,3.0588235294117645,0.9705882352941176,0.5588235294117647,0.1764705882352941,1.5588235294117647,4.264705882352941,-2.0588235294117645
35,203914,13.071909090909092,0.2548181818181818,0.1130181818181818,0.6363636363636364,0.2872727272727273,0.3818181818181818,0.7818181818181819,1.1636363636363636,0.5272727272727272,0.6909090909090909,0.7090909090909091,0.1272727272727272,1.290909090909091,3.418181818181818,-3.145454545454545
36,203950,6.639035087719298,0.3568947368421053,0.0,0.7894736842105263,0.1924210526315789,0.8421052631578947,0.9473684210526316,1.7894736842105263,0.2105263157894736,0.3684210526315789,0.2631578947368421,0.2631578947368421,1.3157894736842106,3.0,0.8421052631578947
37,203913,29.913771929824563,0.4420526315789474,0.357,3.3684210526315788,0.6630526315789474,0.1578947368421052,1.736842105263158,1.894736842105263,2.1052631578947367,1.6842105263157894,0.631578947368421,0.1052631578947368,1.736842105263158,11.947368421052632,-6.7368421052631575
38,203912,4.788888888888889,0.2579047619047619,0.2079523809523809,0.0952380952380952,0.0952380952380952,0.0476190476190476,0.2857142857142857,0.3333333333333333,0.3809523809523809,0.4761904761904761,0.1428571428571428,0.0476190476190476,0.3333333333333333,1.9523809523809523,-0.9047619047619048
39,203910,9.369583333333331,0.29225,0.1071428571428571,0.6071428571428571,0.2053571428571428,0.4642857142857143,0.9285714285714286,1.3928571428571428,0.3928571428571428,0.6785714285714286,0.25,0.1071428571428571,1.2142857142857142,2.642857142857143,-1.6785714285714286
40,203923,10.712096774193547,0.2993870967741935,0.1994516129032258,0.5161290322580645,0.1661290322580645,0.2903225806451613,1.064516129032258,1.3548387096774193,0.4193548387096774,0.1612903225806451,0.2580645161290322,0.064516129032258,0.7096774193548387,3.3870967741935485,0.1612903225806451
41,203937,10.85090909090909,0.2116363636363636,0.0606060606060606,0.2727272727272727,0.1141515151515151,0.1515151515151515,2.0303030303030303,2.1818181818181817,0.8484848484848485,0.303030303030303,0.4545454545454545,0.2121212121212121,0.8484848484848485,2.242424242424242,-1.0606060606060606
42,203933,15.35325,0.4781000000000001,0.0875,0.35,0.225,1.025,1.1,2.125,0.625,0.675,0.45,0.225,1.275,6.125,-2.35
43,203932,16.955851063829787,0.4580851063829787,0.1453829787234042,0.9361702127659576,0.3921914893617021,0.9787234042553192,2.617021276595745,3.595744680851064,0.7021276595744681,0.8085106382978723,0.4468085106382978,0.4680851063829787,1.7659574468085106,5.170212765957447,-3.4680851063829787
44,203939,8.150057471264368,0.3422758620689655,0.043103448275862,0.8620689655172413,0.2413793103448276,0.6206896551724138,1.103448275862069,1.7241379310344829,0.3103448275862069,0.3793103448275862,0.3103448275862069,0.2068965517241379,1.3793103448275863,3.103448275862069,-0.0344827586206896
45,203930,17.878749999999997,0.2784999999999999,0.22925,1.0,0.5,0.25,1.25,1.5,1.0,0.5,0.75,0.0,0.75,5.5,4.25
46,203940,23.113697916666663,0.394375,0.015625,0.9375,0.29428125,1.5,3.5625,5.0625,0.9375,1.375,0.59375,0.28125,2.75,6.65625,-7.625
47,203928,10.623166666666666,0.40968,0.02666,0.62,0.20834,0.94,1.96,2.9,0.32,0.4,0.2,0.42,1.22,3.66,1.52
48,203926,8.912037037037036,0.2206666666666666,0.1708333333333333,0.2777777777777778,0.1388888888888889,0.1666666666666666,1.0277777777777777,1.1944444444444444,0.1666666666666666,0.4722222222222222,0.1111111111111111,0.0277777777777777,0.8055555555555556,3.0277777777777777,-2.2777777777777777
49,203943,10.340666666666666,0.3363199999999999,0.14,0.72,0.26668,1.12,2.32,3.44,0.16,0.44,0.16,0.36,0.8,3.32,-2.68
50,203925,9.666470588235294,0.3017254901960784,0.2369215686274509,0.1764705882352941,0.0686274509803921,0.1372549019607843,0.6666666666666666,0.803921568627451,0.5098039215686274,0.5294117647058824,0.1372549019607843,0.0392156862745098,1.2156862745098038,2.6666666666666665,-2.019607843137255
51,203944,13.566666666666666,0.333,0.0,0.0,0.0,0.0,0.0,0.0,0.0,1.0,0.0,0.0,1.0,2.0,-18.0
52,203952,36.20483739837398,0.4291097560975609,0.1989634146341463,4.317073170731708,0.6865243902439024,1.6341463414634143,2.926829268292683,4.560975609756097,2.073170731707317,2.158536585365854,1.048780487804878,0.6097560975609756,2.317073170731707,16.914634146341463,-6.743902439024391
53,203909,21.80475806451613,0.379241935483871,0.2236612903225806,1.6129032258064515,0.5028225806451613,1.0483870967741935,2.177419354838709,3.225806451612903,1.1612903225806452,1.6935483870967742,0.7096774193548387,1.1290322580645162,2.032258064516129,7.854838709677419,-4.17741935483871
54,203961,0.6927777777777777,0.3333333333333333,0.0,0.0,0.0,0.0,0.3333333333333333,0.3333333333333333,0.0,0.0,0.0,0.0,0.3333333333333333,0.6666666666666666,0.3333333333333333
55,203580,18.258888888888887,0.3698333333333333,0.2360833333333333,0.1666666666666666,0.125,0.0833333333333333,1.1666666666666667,1.25,3.75,2.083333333333333,0.5,0.0,1.0833333333333333,3.8333333333333335,-6.083333333333333
56,203565,7.183333333333333,0.1875,0.0,0.0,0.0,0.5,1.0,1.5,0.0,0.25,0.25,0.0,1.5,1.5,-4.5
57,203564,5.53,0.0,0.0,0.0,0.0,0.0,0.0,0.0,0.0,0.0,1.0,0.0,1.0,0.0,-7.0
58,203963,5.408083333333333,0.31875,0.05,0.9,0.34165,0.5,0.95,1.45,0.3,0.25,0.25,0.1,0.9,2.85,0.8
59,203968,1.3616666666666666,0.0,0.0,0.0,0.0,0.5,1.0,1.5,0.0,0.5,0.0,0.0,0.0,0.0,3.0
60,203530,11.164722222222222,0.3416666666666666,0.0972083333333333,0.75,0.301375,1.125,2.083333333333333,3.208333333333333,0.5416666666666666,0.9166666666666666,0.3333333333333333,0.4166666666666667,1.7916666666666667,3.875,-4.666666666666667
61,203960,15.286261261261265,0.3883783783783784,0.1884864864864865,0.8513513513513513,0.3178918918918919,0.4729729729729729,1.7297297297297298,2.202702702702702,1.0405405405405406,1.027027027027027,0.5135135135135135,0.3513513513513513,1.8243243243243243,5.216216216216216,-4.527027027027027
62,203798,15.27274074074074,0.3186666666666666,0.2943111111111111,0.6888888888888889,0.2703555555555555,0.4888888888888889,1.5555555555555556,2.0444444444444443,0.4666666666666667,0.4888888888888889,0.4666666666666667,0.2888888888888888,1.3555555555555556,5.644444444444445,-2.333333333333333
63,203805,8.677708333333333,0.166625,0.104125,0.375,0.1875,0.125,0.5,0.625,1.0,0.5,0.75,0.125,1.25,1.875,-0.875
64,203953,29.5374,0.48812,0.08664,1.84,0.47784,2.0,3.52,5.52,1.68,1.88,1.24,0.2,1.68,12.32,-4.56
65,203906,13.010104166666666,0.235125,0.109375,0.3125,0.09375,0.3125,1.625,1.9375,1.0625,0.5625,0.5625,0.125,0.875,2.3125,-1.0
66,203903,25.013954802259885,0.4165762711864407,0.2416610169491525,2.2203389830508478,0.6133728813559322,0.9491525423728814,2.288135593220339,3.23728813559322,3.4915254237288136,1.6271186440677967,0.864406779661017,0.2033898305084746,1.847457627118644,11.915254237288137,-4.084745762711864
67,203901,30.34959349593496,0.4064634146341463,0.0813048780487804,1.4390243902439024,0.3886951219512195,1.304878048780488,2.951219512195122,4.2560975609756095,6.5,2.475609756097561,1.7317073170731707,0.2439024390243902,2.3536585365853657,8.914634146341463,-2.4878048780487805
68,203900,16.625886524822693,0.2879787234042553,0.1777021276595744,1.0,0.4237659574468085,0.3404255319148936,1.9361702127659572,2.276595744680851,0.8297872340425532,0.574468085106383,0.6595744680851063,0.2553191489361702,1.2127659574468086,4.595744680851064,-0.4893617021276595
69,203955,10.625777777777778,0.2554666666666667,0.28,1.0,0.2722,0.2,1.0,1.2,1.0,0.8,0.2666666666666666,0.0,0.4,5.333333333333333,0.0
70,203898,12.467373737373736,0.3048787878787878,0.1525151515151515,0.1515151515151515,0.0757575757575757,0.2121212121212121,0.8484848484848485,1.0606060606060606,2.212121212121212,1.2727272727272727,0.5454545454545454,0.1515151515151515,1.0909090909090908,3.6666666666666665,-1.8484848484848484
71,203897,24.69768398268398,0.408051948051948,0.2733506493506494,1.9350649350649352,0.5191298701298701,0.3506493506493506,2.4285714285714284,2.779220779220779,3.5844155844155843,2.5064935064935066,0.7012987012987013,0.1298701298701298,2.051948051948052,10.103896103896105,-7.012987012987013
72,203956,15.15421875,0.444375,0.0,0.78125,0.23696875,1.65625,3.5,5.15625,0.4375,0.96875,0.5,0.5,2.25,6.28125,1.46875
73,203894,19.83490196078431,0.3113529411764705,0.2650196078431373,0.8627450980392157,0.3071764705882353,0.3333333333333333,1.8823529411764703,2.215686274509804,2.549019607843137,1.588235294117647,0.7843137254901961,0.0784313725490196,1.4901960784313726,5.117647058823529,-0.6274509803921569
74,203957,22.159146341463416,0.3285365853658537,0.2885731707317073,0.2439024390243902,0.0975609756097561,0.3292682926829268,1.2682926829268293,1.5975609756097562,2.414634146341464,1.4390243902439024,0.5,0.1707317073170731,1.7926829268292683,4.7926829268292686,1.1341463414634143
75,203958,5.419583333333333,0.125,0.125,0.0,0.0,0.0,0.5,0.5,0.25,0.25,0.0,0.0,0.75,0.75,-1.0
76,203893,5.422222222222222,0.1175833333333333,0.0625,1.0,0.2291666666666666,0.0833333333333333,0.4166666666666667,0.5,0.6666666666666666,1.0,0.25,0.0,1.0833333333333333,2.5,1.8333333333333333
77,203935,26.988457711442788,0.3516716417910448,0.2817910447761194,1.2238805970149254,0.4057611940298507,0.9104477611940298,2.4029850746268657,3.3134328358208958,3.1044776119402986,1.3432835820895523,1.4776119402985075,0.2686567164179104,2.626865671641791,7.8059701492537314,0.835820895522388
78,203123,18.498372093023253,0.2975813953488372,0.2225581395348837,0.3023255813953488,0.1317906976744186,0.9069767441860463,1.837209302325581,2.744186046511628,1.976744186046512,1.2790697674418603,0.6744186046511628,0.3023255813953488,1.6511627906976745,4.232558139534884,-0.8604651162790697
79,203128,13.182764227642275,0.3951707317073171,0.0,0.3170731707317073,0.0975609756097561,1.902439024390244,2.3902439024390243,4.2926829268292686,0.6829268292682927,0.4146341463414634,0.4146341463414634,0.3902439024390244,2.341463414634146,2.268292682926829,-2.4878048780487805
80,203457,30.816488888888887,0.4586933333333333,0.0,1.8666666666666667,0.45588,2.466666666666667,5.68,8.146666666666667,1.7066666666666668,1.9466666666666668,1.7733333333333334,1.893333333333333,2.773333333333333,9.92,-5.76
81,203210,6.830416666666667,0.28125,0.0,0.3333333333333333,0.1666666666666666,0.7916666666666666,1.0833333333333333,1.875,0.1666666666666666,0.5833333333333334,0.2083333333333333,0.2083333333333333,1.0416666666666667,2.583333333333333,-1.0416666666666667
