,PLAYER_ID,MIN,FG_PCT,FG3_PCT,FTM,FT_PCT,OREB,DREB,REB,AST,TOV,STL,BLK,PF,PTS,PLUS_MINUS
0,1626202,9.353983739837398,0.3328780487804878,0.1162439024390244,0.4878048780487805,0.2235853658536585,0.1463414634146341,1.0731707317073171,1.2195121951219512,1.5853658536585369,0.8048780487804879,0.3658536585365853,0.0,0.7317073170731707,3.7560975609756095,-0.8048780487804879
1,1626273,16.392767295597483,0.3843584905660377,0.1886792452830188,0.5094339622641509,0.2971698113207547,0.3396226415094339,1.3584905660377358,1.69811320754717,3.4339622641509435,1.509433962264151,0.490566037735849,0.1320754716981132,1.4339622641509433,4.471698113207547,0.3584905660377358
2,1626251,24.23333333333333,0.2,0.4,0.0,0.0,2.0,2.0,4.0,1.0,0.0,1.0,0.0,2.0,6.0,-8.0
3,1626257,11.683235294117647,0.4149705882352941,0.0,0.7941176470588235,0.247235294117647,1.2058823529411764,2.411764705882353,3.6176470588235294,0.2941176470588235,0.6764705882352942,0.2352941176470588,1.0588235294117647,1.588235294117647,3.676470588235294,1.2647058823529411
4,1626196,21.2875,0.3248461538461538,0.3272307692307692,0.8076923076923077,0.3205,0.4038461538461538,1.6538461538461535,2.0576923076923075,1.4038461538461535,0.6730769230769231,0.6923076923076923,0.4807692307692308,2.0576923076923075,6.557692307692308,0.75
5,1626253,14.54404761904762,0.3212380952380952,0.2619047619047619,0.6190476190476191,0.253952380952381,0.3809523809523809,1.0952380952380951,1.4761904761904765,0.7142857142857143,0.2857142857142857,0.3333333333333333,0.2857142857142857,1.9047619047619049,3.619047619047619,-0.8095238095238095
6,1626199,10.07938596491228,0.3728947368421053,0.2171052631578947,0.7631578947368421,0.2796052631578947,0.131578947368421,1.0526315789473684,1.1842105263157894,0.7105263157894737,0.5,0.2368421052631578,0.0263157894736842,0.7368421052631579,4.0,-0.0789473684210526
7,1626245,10.3452688172043,0.3591612903225806,0.0,0.8064516129032258,0.3279677419354839,0.967741935483871,2.3225806451612905,3.290322580645161,0.8387096774193549,0.4193548387096774,0.1935483870967742,0.4193548387096774,1.0,3.3870967741935485,1.7096774193548387
8,1626214,19.89690476190476,0.3550714285714286,0.3499285714285714,0.7857142857142857,0.2976428571428571,0.5714285714285714,2.857142857142857,3.4285714285714284,1.0714285714285714,0.7857142857142857,0.7142857142857143,0.1428571428571428,1.2142857142857142,5.642857142857143,-2.7857142857142856
9,1626266,3.1333333333333337,0.0,0.0,0.0,0.0,0.0,0.5,0.5,0.0,0.0,0.5,0.0,0.5,0.0,-4.0
10,203951,5.37,0.1332,0.0,0.4,0.2,0.0,0.2,0.2,0.2,0.6,0.2,0.0,1.0,1.2,2.8
11,1626246,9.403796296296296,0.4347962962962963,0.0,1.6111111111111112,0.4548888888888889,1.351851851851852,2.240740740740741,3.592592592592593,0.3888888888888889,0.5370370370370371,0.2222222222222222,0.4259259259259259,1.0,5.5,1.0
12,1626210,6.815,0.2806,0.0,0.9,0.3299999999999999,1.4,2.4,3.8,0.5,0.6,0.4,0.5,1.5,2.9,0.1
13,1626262,1.933888888888889,0.4443333333333333,0.6666666666666666,0.0,0.0,0.0,0.3333333333333333,0.3333333333333333,0.0,0.3333333333333333,0.0,0.0,0.0,2.0,1.3333333333333333
14,1626209,17.8842194092827,0.4013417721518987,0.2751518987341772,0.620253164556962,0.2753164556962025,0.3544303797468354,1.8734177215189876,2.2278481012658227,1.379746835443038,1.2278481012658229,0.4936708860759494,0.2151898734177215,1.5696202531645569,6.050632911392405,-0.0253164556962025
15,1627362,24.09357142857143,0.3862857142857143,0.0,0.4285714285714285,0.2142857142857142,1.1428571428571428,2.4285714285714284,3.571428571428572,3.0,1.2857142857142858,1.2857142857142858,0.4285714285714285,1.7142857142857142,4.428571428571429,-9.571428571428571
16,1626242,3.503055555555555,0.2360833333333333,0.0833333333333333,0.25,0.125,0.0,0.3333333333333333,0.3333333333333333,0.0833333333333333,0.3333333333333333,0.0,0.0,0.0833333333333333,1.1666666666666667,-3.25
17,1626204,20.090714285714284,0.4835873015873016,0.0158730158730158,0.5079365079365079,0.246031746031746,1.6031746031746033,3.3492063492063493,4.9523809523809526,0.6984126984126984,0.6507936507936508,0.8571428571428571,0.365079365079365,1.968253968253968,5.53968253968254,-1.492063492063492
18,1627293,9.018958333333332,0.24925,0.0,0.5,0.15625,2.375,1.125,3.5,0.25,0.0,0.125,0.625,1.5,2.75,-0.25
19,1626146,4.494791666666666,0.3125,0.0,0.0,0.0,0.25,0.5,0.75,0.0,0.125,0.125,0.25,0.125,1.25,-1.625
20,1626158,13.764738562091503,0.4823137254901961,0.1143725490196078,1.0,0.3324901960784314,1.2156862745098038,1.431372549019608,2.647058823529412,0.6470588235294118,0.6274509803921569,0.3725490196078431,0.7843137254901961,1.803921568627451,5.627450980392157,-1.03921568627451
21,1626159,28.61711538461538,0.4059230769230769,0.2414358974358974,1.0256410256410255,0.3859102564102564,1.0384615384615383,4.128205128205129,5.166666666666667,1.5128205128205128,1.2179487179487178,0.8717948717948718,0.3333333333333333,2.358974358974359,6.435897435897436,1.4230769230769231
22,1626161,21.38704545454545,0.5114545454545455,0.0,1.2272727272727273,0.4032878787878788,2.0303030303030303,3.303030303030303,5.333333333333333,0.5606060606060606,0.696969696969697,0.7121212121212122,1.0,2.212121212121212,7.015151515151516,-1.181818181818182
23,1626162,10.656851851851853,0.3129206349206349,0.1791428571428571,0.492063492063492,0.2116349206349206,0.3968253968253968,1.7142857142857142,2.111111111111111,0.2063492063492063,0.5396825396825397,0.3492063492063492,0.1111111111111111,1.5873015873015872,3.746031746031746,-0.746031746031746
24,1626164,27.732434210526318,0.4099736842105263,0.3142763157894737,2.8289473684210527,0.5536315789473685,0.3552631578947368,2.1052631578947367,2.460526315789474,2.631578947368421,2.1052631578947367,0.5789473684210527,0.2631578947368421,2.960526315789474,13.789473684210526,-4.907894736842105
25,1626166,12.238830409356725,0.3401578947368421,0.2333333333333333,0.3333333333333333,0.1622807017543859,0.1578947368421052,1.3333333333333333,1.4912280701754386,1.894736842105263,0.7719298245614035,0.631578947368421,0.1052631578947368,1.4035087719298245,4.964912280701754,-0.4912280701754385
26,1626163,21.081152263374484,0.4020493827160494,0.3274567901234568,1.3333333333333333,0.3744691358024691,0.8518518518518519,3.2839506172839505,4.135802469135802,1.2098765432098766,0.7160493827160493,0.4691358024691358,0.5308641975308642,1.5555555555555556,7.481481481481482,-0.2222222222222222
27,1626157,32.03030487804878,0.5454268292682927,0.2193048780487805,2.7195121951219514,0.6664146341463415,2.792682926829268,7.670731707317073,10.46341463414634,1.9634146341463412,2.231707317073171,0.7073170731707317,1.6829268292682926,2.9878048780487805,18.32926829268293,-1.5975609756097562
28,1626148,20.64367816091954,0.2940689655172414,0.2672068965517241,0.5862068965517241,0.3045862068965517,0.3103448275862069,2.103448275862069,2.413793103448276,0.6551724137931034,0.5172413793103449,0.4827586206896552,0.1724137931034483,1.1724137931034482,3.9655172413793114,-1.206896551724138
29,1626145,15.47891891891892,0.3467567567567567,0.2004594594594594,0.7567567567567568,0.3468648648648648,0.1891891891891892,1.0810810810810811,1.2702702702702702,2.918918918918919,0.8918918918918919,0.8378378378378378,0.081081081081081,0.8918918918918919,4.216216216216216,-3.6486486486486487
30,1626149,9.707991452991454,0.4896923076923076,0.0,0.6153846153846154,0.2141025641025641,0.6410256410256411,1.0256410256410255,1.6666666666666667,0.4358974358974359,0.4358974358974359,0.282051282051282,0.282051282051282,1.2307692307692308,3.58974358974359,0.9743589743589745
31,1626144,30.410098039215686,0.3523235294117647,0.2610588235294117,2.0588235294117645,0.5422941176470588,0.4705882352941176,2.9411764705882355,3.411764705882353,5.470588235294118,3.1911764705882355,0.9558823529411764,0.5147058823529411,2.073529411764706,12.823529411764708,-1.7352941176470589
32,1626143,30.01066037735849,0.5128679245283019,0.0188679245283018,2.509433962264151,0.5723207547169811,2.30188679245283,4.735849056603773,7.037735849056604,1.2264150943396226,2.339622641509434,0.4150943396226415,1.150943396226415,2.641509433962264,17.50943396226415,-9.320754716981131
33,204456,19.826440329218105,0.4534444444444444,0.2215925925925925,0.3209876543209876,0.1502098765432098,0.5308641975308642,2.555555555555556,3.08641975308642,4.530864197530864,1.728395061728395,1.1728395061728396,0.1234567901234567,1.4074074074074074,6.08641975308642,-3.4074074074074074
34,204098,17.449523809523807,0.3355714285714286,0.3571428571428571,0.5,0.2857142857142857,0.2142857142857142,2.0,2.2142857142857144,1.5714285714285714,1.0714285714285714,0.9285714285714286,0.2142857142857142,1.7857142857142858,5.714285714285714,-1.7857142857142858
35,1626151,4.442857142857143,0.1746190476190476,0.1428571428571428,0.238095238095238,0.0714285714285714,0.1904761904761904,0.5238095238095238,0.7142857142857143,0.0952380952380952,0.1904761904761904,0.2857142857142857,0.0,0.4761904761904761,0.8571428571428571,-0.3333333333333333
36,1626153,8.491666666666665,0.2751481481481481,0.074074074074074,0.9629629629629628,0.2777777777777778,0.2962962962962963,1.0740740740740742,1.3703703703703705,1.148148148148148,0.5925925925925926,0.2962962962962963,0.1111111111111111,0.2592592592592592,3.814814814814815,0.4814814814814814
37,1626154,8.73800925925926,0.2646388888888888,0.2263888888888889,0.1666666666666666,0.0972222222222222,0.0555555555555555,0.9722222222222222,1.0277777777777777,0.3611111111111111,0.3055555555555556,0.3888888888888889,0.1111111111111111,0.8055555555555556,2.6944444444444446,-0.7777777777777778
38,1626155,2.0494444444444446,0.0,0.0,0.0,0.0,0.0,0.3333333333333333,0.3333333333333333,0.0,0.0,0.3333333333333333,0.0,0.0,0.0,-0.6666666666666666
39,1626156,28.2385,0.407425,0.3189,1.75,0.481175,0.5875,2.8375,3.425,3.325,2.45,1.1625,0.1625,1.775,13.175,-6.825
40,204067,5.644871794871794,0.2649230769230769,0.2225384615384615,0.3076923076923077,0.1538461538461538,0.0769230769230769,0.8076923076923077,0.8846153846153846,0.1923076923076923,0.0384615384615384,0.1923076923076923,0.0384615384615384,0.1923076923076923,2.423076923076923,-1.2692307692307692
41,1626167,22.786416666666664,0.4747666666666666,0.05,1.4666666666666666,0.4669833333333333,1.1333333333333333,4.4,5.533333333333333,0.6833333333333333,1.1166666666666667,0.4166666666666667,1.4333333333333331,2.6333333333333333,10.316666666666666,-1.15
42,1626192,4.219607843137255,0.139235294117647,0.0808823529411764,0.1470588235294117,0.088235294117647,0.3235294117647059,0.6176470588235294,0.9411764705882352,0.2941176470588235,0.2941176470588235,0.0588235294117647,0.0,0.1764705882352941,1.0588235294117647,-0.3823529411764705
43,1626168,17.279916666666665,0.383225,0.2077,0.7125,0.2770875,0.7375,3.0,3.7375,0.7375,0.8125,0.325,0.225,1.425,6.1,-0.5625
44,1626178,21.22264367816092,0.3933103448275862,0.0545862068965517,1.2758620689655171,0.4482758620689655,1.3448275862068966,3.9655172413793114,5.310344827586207,1.4827586206896552,0.896551724137931,1.3448275862068966,0.5517241379310345,2.103448275862069,5.758620689655173,-2.103448275862069
45,1626179,7.982692307692307,0.2063333333333333,0.1111025641025641,0.2051282051282051,0.1153846153846153,0.6153846153846154,1.0,1.6153846153846154,0.9487179487179488,0.4871794871794871,0.1538461538461538,0.0256410256410256,0.5897435897435898,1.8461538461538465,-1.1794871794871795
46,1626181,14.800544217687076,0.3016938775510204,0.1870816326530612,0.8775510204081632,0.2320408163265306,0.3265306122448979,1.9387755102040816,2.26530612244898,0.9591836734693876,0.6530612244897959,0.5918367346938775,0.2040816326530612,1.2040816326530612,5.571428571428571,1.346938775510204
47,203962,10.996666666666666,0.4668,0.6,0.0,0.0,0.4,1.6,2.0,0.0,0.6,0.2,0.4,0.6,2.8,0.4
48,1626176,6.1,1.0,0.0,0.0,0.0,1.0,0.0,1.0,0.0,0.0,0.0,0.0,1.0,4.0,-10.0
49,1626183,4.810833333333333,0.1666666666666666,0.0,0.1666666666666666,0.1666666666666666,0.3333333333333333,0.3333333333333333,0.6666666666666666,0.0,0.0,0.0,0.1666666666666666,0.3333333333333333,0.8333333333333334,-2.5
50,1626185,14.057037037037036,0.4791481481481481,0.0,1.6666666666666667,0.3848518518518518,1.4444444444444444,1.7407407407407407,3.185185185185185,0.5555555555555556,0.7037037037037037,0.2962962962962963,0.2592592592592592,2.1481481481481484,5.666666666666667,-1.4444444444444444
51,1626191,15.099375,0.397125,0.28125,0.4583333333333333,0.1854166666666666,1.0416666666666667,1.7916666666666667,2.833333333333333,0.375,0.625,1.1666666666666667,0.5,1.625,4.666666666666667,-4.958333333333333
52,1626147,11.76139393939394,0.3320909090909091,0.1732,0.8,0.3181818181818182,0.3272727272727272,2.0727272727272728,2.4,0.5272727272727272,0.4363636363636363,0.3454545454545454,0.4545454545454545,0.8181818181818182,3.7818181818181817,0.1272727272727272
53,1626169,23.11057077625571,0.3673835616438356,0.267013698630137,1.095890410958904,0.3993013698630137,0.7945205479452054,3.3972602739726026,4.191780821917808,1.6164383561643836,1.5616438356164384,0.7534246575342466,0.1643835616438356,2.4383561643835616,8.123287671232877,-1.8904109589041096
54,1626170,16.641754385964912,0.341,0.1423157894736842,1.263157894736842,0.3914342105263158,0.3026315789473684,1.5789473684210529,1.881578947368421,2.3289473684210527,1.144736842105263,0.6578947368421053,0.131578947368421,1.2763157894736843,5.605263157894737,-2.1842105263157894
55,1626171,17.77548387096774,0.3929193548387097,0.1666774193548387,0.7741935483870968,0.3360322580645161,1.9838709677419355,3.4516129032258065,5.435483870967742,0.8387096774193549,0.8709677419354839,0.4032258064516129,0.3548387096774194,1.6129032258064515,7.032258064516129,-2.870967741935484
56,204002,6.604545454545455,0.3424545454545454,0.0,0.2727272727272727,0.1363636363636363,0.6363636363636364,1.2727272727272727,1.9090909090909087,0.2727272727272727,0.4545454545454545,0.0909090909090909,0.5454545454545454,0.7272727272727273,2.272727272727273,-0.9090909090909092
57,204001,28.423078703703705,0.4130972222222222,0.2939305555555556,2.7916666666666665,0.6923611111111111,1.8333333333333333,5.472222222222222,7.305555555555555,1.3055555555555556,1.6805555555555556,0.7361111111111112,1.8611111111111112,2.8472222222222223,14.27777777777778,0.1666666666666666
58,203999,21.656895833333333,0.5041249999999999,0.219775,1.925,0.516725,2.2625,4.7375,7.0,2.3625,1.3,0.9875,0.625,2.6,9.95,1.1625
59,1626172,4.119666666666666,0.5,0.2,0.0,0.0,0.8,1.2,2.0,0.0,0.2,0.0,0.0,0.4,1.8,-4.4
60,1626173,14.295619047619049,0.2532142857142857,0.2325428571428571,0.1714285714285714,0.0738142857142857,0.1571428571428571,1.1,1.2571428571428571,0.5571428571428572,0.4,0.4142857142857143,0.2285714285714285,1.042857142857143,3.1,-2.071428571428572
61,203996,7.817583333333333,0.2116,0.075,0.35,0.125,0.1,1.45,1.55,0.5,0.55,0.3,0.15,0.55,1.8,-2.2
62,1626174,8.517549019607841,0.2480588235294118,0.1764705882352941,0.7647058823529411,0.1794117647058823,0.7647058823529411,1.4705882352941178,2.235294117647059,0.1764705882352941,0.1176470588235294,0.2941176470588235,0.4117647058823529,0.6470588235294118,3.588235294117647,-2.8823529411764706
63,1626175,3.5736458333333334,0.29375,0.0,0.3125,0.21875,0.375,0.4375,0.8125,0.0625,0.0625,0.0,0.6875,0.3125,1.3125,0.375
64,203934,11.282857142857145,0.2142285714285714,0.1466571428571428,0.4571428571428571,0.1904857142857142,0.1142857142857142,1.3142857142857145,1.4285714285714286,1.1142857142857143,0.6571428571428571,0.2571428571428571,0.0571428571428571,1.2857142857142858,2.4,0.9428571428571428
65,203186,10.913675213675214,0.5209230769230769,0.0,0.7692307692307693,0.2288461538461538,1.2564102564102564,1.871794871794872,3.128205128205128,0.2564102564102564,0.4102564102564102,0.1538461538461538,0.7692307692307693,1.205128205128205,4.666666666666667,-2.051282051282051
66,203895,8.906893939393939,0.3602727272727273,0.2318181818181818,0.9545454545454546,0.3238636363636363,0.1818181818181818,0.7272727272727273,0.9090909090909092,1.1363636363636365,0.6818181818181818,0.1363636363636363,0.0454545454545454,0.7727272727272727,4.5,2.0
67,203648,3.125,0.8335,0.0,0.0,0.0,0.0,0.5,0.5,0.0,0.0,0.0,0.0,1.0,3.0,-3.0
68,203613,14.778727272727272,0.5008545454545454,0.2151454545454545,1.2545454545454546,0.3662909090909091,0.2909090909090909,1.4545454545454546,1.7454545454545454,1.0545454545454545,0.9636363636363636,0.4363636363636363,0.0909090909090909,1.8727272727272728,6.0181818181818185,1.709090909090909
69,203526,18.50125514403292,0.4150123456790123,0.3787777777777777,0.6419753086419753,0.3107037037037037,0.2098765432098765,1.271604938271605,1.4814814814814814,2.1481481481481484,1.345679012345679,0.7654320987654321,0.0246913580246913,1.5061728395061729,5.876543209876544,0.9382716049382716
70,201619,3.8158,0.21336,0.0,0.2,0.1,0.48,0.56,1.04,0.12,0.28,0.16,0.2,0.44,0.92,-0.12
71,202353,6.794999999999999,0.2995833333333333,0.0,0.1666666666666666,0.0833333333333333,0.5,0.75,1.25,0.1666666666666666,0.6666666666666666,0.0833333333333333,0.1666666666666666,1.5833333333333333,2.0,-1.3333333333333333
72,202357,17.91338888888889,0.4237166666666667,0.29,0.6666666666666666,0.2361,0.8166666666666667,2.683333333333333,3.5,1.3666666666666667,0.7833333333333333,0.4333333333333333,0.35,2.566666666666667,5.133333333333334,-2.1166666666666667
