,PLAYER_ID,MIN,FG_PCT,FG3_PCT,FTM,FT_PCT,OREB,DREB,REB,AST,TOV,STL,BLK,PF,PTS,PLUS_MINUS
0,203107,12.617690058479532,0.3815087719298245,0.1286491228070175,0.4035087719298245,0.1608245614035087,0.4385964912280701,1.0175438596491229,1.456140350877193,1.6140350877192982,0.6666666666666666,0.4561403508771929,0.1052631578947368,1.0526315789473684,2.701754385964912,0.2105263157894736
1,1626254,10.35796875,0.33159375,0.015625,0.59375,0.284375,0.6875,1.3125,2.0,0.25,0.375,0.46875,0.25,0.9375,3.0625,-0.0625
2,1626780,13.60058823529412,0.2681176470588235,0.2131176470588235,1.2352941176470589,0.3063529411764706,0.0588235294117647,1.2352941176470589,1.2941176470588236,1.5294117647058822,1.2352941176470589,0.4705882352941176,0.0,1.2352941176470589,6.235294117647059,-4.882352941176471
3,1627098,17.08972602739726,0.3501643835616438,0.1518219178082192,1.0273972602739727,0.3910958904109589,0.136986301369863,1.547945205479452,1.6849315068493151,2.643835616438356,1.3013698630136987,0.5342465753424658,0.0136986301369863,1.5342465753424657,5.356164383561644,0.4383561643835616
4,1627733,13.340542635658917,0.2765116279069767,0.2437674418604651,0.0930232558139534,0.0542558139534883,0.5348837209302325,1.8604651162790695,2.395348837209302,0.5348837209302325,0.7441860465116279,0.2325581395348837,0.5116279069767442,1.7209302325581397,3.395348837209302,-0.5813953488372093
5,1627734,20.141831275720165,0.3927777777777778,0.2821481481481481,0.5432098765432098,0.1831234567901234,0.5679012345679012,2.9876543209876543,3.555555555555556,1.0123456790123455,1.0246913580246917,0.4814814814814814,0.3950617283950617,2.469135802469136,5.91358024691358,0.1975308641975308
6,1627735,12.271363636363636,0.2787575757575757,0.0757575757575757,0.9393939393939394,0.2613636363636363,0.3333333333333333,1.0606060606060606,1.393939393939394,1.8484848484848484,1.181818181818182,0.5454545454545454,0.2121212121212121,1.2121212121212122,3.212121212121212,-4.212121212121212
7,1627736,7.495227272727272,0.3578181818181818,0.1713181818181818,0.3636363636363636,0.1477272727272727,0.2272727272727272,0.5454545454545454,0.7727272727272727,0.5,0.3636363636363636,0.3181818181818182,0.0,0.4545454545454545,3.772727272727273,2.636363636363636
8,1627737,21.260487804878046,0.4482195121951219,0.2909756097560975,1.3780487804878048,0.4025121951219512,1.170731707317073,3.073170731707317,4.243902439024391,0.7317073170731707,1.3170731707317074,0.8170731707317073,0.8536585365853658,3.207317073170732,9.182926829268292,-4.658536585365853
9,1627738,6.612500000000001,0.2696666666666666,0.0,0.2777777777777778,0.1277777777777777,0.5555555555555556,1.1111111111111112,1.6666666666666667,0.0555555555555555,0.2222222222222222,0.0833333333333333,0.4722222222222222,1.1111111111111112,1.6111111111111112,-1.1666666666666667
10,1627739,17.08974358974359,0.3299102564102564,0.182051282051282,0.4615384615384615,0.1946538461538461,0.3076923076923077,1.8205128205128205,2.128205128205128,2.41025641025641,1.141025641025641,1.0,0.4615384615384615,2.282051282051282,3.756410256410256,-1.6923076923076923
11,1627740,7.6970175438596495,0.3323157894736842,0.1863684210526315,0.2105263157894736,0.1157894736842105,0.4210526315789473,1.736842105263158,2.1578947368421053,0.3684210526315789,0.7368421052631579,0.0526315789473684,0.0526315789473684,0.3157894736842105,3.1578947368421053,-0.1578947368421052
12,1627741,23.026626016260163,0.4130853658536585,0.3761341463414634,0.7804878048780488,0.338219512195122,0.4268292682926829,2.8536585365853657,3.2804878048780486,1.475609756097561,1.2317073170731707,0.4634146341463415,0.1097560975609756,1.4024390243902438,10.560975609756095,-2.5853658536585367
13,1627743,3.402666666666667,0.3334,0.2,0.6,0.15,0.4,0.4,0.8,0.6,0.0,0.0,0.0,0.0,2.0,0.2
14,1627744,3.0722222222222224,0.222,0.0,0.0,0.0,0.3333333333333333,0.6666666666666666,1.0,0.3333333333333333,0.3333333333333333,0.6666666666666666,0.3333333333333333,0.0,1.3333333333333333,2.333333333333333
15,1626203,6.99641975308642,0.2827037037037037,0.2407407407407407,0.3703703703703703,0.1728518518518518,0.1851851851851851,0.6296296296296297,0.8148148148148148,0.2222222222222222,0.1111111111111111,0.2222222222222222,0.037037037037037,0.6666666666666666,2.111111111111111,-1.4444444444444444
16,1627745,8.508333333333333,0.3666999999999999,0.0,0.3,0.15,0.9,1.4,2.3,0.0,0.6,0.1,0.4,1.5,1.9,-2.8
17,1626184,11.501602564102562,0.3630769230769231,0.2206538461538461,1.5769230769230769,0.5576923076923077,0.2307692307692307,1.0,1.2307692307692308,1.3076923076923077,0.7307692307692307,0.3461538461538461,0.0769230769230769,1.5,5.269230769230769,-0.3846153846153846
18,1626188,13.39,0.3995714285714286,0.3512142857142857,0.1428571428571428,0.0714285714285714,0.0714285714285714,0.4285714285714285,0.5,1.8571428571428568,0.9285714285714286,0.2857142857142857,0.0,0.9285714285714286,5.642857142857143,-2.9285714285714284
19,1626195,18.394583333333333,0.4860416666666666,0.0370277777777777,1.2638888888888888,0.3869027777777777,2.361111111111111,4.611111111111111,6.972222222222222,1.3333333333333333,1.3888888888888888,0.5694444444444444,0.5,2.083333333333333,8.152777777777779,-0.75
20,1627746,18.53449494949495,0.484969696969697,0.0909090909090909,1.5757575757575757,0.4424545454545454,1.5454545454545454,3.363636363636364,4.909090909090909,0.8181818181818182,1.121212121212121,0.4848484848484848,0.3939393939393939,1.9393939393939397,8.757575757575758,-1.2424242424242424
21,1627747,21.69941520467836,0.4400350877192983,0.3240701754385965,1.1754385964912282,0.393719298245614,0.4035087719298245,2.8947368421052637,3.298245614035088,1.9298245614035088,1.0350877192982455,0.8596491228070176,0.1403508771929824,1.5964912280701755,8.210526315789474,-1.6140350877192982
22,1627748,9.86295321637427,0.4323333333333333,0.2442280701754385,0.5614035087719298,0.2575964912280701,0.7017543859649122,1.2982456140350878,2.0,0.4035087719298245,0.2982456140350877,0.175438596491228,0.4561403508771929,1.4736842105263157,3.9649122807017534,-0.4736842105263157
23,1627791,3.288888888888889,0.0,0.0,0.0,0.0,0.0,0.6666666666666666,0.6666666666666666,0.0,0.3333333333333333,0.0,0.0,0.3333333333333333,0.0,-4.0
24,1627812,26.021992753623184,0.3981739130434782,0.3384347826086957,1.608695652173913,0.4927608695652174,0.4347826086956521,1.9782608695652173,2.4130434782608696,3.739130434782609,1.5217391304347827,0.9130434782608696,0.1956521739130435,1.9565217391304348,10.043478260869565,-2.5434782608695654
25,1627815,9.558777777777776,0.2268,0.125,0.7666666666666667,0.2294333333333333,0.1333333333333333,1.0,1.1333333333333333,0.5,0.1666666666666666,0.2666666666666666,0.0666666666666666,0.5666666666666667,3.0,-1.8333333333333333
26,1627816,26.13888888888889,0.4308333333333333,0.2023333333333333,1.3333333333333333,0.5555,1.8333333333333333,3.0,4.833333333333333,0.8333333333333334,0.5,0.5,0.3333333333333333,2.333333333333333,10.666666666666666,-6.0
27,1627817,5.002604166666667,0.3685625,0.2125,0.0,0.0,0.25,0.625,0.875,0.6875,0.6875,0.125,0.1875,0.375,1.9375,0.0625
28,1627819,13.0,0.08325,0.0,0.25,0.125,0.25,0.5,0.75,0.75,0.0,0.25,0.25,1.5,0.75,-4.75
29,1627823,13.579059139784944,0.3721935483870968,0.2490806451612903,0.9193548387096774,0.3911290322580645,0.6935483870967742,2.3225806451612905,3.0161290322580645,0.4677419354838709,0.5,0.4838709677419355,0.1935483870967742,1.0,4.919354838709677,-0.5483870967741935
30,1627826,16.013552631578946,0.4545,0.0,0.8421052631578947,0.3793947368421053,1.0789473684210529,3.1052631578947367,4.184210526315789,0.7894736842105263,0.7894736842105263,0.3684210526315789,0.868421052631579,1.736842105263158,7.473684210526316,-3.526315789473684
31,1627827,20.26965020576132,0.3432962962962962,0.2404938271604938,0.5679012345679012,0.2253086419753086,0.6790123456790124,2.061728395061728,2.740740740740741,0.8271604938271605,0.5555555555555556,0.6419753086419753,0.3086419753086419,1.5432098765432098,4.320987654320987,-1.4814814814814814
32,1627832,7.940810810810811,0.2631621621621621,0.2072162162162162,0.4864864864864865,0.1621621621621621,0.1081081081081081,1.027027027027027,1.135135135135135,0.945945945945946,0.4054054054054054,0.4324324324324324,0.081081081081081,0.972972972972973,2.891891891891892,1.7567567567567568
33,1627834,16.13712121212121,0.4815454545454545,0.0,0.5454545454545454,0.2386363636363636,1.0909090909090908,2.8181818181818183,3.909090909090909,0.9090909090909092,1.0909090909090908,0.1363636363636363,0.7727272727272727,2.0,5.636363636363637,-1.3636363636363635
34,1627835,19.167727272727276,0.31075,0.2377727272727272,0.7045454545454546,0.2973636363636363,0.3409090909090909,2.5,2.840909090909091,0.8181818181818182,0.9090909090909092,0.3409090909090909,0.3636363636363636,1.7727272727272727,5.454545454545454,0.3409090909090909
35,1627789,17.245072463768118,0.368,0.2483623188405797,1.5217391304347827,0.4946811594202899,0.3623188405797101,1.7971014492753623,2.1594202898550723,1.0869565217391304,1.0579710144927537,0.463768115942029,0.144927536231884,2.231884057971014,6.449275362318841,-0.8260869565217391
36,1627848,12.978611111111112,0.4985555555555556,0.1852222222222222,1.0555555555555556,0.3121666666666666,2.2777777777777777,2.4444444444444446,4.722222222222222,0.7222222222222222,0.7222222222222222,0.5,0.5,2.7222222222222223,8.222222222222221,1.1111111111111112
37,1627850,8.103809523809522,0.2477619047619047,0.0,0.3809523809523809,0.1428571428571428,1.0952380952380951,1.3333333333333333,2.4285714285714284,0.4761904761904761,0.5714285714285714,0.1904761904761904,0.1904761904761904,1.0952380952380951,1.9047619047619049,-0.1428571428571428
38,1627851,14.945710784313723,0.3520147058823529,0.2503529411764706,0.8088235294117647,0.3370147058823529,0.6911764705882353,1.161764705882353,1.8529411764705883,1.0147058823529411,0.75,0.4264705882352941,0.1617647058823529,1.161764705882353,6.25,-0.0441176470588235
39,1627852,9.655154320987654,0.2244259259259259,0.1888888888888888,0.3148148148148148,0.162037037037037,0.4814814814814814,1.2777777777777777,1.7592592592592593,0.8703703703703703,0.4814814814814814,0.3148148148148148,0.1481481481481481,0.7962962962962963,2.7777777777777777,-1.9814814814814812
40,1627854,7.913749999999999,0.227,0.1702777777777777,0.1388888888888889,0.0694444444444444,0.0555555555555555,0.5833333333333334,0.6388888888888888,0.6388888888888888,0.3055555555555556,0.0277777777777777,0.0,0.5555555555555556,2.611111111111111,-1.4166666666666667
41,1627855,13.462142857142858,0.3147428571428571,0.2142857142857142,0.5714285714285714,0.2666571428571428,0.7142857142857143,1.6285714285714286,2.342857142857143,0.6,0.5142857142857142,0.2857142857142857,0.2857142857142857,1.4857142857142858,2.8,1.9428571428571428
42,1627861,12.591666666666663,0.1665,0.0,0.0,0.0,1.0,0.5,1.5,0.5,0.5,0.0,0.0,1.0,1.0,-8.5
43,1627863,0.8266666666666667,0.0,0.0,0.0,0.0,0.0,1.0,1.0,0.0,0.0,0.0,0.0,0.0,0.0,0.0
44,1627868,8.623333333333333,0.0,0.0,0.0,0.0,0.2,1.2,1.4,0.0,0.6,0.0,0.0,0.8,0.0,-2.8
45,1627875,9.503333333333334,0.1,0.2,1.8,0.55,0.2,1.6,1.8,0.6,0.4,0.2,0.0,1.0,2.8,-5.0
46,1627879,9.664074074074072,0.2712777777777778,0.1990555555555555,0.5,0.2222222222222222,0.0555555555555555,0.5,0.5555555555555556,1.5555555555555556,1.0555555555555556,0.2222222222222222,0.0555555555555555,1.0555555555555556,3.2777777777777777,-2.4444444444444446
47,1627884,17.04375,0.52715625,0.05728125,0.90625,0.34165625,1.21875,1.25,2.46875,0.375,0.40625,0.4375,0.40625,1.96875,5.25,1.03125
48,1628021,19.86208333333333,0.50775,0.05,1.25,0.38085,0.85,2.3,3.15,0.7,0.55,0.65,0.35,1.8,6.0,0.5
49,1627849,3.942280701754386,0.2763157894736842,0.0,0.0,0.0,0.2631578947368421,0.8947368421052632,1.1578947368421053,0.1578947368421052,0.1578947368421052,0.1052631578947368,0.0,0.8947368421052632,1.263157894736842,-1.5789473684210529
50,1627787,3.134523809523809,0.1785714285714285,0.2142857142857142,0.0714285714285714,0.0357142857142857,0.2857142857142857,0.4285714285714285,0.7142857142857143,0.1428571428571428,0.3571428571428571,0.2142857142857142,0.0714285714285714,0.2857142857142857,0.9285714285714286,-2.7142857142857144
51,1627785,22.513310502283105,0.4138219178082192,0.2244109589041096,1.2465753424657535,0.3938356164383562,0.4383561643835616,2.0821917808219177,2.5205479452054798,2.6301369863013697,1.9452054794520548,0.5753424657534246,0.4931506849315068,2.3972602739726026,7.438356164383562,-1.5890410958904109
52,1627749,8.460043859649124,0.3062894736842105,0.1035,0.5526315789473685,0.1820263157894736,0.1578947368421052,0.9473684210526316,1.105263157894737,1.263157894736842,1.0,0.2105263157894736,0.1578947368421052,0.7631578947368421,3.421052631578948,0.0263157894736842
53,1627750,21.520040650406504,0.3723170731707317,0.2900365853658537,1.2926829268292683,0.4782560975609756,0.5,2.109756097560976,2.609756097560976,2.073170731707317,1.3780487804878048,0.6219512195121951,0.2926829268292683,1.5121951219512195,9.890243902439025,0.9390243902439024
54,1627751,11.600555555555555,0.4532407407407408,0.0,0.5740740740740741,0.2376666666666666,1.4444444444444444,1.6111111111111112,3.055555555555556,0.2222222222222222,0.5370370370370371,0.3148148148148148,0.3703703703703703,2.092592592592593,3.055555555555556,-0.1111111111111111
55,1627752,16.634604519774012,0.355,0.1711694915254237,1.2542372881355932,0.4124237288135593,0.423728813559322,2.23728813559322,2.6610169491525424,0.9322033898305084,1.0338983050847457,0.7288135593220338,0.4576271186440678,1.6271186440677967,5.677966101694915,-0.4915254237288136
56,1627754,3.465,0.119,0.0,0.5714285714285714,0.2857142857142857,0.1428571428571428,0.7142857142857143,0.8571428571428571,0.0,0.2857142857142857,0.0,0.1428571428571428,0.7142857142857143,1.4285714285714286,-3.857142857142857
57,1627755,18.405409836065573,0.3848360655737705,0.1350819672131147,0.9016393442622952,0.3237704918032787,0.3278688524590163,1.2295081967213115,1.5573770491803278,3.704918032786885,1.2622950819672132,0.7868852459016393,0.081967213114754,1.1967213114754098,7.278688524590164,-2.3278688524590163
58,1627756,17.13207602339181,0.2899649122807017,0.2817017543859649,0.2456140350877192,0.1271929824561403,0.1929824561403508,2.456140350877193,2.649122807017544,1.105263157894737,0.8596491228070176,0.5263157894736842,0.1228070175438596,1.5087719298245614,5.105263157894737,-0.3157894736842105
59,1627757,5.671578947368421,0.2491052631578947,0.0,0.1578947368421052,0.0789473684210526,0.5789473684210527,1.263157894736842,1.8421052631578947,0.2105263157894736,0.1578947368421052,0.1052631578947368,0.2631578947368421,0.8947368421052632,1.2105263157894737,-2.1052631578947367
60,1627758,16.481410256410257,0.305,0.1926923076923077,0.5384615384615384,0.22275,0.2307692307692307,1.6538461538461535,1.8846153846153848,2.0576923076923075,1.0769230769230769,0.6538461538461539,0.1538461538461538,1.4230769230769231,4.134615384615385,-1.0769230769230769
61,1627759,17.196495726495726,0.4071282051282051,0.2211410256410256,1.0897435897435896,0.3811794871794872,0.5769230769230769,2.243589743589744,2.8205128205128207,0.8205128205128205,0.8717948717948718,0.4487179487179487,0.2307692307692307,1.8205128205128205,6.602564102564102,-1.5769230769230769
62,1627761,9.756315789473684,0.3559210526315789,0.0131578947368421,0.1578947368421052,0.0719210526315789,0.3684210526315789,1.1842105263157894,1.5526315789473684,0.7368421052631579,0.4210526315789473,0.2105263157894736,0.131578947368421,0.5526315789473685,2.6578947368421053,-1.236842105263158
63,1627762,4.377777777777777,0.367,0.0833333333333333,0.25,0.125,0.3333333333333333,1.0833333333333333,1.4166666666666667,0.1666666666666666,0.1666666666666666,0.0833333333333333,0.1666666666666666,0.0833333333333333,1.8333333333333333,1.0
64,1627786,18.55288888888889,0.3677333333333333,0.1661,0.7,0.2008,0.5,1.8,2.3,0.8333333333333334,1.0666666666666669,0.9,0.3333333333333333,2.0,6.166666666666667,-2.533333333333333
65,1627763,26.431866666666664,0.4592933333333334,0.35572,1.4533333333333334,0.5306533333333333,0.6266666666666667,2.2133333333333334,2.84,4.226666666666667,1.5066666666666666,1.12,0.16,1.8666666666666667,10.226666666666668,1.16
66,1627770,9.18452380952381,0.3268095238095238,0.0833333333333333,0.8333333333333334,0.2351190476190476,0.0714285714285714,0.9047619047619048,0.9761904761904762,1.380952380952381,0.7142857142857143,0.4285714285714285,0.1666666666666666,0.9047619047619048,3.952380952380953,-1.261904761904762
67,1627771,3.5055555555555555,0.0555555555555555,0.0,0.2222222222222222,0.1111111111111111,0.2222222222222222,0.1111111111111111,0.3333333333333333,0.2222222222222222,0.0,0.0,0.0,0.2222222222222222,0.4444444444444444,-0.3333333333333333
68,1627773,7.4196212121212115,0.2637727272727272,0.1742272727272727,0.4090909090909091,0.1704545454545454,0.3636363636363636,1.2727272727272727,1.6363636363636365,0.1818181818181818,0.4545454545454545,0.0454545454545454,0.5909090909090909,0.9545454545454546,2.1818181818181817,-0.2272727272727272
69,1627774,7.107904761904762,0.1985714285714285,0.1470571428571428,0.3714285714285714,0.1514285714285714,0.1714285714285714,0.5142857142857142,0.6857142857142857,0.3142857142857143,0.3142857142857143,0.2571428571428571,0.0857142857142857,0.6285714285714286,2.2285714285714286,-0.0285714285714285
70,1627775,15.126690140845067,0.3849859154929577,0.2474225352112676,0.4084507042253521,0.1936619718309859,0.2957746478873239,1.1126760563380282,1.408450704225352,1.0845070422535212,0.5070422535211268,0.4507042253521127,0.2112676056338028,0.8732394366197183,3.971830985915493,-0.6056338028169014
71,1627777,4.031811594202899,0.1985217391304347,0.0144782608695652,0.0869565217391304,0.0434782608695652,0.0869565217391304,0.6521739130434783,0.7391304347826086,0.217391304347826,0.217391304347826,0.1304347826086956,0.0,0.2608695652173913,0.9130434782608696,0.1304347826086956
72,1627778,10.32,0.6,0.0,0.8,0.4,0.4,1.6,2.0,0.6,0.8,0.6,0.2,1.2,2.8,-9.0
73,1627780,16.538888888888888,0.3473333333333333,0.0833333333333333,0.5,0.1945,0.0,2.0,2.0,2.1666666666666665,1.6666666666666667,0.5,0.6666666666666666,1.5,3.333333333333333,-9.666666666666666
74,1627781,9.005378787878788,0.3598181818181818,0.2158636363636363,0.6818181818181818,0.3636363636363636,0.1363636363636363,0.9090909090909092,1.0454545454545454,0.5,0.3636363636363636,0.2272727272727272,0.0454545454545454,1.0454545454545454,3.590909090909091,-0.7727272727272727
75,1627782,16.857380952380954,0.3034285714285714,0.1547857142857142,1.0,0.3392857142857143,0.0714285714285714,1.0714285714285714,1.1428571428571428,0.9285714285714286,0.8571428571428571,0.4285714285714285,0.0714285714285714,1.2857142857142858,5.071428571428571,-3.0
76,1627783,15.619757575757577,0.4624545454545455,0.0181818181818181,0.4,0.1439454545454545,1.1636363636363636,2.2,3.363636363636364,0.3090909090909091,0.6,0.4727272727272727,0.8181818181818182,1.981818181818182,4.163636363636364,-0.9454545454545454
77,1627784,12.749629629629627,0.4413333333333333,0.1852222222222222,0.5555555555555556,0.1574444444444444,0.8888888888888888,1.5555555555555556,2.4444444444444446,1.0,0.3333333333333333,0.2222222222222222,0.4444444444444444,0.8888888888888888,4.444444444444445,-6.888888888888889
78,1627767,11.685588235294118,0.2995882352941176,0.0,0.8823529411764706,0.3117647058823529,1.3529411764705883,2.9411764705882355,4.294117647058823,0.2352941176470588,0.4117647058823529,0.2352941176470588,0.4117647058823529,1.0,5.117647058823529,-3.117647058823529
79,203902,15.197526041666666,0.296578125,0.13540625,0.265625,0.125,0.296875,1.0625,1.359375,2.03125,0.671875,0.4375,0.109375,1.234375,2.859375,-2.1875
80,203510,9.377962962962965,0.1956666666666666,0.2036666666666666,0.6666666666666666,0.4444444444444444,0.1111111111111111,0.8888888888888888,1.0,2.111111111111111,0.3333333333333333,0.2222222222222222,0.0,0.5555555555555556,3.888888888888889,6.111111111111111
81,203518,15.517598039215686,0.3890735294117647,0.356985294117647,0.6470588235294118,0.2936323529411764,0.2647058823529412,1.0,1.2647058823529411,0.5882352941176471,0.4852941176470588,0.5441176470588235,0.1176470588235294,1.6764705882352942,5.970588235294118,0.0147058823529411
82,203585,25.20367521367521,0.3985128205128205,0.2907820512820513,0.5641025641025641,0.236974358974359,1.205128205128205,2.076923076923077,3.282051282051282,1.5897435897435896,0.717948717948718,0.5897435897435898,0.2307692307692307,1.794871794871795,6.371794871794871,0.0897435897435897
83,1626150,20.47046296296296,0.3475833333333333,0.2676111111111111,2.055555555555556,0.4913333333333333,0.3194444444444444,1.5694444444444444,1.8888888888888888,2.75,1.1805555555555556,0.7361111111111112,0.2916666666666667,2.6944444444444446,5.902777777777778,-0.3611111111111111
84,203954,25.356774193548382,0.4701612903225806,0.3241290322580645,6.161290322580645,0.7831935483870968,1.967741935483871,5.870967741935484,7.838709677419355,2.129032258064516,3.774193548387097,0.8709677419354839,2.4516129032258065,3.612903225806452,20.225806451612904,2.161290322580645
85,203967,26.28423868312757,0.3844691358024691,0.2885308641975308,2.123456790123457,0.6090987654320988,1.382716049382716,4.950617283950617,6.333333333333333,2.246913580246914,2.259259259259259,0.7037037037037037,0.3703703703703703,2.0,12.839506172839506,-3.7901234567901234
86,1627742,28.851413502109708,0.3920379746835443,0.2461898734177215,1.6835443037974684,0.4649620253164557,0.759493670886076,3.240506329113924,4.0,2.1012658227848102,1.4683544303797469,0.6329113924050633,0.4556962025316455,2.0,9.367088607594935,-4.848101265822785
87,202722,12.053109452736315,0.3255820895522388,0.3102388059701493,0.417910447761194,0.1772388059701492,0.3283582089552239,1.1343283582089552,1.462686567164179,0.6865671641791045,0.4776119402985074,0.2985074626865671,0.417910447761194,1.1194029850746268,4.522388059701493,1.7313432835820894
