,PLAYER_ID,MIN,FG_PCT,FG3_PCT,FTM,FT_PCT,OREB,DREB,REB,AST,TOV,STL,BLK,PF,PTS,PLUS_MINUS
0,1628379,20.037990867579907,0.4162602739726027,0.3748767123287671,0.8904109589041096,0.3904109589041096,0.2876712328767123,2.1232876712328768,2.410958904109589,1.6986301369863013,0.9452054794520548,0.6027397260273972,0.1780821917808219,1.178082191780822,7.643835616438356,1.643835616438356
1,203687,2.208888888888889,0.3333333333333333,0.3333333333333333,0.0,0.0,0.0,0.0,0.0,0.0,0.0,0.0,0.0,0.0,1.0,-1.6666666666666667
2,1628381,24.116486486486487,0.586027027027027,0.1229189189189189,1.7972972972972974,0.5645135135135135,2.3783783783783785,4.9324324324324325,7.31081081081081,1.3243243243243243,1.4189189189189189,0.6351351351351351,1.0810810810810811,2.9054054054054053,10.5,-2.972972972972973
3,1628370,13.547698412698413,0.3095396825396825,0.2741746031746032,0.5079365079365079,0.1918095238095238,0.1269841269841269,0.9206349206349206,1.0476190476190477,1.4444444444444444,0.7777777777777778,0.3174603174603174,0.1428571428571428,0.9523809523809524,6.682539682539683,-3.031746031746032
4,1628382,22.150857843137253,0.4207794117647059,0.2673970588235294,0.3823529411764705,0.2169117647058823,0.3970588235294117,2.3529411764705883,2.75,1.088235294117647,0.5882352941176471,0.4117647058823529,0.1911764705882352,1.1911764705882353,6.661764705882353,-3.5
5,203705,12.009166666666664,0.2638333333333333,0.2546111111111111,0.4444444444444444,0.2222222222222222,0.1111111111111111,0.9444444444444444,1.0555555555555556,3.1666666666666665,0.5,0.4444444444444444,0.0555555555555555,0.8888888888888888,2.555555555555556,-0.0555555555555555
6,1628383,3.733333333333333,0.5,0.0,0.0,0.0,0.0,0.0,0.0,0.0,0.0,1.0,0.0,1.0,2.0,3.0
7,1628369,30.53639583333333,0.4720749999999999,0.4255124999999999,2.6625,0.66035,0.625,4.4,5.025,1.6,1.425,1.0375,0.725,2.125,13.9,4.2875
8,1628368,27.746986301369866,0.401054794520548,0.2492602739726027,1.9315068493150684,0.4864246575342466,0.4520547945205479,2.3424657534246576,2.794520547945205,4.383561643835616,2.3698630136986303,0.958904109589041,0.273972602739726,2.232876712328767,11.561643835616438,-5.671232876712328
9,203590,1.2333333333333334,0.0,0.0,0.0,0.0,0.0,0.0,0.0,0.0,0.0,0.0,0.0,0.0,0.0,0.0
10,1628499,7.20764705882353,0.2695882352941177,0.1764705882352941,0.2352941176470588,0.1176470588235294,0.1764705882352941,0.6470588235294118,0.8235294117647058,0.1176470588235294,0.4117647058823529,0.4117647058823529,0.2941176470588235,1.3529411764705883,1.3529411764705883,-2.647058823529412
11,203710,18.59214912280702,0.3817105263157895,0.2276052631578947,0.3421052631578947,0.1271842105263158,0.3157894736842105,1.1578947368421053,1.4736842105263157,1.131578947368421,0.5263157894736842,0.8157894736842105,0.3421052631578947,1.6578947368421053,5.5,-0.868421052631579
12,1628378,33.393797468354435,0.4289240506329114,0.3193924050632911,3.0253164556962027,0.6617215189873418,0.6582278481012658,3.088607594936709,3.746835443037975,3.683544303797469,2.721518987341772,1.4936708860759491,0.3417721518987341,2.6962025316455698,20.455696202531644,4.544303797468355
13,1628492,9.09047619047619,0.204,0.2522857142857143,0.2857142857142857,0.1428571428571428,0.1428571428571428,0.8571428571428571,1.0,0.4285714285714285,0.2857142857142857,0.2857142857142857,0.0,1.1428571428571428,2.857142857142857,2.7142857142857144
14,1628500,4.641666666666667,0.0,0.0,0.0,0.0,0.0,0.5,0.5,0.5,0.0,0.0,0.0,2.0,0.0,-7.5
15,1628374,29.70617647058824,0.4325147058823529,0.3510735294117647,2.0588235294117645,0.6742941176470588,1.161764705882353,6.3088235294117645,7.470588235294118,1.161764705882353,1.2205882352941178,0.5735294117647058,0.5882352941176471,1.5147058823529411,15.191176470588236,-5.691176470588236
16,1628380,15.840151515151517,0.352,0.251,0.4090909090909091,0.1957121212121212,0.6818181818181818,2.6666666666666665,3.3484848484848486,0.7878787878787878,0.8787878787878788,0.2575757575757575,0.4696969696969697,2.015151515151515,4.424242424242424,0.2424242424242424
17,1628373,21.867286324786324,0.3333461538461538,0.2504102564102564,0.6282051282051282,0.2224358974358974,0.4743589743589743,1.794871794871795,2.269230769230769,3.2051282051282053,1.6794871794871795,0.8333333333333334,0.2307692307692307,2.3205128205128207,5.935897435897436,-1.2820512820512822
18,1628372,29.69717391304348,0.3897391304347826,0.2918115942028986,1.9420289855072463,0.5193913043478261,0.7246376811594203,3.0434782608695654,3.768115942028986,5.188405797101449,2.8115942028985508,1.0289855072463767,0.2608695652173913,2.2028985507246377,15.18840579710145,-4.710144927536232
19,1628371,19.830061728395066,0.3913703703703703,0.2956666666666666,0.7037037037037037,0.2703703703703703,0.5925925925925926,3.074074074074074,3.6666666666666665,0.6666666666666666,1.0,1.2222222222222223,1.1111111111111112,1.7777777777777777,5.37037037037037,-3.703703703703704
20,1628493,4.95,0.2,0.0,0.0,0.0,0.75,1.75,2.5,0.0,0.0,0.25,0.0,1.25,2.0,0.25
21,1628495,12.451666666666666,0.2787,0.125,0.4,0.1667,0.3,1.5,1.8,1.0,0.2,0.6,0.2,1.3,3.4,-1.2
22,1628367,25.444393939393937,0.4092727272727273,0.2445584415584415,2.2987012987012987,0.5143636363636364,1.2337662337662338,3.324675324675325,4.558441558441558,1.5454545454545454,1.896103896103896,1.0389610389610389,0.4545454545454545,2.831168831168831,13.142857142857142,-6.883116883116883
23,1627936,15.186756756756756,0.3538918918918919,0.2117027027027027,0.5675675675675675,0.2139729729729729,0.4054054054054054,1.351351351351351,1.7567567567567568,2.027027027027027,1.135135135135135,0.6216216216216216,0.2702702702702703,1.4054054054054057,3.6216216216216215,-0.081081081081081
24,1627885,16.716376811594206,0.4021304347826087,0.217391304347826,1.2173913043478262,0.4637391304347826,0.391304347826087,2.260869565217391,2.652173913043478,2.391304347826087,0.9565217391304348,1.1304347826086956,0.3043478260869565,1.826086956521739,6.608695652173913,2.0434782608695654
25,203920,13.7715873015873,0.4266666666666667,0.0,1.0,0.2609285714285714,1.6666666666666667,2.619047619047619,4.285714285714286,0.8095238095238095,0.5,0.3571428571428571,0.5,1.3333333333333333,4.238095238095238,0.2619047619047619
26,1627883,11.335729166666669,0.2761875,0.267875,0.75,0.302125,0.8125,1.5625,2.375,0.25,0.4375,0.3125,0.0625,1.375,4.625,-2.0
27,1628537,16.415,0.4185,0.1388333333333333,0.0,0.0,0.3333333333333333,2.333333333333333,2.6666666666666665,1.1666666666666667,1.0,0.3333333333333333,0.1666666666666666,0.3333333333333333,4.666666666666667,-7.0
28,1627866,8.950000000000001,0.6903333333333332,0.0,1.0,0.5,1.3333333333333333,1.6666666666666667,3.0,0.0,0.3333333333333333,0.0,0.0,0.6666666666666666,5.666666666666667,-1.6666666666666667
29,201281,32.06666666666666,0.486,0.525,1.5,0.5,0.5,2.5,3.0,3.5,1.5,1.5,1.5,1.5,12.0,10.0
30,1627858,14.986145833333332,0.34715625,0.1015625,0.65625,0.25,1.0,2.34375,3.34375,1.75,0.75,0.53125,0.28125,1.375,3.15625,-0.90625
31,1627856,8.05,0.5,0.0,0.0,0.0,0.25,2.0,2.25,0.5,0.25,0.5,0.5,1.75,1.0,3.75
32,1627982,17.286666666666665,0.3056,0.3334,1.4,0.4833999999999999,0.4,1.6,2.0,2.4,1.4,1.6,0.4,1.6,6.4,-13.8
33,1628366,34.23185897435897,0.3585576923076923,0.3095576923076923,0.6153846153846154,0.21475,1.3269230769230769,5.596153846153846,6.923076923076923,7.230769230769231,2.6153846153846154,1.6923076923076923,0.8269230769230769,2.25,10.153846153846152,-0.3653846153846153
34,1628365,18.07011904761905,0.3862857142857143,0.0,0.7142857142857143,0.25,0.7857142857142857,2.2857142857142856,3.071428571428572,3.7857142857142856,1.2142857142857142,0.8571428571428571,0.2857142857142857,1.5714285714285714,7.142857142857143,1.4285714285714286
35,1628476,9.200833333333334,0.1875,0.2186875,0.375,0.1875,0.125,0.875,1.0,1.0,0.125,0.4375,0.1875,0.4375,1.8125,-1.875
36,1628502,13.57462962962963,0.3103333333333333,0.25,0.1111111111111111,0.1111111111111111,0.4444444444444444,2.0,2.4444444444444446,0.6666666666666666,0.2222222222222222,0.2222222222222222,0.3333333333333333,0.8888888888888888,3.0,1.0
37,1628503,18.600555555555555,0.3007333333333333,0.1266666666666666,0.4666666666666667,0.2666666666666666,0.2666666666666666,2.2666666666666666,2.533333333333333,1.2,0.5333333333333333,0.1333333333333333,0.2,0.7333333333333333,5.133333333333334,-0.4
38,1628035,3.8170238095238096,0.2618571428571428,0.1785714285714285,0.1428571428571428,0.0476428571428571,0.0714285714285714,0.4285714285714285,0.5,0.0714285714285714,0.2142857142857142,0.0714285714285714,0.0714285714285714,0.5714285714285714,1.5,-1.0
39,1628504,23.558,0.2466,0.1,0.8,0.3,0.0,1.0,1.0,3.6,2.2,1.2,0.6,3.6,5.8,-11.8
40,1628506,4.680238095238096,0.0816428571428571,0.0,0.2142857142857142,0.0952142857142857,0.0714285714285714,0.2142857142857142,0.2857142857142857,0.3571428571428571,0.0714285714285714,0.1428571428571428,0.0714285714285714,0.4285714285714285,0.5,-1.4285714285714286
41,1627988,18.90383333333333,0.39355,0.29585,0.3,0.175,0.5,1.4,1.9,1.1,0.95,1.55,0.3,1.4,5.35,-1.5
42,1628510,13.940444444444443,0.2922666666666667,0.3191333333333333,0.0666666666666666,0.0666666666666666,0.2666666666666666,2.0,2.2666666666666666,0.4,0.5333333333333333,0.2,0.0666666666666666,0.8,4.6,-5.066666666666666
43,1628513,0.5166666666666667,1.0,1.0,0.0,0.0,0.0,0.0,0.0,0.0,0.0,0.0,0.0,0.0,3.0,5.0
44,1628475,3.8,0.4166666666666667,0.3333333333333333,0.0,0.0,0.0,0.3333333333333333,0.3333333333333333,0.0,0.3333333333333333,0.0,0.0,0.3333333333333333,1.6666666666666667,5.333333333333333
45,1628436,16.324416666666668,0.3193,0.30065,0.4,0.24165,0.55,2.65,3.2,1.3,0.6,0.3,0.8,1.4,6.7,-3.55
46,1628439,13.303888888888888,0.3765,0.0833333333333333,0.6666666666666666,0.2916666666666667,0.5555555555555556,1.7222222222222223,2.2777777777777777,0.8888888888888888,0.8888888888888888,0.1111111111111111,0.2222222222222222,2.5,4.444444444444445,-2.5
47,1628443,5.954907407407408,0.1157222222222222,0.0,0.3888888888888889,0.1759444444444444,0.2222222222222222,0.3888888888888889,0.6111111111111112,0.6666666666666666,0.5,0.1666666666666666,0.1111111111111111,0.8333333333333334,1.0555555555555556,-1.1111111111111112
48,1628411,16.456532258064517,0.4396935483870968,0.0833225806451612,0.5483870967741935,0.2298387096774193,0.5806451612903226,1.6290322580645162,2.2096774193548385,0.9193548387096774,0.4838709677419355,0.532258064516129,0.1935483870967742,1.3064516129032258,3.693548387096774,-1.6935483870967742
49,1628444,8.81,0.2435384615384615,0.1923076923076923,0.4615384615384615,0.1038461538461538,0.4615384615384615,1.0,1.4615384615384617,0.6153846153846154,0.6153846153846154,0.2307692307692307,0.0769230769230769,0.5384615384615384,3.0,1.3846153846153846
50,1628410,2.1666666666666665,1.0,0.0,0.0,0.0,0.0,1.0,1.0,0.0,0.0,0.0,0.0,1.0,2.0,-6.0
51,1628412,18.92294871794872,0.3910192307692308,0.2556538461538462,1.807692307692308,0.5445576923076924,0.5769230769230769,1.9230769230769231,2.5,2.826923076923077,1.25,0.6538461538461539,0.1923076923076923,1.3846153846153846,7.9423076923076925,-0.6538461538461539
52,1628409,11.24275,0.24135,0.2016,0.4,0.15,0.4,1.45,1.85,0.6,0.2,0.1,0.1,0.65,4.1,1.75
53,1628408,1.5941666666666667,0.25,0.0,0.0,0.0,0.0,0.5,0.5,0.0,0.5,0.0,0.0,0.5,1.0,-1.5
54,1628407,13.452798742138365,0.2540754716981132,0.1069245283018867,0.3773584905660377,0.1650943396226415,0.0754716981132075,2.2641509433962264,2.339622641509434,0.7169811320754716,0.4339622641509434,0.3018867924528302,0.0377358490566037,0.8679245283018868,3.30188679245283,0.2075471698113207
55,1628405,15.978636363636362,0.521,0.0302727272727272,1.3636363636363635,0.4318181818181818,1.2727272727272727,3.1818181818181817,4.454545454545454,0.6363636363636364,0.8181818181818182,0.2727272727272727,0.1818181818181818,1.6363636363636365,8.727272727272727,-1.5454545454545454
56,1628404,23.1828835978836,0.4355238095238095,0.3448412698412698,1.0476190476190477,0.3658412698412698,0.6666666666666666,3.507936507936508,4.174603174603175,1.2698412698412698,0.746031746031746,0.746031746031746,0.2539682539682539,1.6984126984126984,7.873015873015873,-1.1428571428571428
57,1628432,11.531349206349208,0.2610476190476191,0.2690476190476191,0.3809523809523809,0.1904761904761904,0.0952380952380952,1.761904761904762,1.8571428571428568,0.6190476190476191,0.4761904761904761,0.4761904761904761,0.0952380952380952,0.8095238095238095,3.0,-3.571428571428572
58,1628420,8.428333333333333,0.2666666666666666,0.0,0.6666666666666666,0.3333333333333333,0.0,0.6666666666666666,0.6666666666666666,2.333333333333333,0.3333333333333333,1.0,0.0,0.3333333333333333,3.333333333333333,-2.333333333333333
59,1628422,10.774128787878787,0.3401136363636363,0.2235454545454545,0.3636363636363636,0.2121363636363636,0.2045454545454545,1.7045454545454546,1.9090909090909087,0.7045454545454546,0.3863636363636363,0.2727272727272727,0.0454545454545454,0.7727272727272727,4.136363636363637,-0.8636363636363636
60,1628424,20.096666666666664,0.36434375,0.1115937499999999,0.78125,0.3125,0.4375,1.125,1.5625,2.125,1.375,0.5625,0.15625,1.90625,6.125,-6.65625
61,1628418,4.819,0.2805333333333333,0.0666666666666666,0.3333333333333333,0.2,0.2,0.9333333333333332,1.1333333333333333,0.4,0.1333333333333333,0.0666666666666666,0.1333333333333333,0.4,1.4666666666666666,-0.6
62,1628416,17.396607142857142,0.3190892857142857,0.3243749999999999,0.8035714285714286,0.2721607142857142,0.3035714285714285,2.017857142857143,2.321428571428572,1.4107142857142858,0.6607142857142857,0.3035714285714285,0.0892857142857142,1.125,7.232142857142857,-2.6607142857142856
63,1628415,28.656483739837395,0.4348658536585366,0.2885121951219512,1.5121951219512195,0.4536707317073171,0.5975609756097561,2.5365853658536586,3.1341463414634148,1.646341463414634,1.5121951219512195,0.8902439024390244,0.2073170731707317,2.841463414634146,10.951219512195122,-2.975609756097561
64,1628425,14.37864197530864,0.3375925925925926,0.2290925925925926,0.3888888888888889,0.1851851851851851,0.5,2.1481481481481484,2.6481481481481484,0.4629629629629629,0.4629629629629629,0.5740740740740741,0.2407407407407407,1.4814814814814814,4.018518518518518,-0.9074074074074074
65,1628414,15.833972602739724,0.3504520547945205,0.1940547945205479,0.8082191780821918,0.3287671232876712,0.4520547945205479,1.4657534246575343,1.917808219178082,0.9315068493150684,0.726027397260274,0.6575342465753424,0.3424657534246575,1.7123287671232876,3.863013698630137,-1.3972602739726028
66,1628429,2.9311538461538458,0.0961538461538461,0.0769230769230769,0.0769230769230769,0.0384615384615384,0.0,0.1538461538461538,0.1538461538461538,0.0769230769230769,0.0769230769230769,0.0769230769230769,0.0,0.0,0.4615384615384615,-0.6923076923076923
67,1628403,7.012839506172839,0.2831481481481481,0.037037037037037,0.4444444444444444,0.2148148148148148,0.5555555555555556,1.4444444444444444,2.0,0.5185185185185185,0.6666666666666666,0.1851851851851851,0.1111111111111111,1.3703703703703705,2.259259259259259,-0.4074074074074074
68,1628449,1.3166666666666669,0.0,0.0,0.0,0.0,0.0,1.0,1.0,0.0,0.0,0.0,0.0,0.0,0.0,-2.0
69,1628391,3.231742424242424,0.1894090909090909,0.0909090909090909,0.0454545454545454,0.0227272727272727,0.0909090909090909,0.3636363636363636,0.4545454545454545,0.1363636363636363,0.1818181818181818,0.1363636363636363,0.0454545454545454,0.3181818181818182,0.9545454545454546,-1.8636363636363635
70,1628390,12.509781420765028,0.3116229508196721,0.1841475409836065,0.1475409836065573,0.0737704918032786,0.3114754098360656,0.4590163934426229,0.7704918032786885,0.3114754098360656,0.180327868852459,0.3934426229508196,0.1639344262295081,1.360655737704918,3.098360655737705,-1.3770491803278688
71,1628464,14.851269841269842,0.489047619047619,0.138095238095238,0.9682539682539684,0.3923333333333333,1.4285714285714286,2.9206349206349205,4.349206349206349,0.8888888888888888,0.8888888888888888,0.4761904761904761,0.7619047619047619,2.492063492063492,5.253968253968254,0.0158730158730158
72,1628389,19.82876811594203,0.4796666666666667,0.0,1.8695652173913044,0.5298405797101449,1.710144927536232,3.811594202898551,5.521739130434782,1.463768115942029,0.9565217391304348,0.463768115942029,0.5942028985507246,2.0,6.913043478260869,-0.4492753623188406
73,1628467,16.75150462962963,0.4203472222222222,0.2039305555555555,0.6111111111111112,0.3044027777777778,0.9861111111111112,2.263888888888889,3.25,0.7083333333333334,0.4166666666666667,0.3611111111111111,0.6527777777777778,1.5833333333333333,5.361111111111111,-1.8194444444444444
74,1628388,8.66496855345912,0.3291509433962264,0.2044150943396226,0.1886792452830188,0.1132075471698113,0.5471698113207547,1.0,1.5471698113207548,0.1698113207547169,0.1886792452830188,0.0943396226415094,0.0754716981132075,0.8490566037735849,2.943396226415094,-1.5471698113207548
75,1628387,2.708181818181818,0.1969999999999999,0.0,0.4545454545454545,0.1590909090909091,0.4545454545454545,0.3636363636363636,0.8181818181818182,0.0,0.1818181818181818,0.0909090909090909,0.2727272727272727,0.0909090909090909,1.181818181818182,-1.2727272727272727
76,1628386,20.015486111111112,0.5847777777777777,0.0694444444444444,1.5833333333333333,0.4750138888888889,2.0,3.388888888888889,5.388888888888889,0.6805555555555556,1.1388888888888888,0.3888888888888889,1.2222222222222223,2.0416666666666665,8.152777777777779,-1.9722222222222223
77,1628469,16.521052631578947,0.4136315789473684,0.2298421052631579,1.5789473684210529,0.4855263157894736,0.2105263157894736,1.5263157894736843,1.736842105263158,1.0526315789473684,0.5789473684210527,0.3684210526315789,0.0526315789473684,1.0,7.947368421052632,-0.3157894736842105
78,1628421,13.213333333333331,0.333,0.0,0.0,0.0,2.0,3.0,5.0,0.0,0.0,1.0,0.0,2.0,2.0,10.0
79,1628470,16.12517094017094,0.3406923076923077,0.2264871794871795,0.5641025641025641,0.2307692307692307,1.0256410256410255,2.230769230769231,3.2564102564102564,0.6410256410256411,0.5128205128205128,0.3076923076923077,0.3846153846153846,1.6153846153846154,4.17948717948718,-1.564102564102564
80,1628384,20.01975225225225,0.4507432432432433,0.3225,0.527027027027027,0.2488783783783784,0.5945945945945946,1.891891891891892,2.4864864864864864,0.7432432432432432,0.6081081081081081,0.7027027027027027,0.1891891891891892,1.7567567567567568,5.918918918918919,3.972972972972973
81,1628463,13.294358974358977,0.3473076923076923,0.2871538461538461,0.4358974358974359,0.2051282051282051,1.1538461538461535,2.102564102564102,3.2564102564102564,0.6923076923076923,0.3333333333333333,0.2307692307692307,0.1025641025641025,1.564102564102564,4.6923076923076925,-0.6410256410256411
82,1628401,8.160490196078431,0.312235294117647,0.1647058823529411,0.8235294117647058,0.3137058823529411,0.2941176470588235,1.2352941176470589,1.5294117647058822,0.5294117647058824,0.3529411764705882,0.2352941176470588,0.1764705882352941,0.4705882352941176,3.176470588235294,1.8235294117647056
83,1628400,15.756301369863014,0.2715753424657534,0.2351095890410958,0.3424657534246575,0.1495479452054794,0.5068493150684932,1.6986301369863013,2.2054794520547945,0.273972602739726,0.3424657534246575,0.2876712328767123,0.0547945205479452,1.2465753424657535,2.671232876712329,-2.493150684931507
84,1628399,2.1666666666666665,0.0,0.0,0.0,0.0,0.0,0.0,0.0,0.0,0.0,0.0,0.0,0.0,0.0,-6.0
85,1628398,31.180584415584413,0.4496103896103895,0.3405454545454545,1.9090909090909087,0.5159090909090909,1.1428571428571428,5.12987012987013,6.2727272727272725,1.8311688311688312,1.818181818181818,0.6363636363636364,0.4415584415584415,2.0779220779220777,16.12987012987013,-1.5974025974025974
86,1628397,14.3225,0.4807777777777777,0.0,0.8055555555555556,0.2791666666666667,1.4722222222222223,2.9166666666666665,4.388888888888889,0.8888888888888888,0.9722222222222222,0.3333333333333333,0.3611111111111111,1.5277777777777777,5.583333333333333,-2.6666666666666665
87,1628396,3.2333333333333334,0.2222222222222222,0.0,0.2222222222222222,0.1111111111111111,0.4444444444444444,0.7777777777777778,1.2222222222222223,0.1111111111111111,0.0,0.0,0.0,0.1111111111111111,0.8888888888888888,0.1111111111111111
88,1628451,6.651333333333332,0.0666,0.2,0.2,0.1,0.4,1.8,2.2,0.4,0.0,0.2,0.0,0.8,0.8,2.6
89,1628395,14.191461988304091,0.5505964912280702,0.0,0.5263157894736842,0.2412280701754386,1.0526315789473684,2.5789473684210527,3.631578947368421,1.7894736842105263,0.8947368421052632,0.6140350877192983,0.9824561403508772,1.6140350877192982,4.596491228070176,2.789473684210526
90,1628393,16.205381944444444,0.3523958333333333,0.1495625,0.7916666666666666,0.2826458333333333,0.1875,1.5625,1.75,2.083333333333333,0.9166666666666666,0.75,0.125,2.020833333333333,4.8125,0.1875
91,1628455,19.06912037037037,0.3465,0.2050833333333333,1.7777777777777777,0.4674444444444444,0.3611111111111111,2.138888888888889,2.5,3.5,1.3611111111111112,0.7777777777777778,0.1944444444444444,1.3333333333333333,9.333333333333334,-1.1388888888888888
92,1628462,25.201222222222224,0.4334888888888889,0.4072888888888888,0.8666666666666667,0.3592666666666667,0.3555555555555555,2.4444444444444446,2.8,4.644444444444445,2.1555555555555554,0.5111111111111111,0.1111111111111111,2.2888888888888888,9.533333333333331,1.9333333333333331
93,1627732,33.72288065843621,0.5516296296296297,0.0,2.3580246913580245,0.4753456790123457,1.7901234567901234,6.345679012345679,8.135802469135802,8.160493827160494,3.432098765432099,1.728395061728395,0.8641975308641975,2.6049382716049383,15.790123456790123,4.790123456790123
94,1627215,7.020333333333333,0.5,0.2,0.4,0.3,0.0,0.4,0.4,1.0,0.8,0.0,0.2,1.0,3.4,-3.0
95,204066,7.268402777777777,0.19275,0.167375,0.375,0.0818333333333333,0.25,0.75,1.0,0.2083333333333333,0.3333333333333333,0.2916666666666667,0.0833333333333333,0.4166666666666667,2.25,-1.2083333333333333
96,204179,18.775,0.40625,0.23325,0.0,0.0,1.0,1.75,2.75,1.75,0.75,0.5,0.0,1.5,5.5,2.5
97,1626643,2.0277777777777777,0.3333333333333333,0.0,0.0,0.0,0.0,0.0,0.0,0.0,0.3333333333333333,0.0,0.0,0.0,0.6666666666666666,0.0
98,1626177,5.205483870967743,0.3258064516129032,0.0,0.3548387096774194,0.1209677419354838,0.5161290322580645,0.5806451612903226,1.096774193548387,0.2580645161290322,0.0967741935483871,0.1935483870967742,0.2580645161290322,0.8709677419354839,1.7741935483870968,1.064516129032258
99,1626259,8.383333333333333,0.3388666666666667,0.2888666666666666,0.2666666666666666,0.1333333333333333,0.2666666666666666,0.7333333333333333,1.0,0.2,0.3333333333333333,0.0666666666666666,0.1333333333333333,0.6666666666666666,2.533333333333333,0.4666666666666667
100,1626224,11.02448087431694,0.3920163934426229,0.2318360655737704,0.4262295081967213,0.1779180327868852,0.3114754098360656,1.6557377049180328,1.9672131147540983,0.6721311475409836,0.5245901639344263,0.360655737704918,0.0491803278688524,1.278688524590164,3.901639344262295,0.5737704918032787
101,1626220,16.660169082125606,0.357927536231884,0.2391159420289854,0.8840579710144928,0.3079855072463768,0.3623188405797101,3.057971014492753,3.420289855072464,1.3768115942028984,0.7971014492753623,0.5217391304347826,0.2318840579710145,1.5217391304347827,4.971014492753623,2.8115942028985508
102,1626205,1.8516666666666663,0.58325,0.0,0.0,0.0,0.5,0.25,0.75,0.0,0.25,0.0,0.25,0.0,1.5,1.5
103,1627820,28.37283333333333,0.4185333333333333,0.1999666666666666,2.033333333333333,0.5025,0.7,2.8,3.5,2.3666666666666667,1.5333333333333334,0.9,0.4333333333333333,2.7666666666666666,9.7,-0.8
104,1627814,26.96077777777777,0.408,0.2077333333333333,1.4666666666666666,0.5166666666666667,0.7333333333333333,4.0,4.733333333333333,1.9333333333333331,0.9333333333333332,1.2666666666666666,0.0666666666666666,1.6666666666666667,10.733333333333333,-1.6
105,1627788,5.695238095238095,0.2404285714285714,0.2559285714285714,0.1428571428571428,0.0714285714285714,0.1428571428571428,0.6428571428571429,0.7857142857142857,0.2857142857142857,0.1428571428571428,0.1428571428571428,0.0714285714285714,0.8571428571428571,1.6428571428571428,-3.142857142857143
106,1627790,6.695,0.49484375,0.0,0.65625,0.2135625,0.75,1.125,1.875,0.15625,0.34375,0.0625,0.40625,0.9375,3.71875,-1.21875
107,1627821,11.993166666666664,0.2583,0.2166999999999999,0.0,0.0,0.8,1.6,2.4,0.4,0.4,0.1,0.0,1.0,1.6,-2.6
108,1628571,1.8804166666666664,0.0,0.0,0.0,0.0,0.0,0.25,0.25,0.0,0.25,0.25,0.0,0.0,0.0,-2.25
109,1627853,12.67173611111111,0.3229166666666667,0.1958333333333333,0.2083333333333333,0.1041666666666666,0.0416666666666666,1.0,1.0416666666666667,1.4583333333333333,0.5416666666666666,0.5416666666666666,0.0,0.75,2.0,-1.0
110,1627846,10.865138888888888,0.2430208333333333,0.2142291666666666,0.4791666666666667,0.1597291666666666,0.2708333333333333,1.2083333333333333,1.4791666666666667,0.5416666666666666,0.7083333333333334,0.3125,0.2083333333333333,0.9375,3.0416666666666665,-2.270833333333333
111,1627824,7.122929292929293,0.3282727272727272,0.2146363636363636,0.4545454545454545,0.1691818181818181,0.5151515151515151,1.0606060606060606,1.5757575757575757,0.4848484848484848,0.3636363636363636,0.1212121212121212,0.1515151515151515,0.696969696969697,2.393939393939394,-0.2121212121212121
112,203992,27.88660256410256,0.4503974358974359,0.3993589743589743,1.2820512820512822,0.5077051282051281,0.3974358974358974,2.4615384615384617,2.858974358974359,3.3076923076923075,1.6025641025641026,0.9230769230769232,0.2051282051282051,2.2051282051282053,11.756410256410255,-4.641025641025641
113,1627753,6.887037037037037,0.1036666666666666,0.0277777777777777,0.4444444444444444,0.2222222222222222,0.3333333333333333,0.8888888888888888,1.2222222222222223,0.1111111111111111,0.5555555555555556,0.1111111111111111,0.7777777777777778,0.7777777777777778,1.2222222222222223,-3.7222222222222223
114,1627772,4.621388888888889,0.1916666666666666,0.1666666666666666,0.0,0.0,0.0,0.8333333333333334,0.8333333333333334,1.3333333333333333,0.3333333333333333,0.1666666666666666,0.0,0.3333333333333333,2.0,-2.0
115,1627779,5.6033333333333335,0.2,0.1666,0.4,0.2,0.0,0.8,0.8,0.6,0.0,0.0,0.0,0.0,2.4,1.6
116,203966,18.250444444444444,0.4572666666666666,0.3659333333333333,0.1333333333333333,0.0666666666666666,0.2,1.9333333333333331,2.1333333333333333,0.6666666666666666,0.5333333333333333,0.3333333333333333,0.5333333333333333,2.2666666666666666,7.0,-0.0666666666666666
117,203464,8.9975,0.2430625,0.09140625,0.34375,0.134109375,0.09375,0.96875,1.0625,0.578125,0.453125,0.390625,0.109375,0.90625,2.296875,-0.140625
118,1628681,18.099166666666665,0.30175,0.197875,0.8125,0.375,0.0625,1.625,1.6875,1.0625,0.625,0.1875,0.1875,1.625,6.0,-3.625
119,1628935,34.5,0.333,0.25,1.0,0.5,2.0,1.0,3.0,1.0,1.0,0.0,0.0,4.0,8.0,-10.0
