,PLAYER_ID,MIN,FG_PCT,FG3_PCT,FTM,FT_PCT,OREB,DREB,REB,AST,TOV,STL,BLK,PF,PTS,PLUS_MINUS
0,1629067,5.455681818181818,0.1287727272727273,0.0,0.4090909090909091,0.1818181818181818,0.4090909090909091,0.7272727272727273,1.1363636363636365,0.6818181818181818,0.2727272727272727,0.4090909090909091,0.1818181818181818,0.4090909090909091,0.8636363636363636,0.5909090909090909
1,1629059,18.079056603773584,0.3565283018867924,0.2254716981132075,0.6981132075471698,0.2968490566037736,0.2264150943396226,1.6226415094339623,1.849056603773585,2.39622641509434,1.30188679245283,0.6037735849056604,0.1320754716981132,2.056603773584906,5.735849056603773,-4.0
2,1629066,20.535714285714285,0.4632222222222222,0.2944761904761904,1.1428571428571428,0.3759206349206349,0.8888888888888888,3.015873015873016,3.9047619047619047,0.8253968253968254,1.2222222222222223,0.6507936507936508,0.3968253968253968,2.3174603174603177,8.476190476190476,-0.0317460317460317
3,1629061,10.219473684210524,0.2706842105263158,0.1789473684210526,0.2105263157894736,0.1052631578947368,0.1578947368421052,0.8421052631578947,1.0,0.2631578947368421,0.3157894736842105,0.0526315789473684,0.2105263157894736,0.6842105263157895,1.6842105263157894,-1.631578947368421
4,1629093,0.9116666666666666,0.0,0.0,0.0,0.0,1.0,0.0,1.0,0.0,0.0,0.0,0.0,0.0,0.0,0.0
5,1629116,7.383333333333333,0.125,0.0,0.5,0.25,1.0,1.0,2.0,0.0,0.0,0.5,0.0,1.0,1.5,1.5
6,1629118,3.3006060606060603,0.2208181818181818,0.1272727272727272,0.0909090909090909,0.0454545454545454,0.0,0.3636363636363636,0.3636363636363636,0.4545454545454545,0.0909090909090909,0.0,0.0,0.2727272727272727,1.6363636363636365,0.1818181818181818
7,1629121,12.576127450980392,0.2990882352941176,0.2912941176470588,0.2058823529411764,0.088235294117647,0.3235294117647059,1.4411764705882353,1.7647058823529411,1.911764705882353,0.8235294117647058,0.4117647058823529,0.1470588235294117,1.3235294117647058,3.176470588235294,-1.6764705882352942
8,1629122,8.416666666666668,0.625,0.0,0.0,0.0,0.0,1.5,1.5,1.0,0.0,0.0,0.0,0.0,3.0,0.5
9,1629123,7.922976190476191,0.1839285714285714,0.1547857142857142,0.2142857142857142,0.1071428571428571,0.0714285714285714,0.3571428571428571,0.4285714285714285,0.8571428571428571,0.7142857142857143,0.2142857142857142,0.1428571428571428,1.1428571428571428,2.2142857142857144,-1.9285714285714288
10,1629126,7.496302083333333,0.204375,0.09165625,0.25,0.13021875,0.125,0.75,0.875,0.28125,0.28125,0.1875,0.25,0.96875,2.5625,0.84375
11,1629094,6.120151515151514,0.3211818181818182,0.2879090909090909,0.3636363636363636,0.2272727272727272,0.7272727272727273,0.4545454545454545,1.181818181818182,0.0909090909090909,0.2727272727272727,0.0,0.0909090909090909,0.8181818181818182,4.181818181818182,-0.9090909090909092
12,1629102,15.3075,0.4049285714285714,0.375,0.2857142857142857,0.0892857142857142,0.2142857142857142,0.9285714285714286,1.1428571428571428,0.7142857142857143,0.8571428571428571,0.5714285714285714,0.2142857142857142,1.3571428571428572,5.071428571428571,-2.0
13,1629109,12.56091503267974,0.2593921568627451,0.2451764705882352,0.1372549019607843,0.0784313725490196,0.4705882352941176,1.803921568627451,2.2745098039215685,0.3529411764705882,0.1372549019607843,0.392156862745098,0.5098039215686274,0.9215686274509804,2.9019607843137254,0.5098039215686274
14,1629028,30.74208920187794,0.583830985915493,0.0,1.9859154929577465,0.5895352112676057,3.140845070422535,7.126760563380282,10.267605633802816,1.7605633802816902,1.7746478873239435,0.8591549295774648,0.943661971830986,2.943661971830986,16.323943661971832,-5.394366197183099
15,1629029,32.19083333333333,0.4243611111111111,0.3319305555555555,4.805555555555555,0.6820555555555555,1.1944444444444444,6.625,7.819444444444445,5.958333333333333,3.430555555555556,1.0694444444444444,0.3472222222222222,1.9027777777777777,21.194444444444443,-1.6388888888888888
16,1629027,30.90471193415638,0.4106543209876543,0.3124197530864198,4.234567901234568,0.7580864197530864,0.7901234567901234,2.925925925925926,3.7160493827160495,8.061728395061728,3.802469135802469,0.8888888888888888,0.1851851851851851,1.728395061728395,19.123456790123456,-4.135802469135802
17,1629055,0.8105555555555556,0.0,0.0,0.0,0.0,0.0,0.0,0.0,0.0,0.0,0.0,0.0,0.0,0.0,-0.6666666666666666
18,1629057,8.83875,0.55571875,0.0,0.28125,0.140625,0.84375,1.6875,2.53125,0.21875,0.3125,0.28125,1.25,1.125,2.53125,-1.5625
19,1629058,4.36537037037037,0.4073333333333333,0.1111111111111111,0.0,0.0,0.1111111111111111,0.4444444444444444,0.5555555555555556,0.2222222222222222,0.4444444444444444,0.2222222222222222,0.0,0.1111111111111111,2.111111111111111,1.1111111111111112
20,1629053,7.858333333333333,0.25,0.25,0.0,0.0,0.5,0.5,1.0,0.0,0.0,0.0,0.0,0.0,1.5,-1.0
21,1629033,11.742962962962965,0.2351666666666666,0.1953333333333333,1.0555555555555556,0.25,0.2222222222222222,1.7777777777777777,2.0,1.1666666666666667,1.0,0.3333333333333333,0.0,0.8333333333333334,4.5,-0.0555555555555555
22,1629034,10.544761904761904,0.3654285714285714,0.0,0.2857142857142857,0.1607142857142857,1.0714285714285714,2.357142857142857,3.4285714285714284,0.3571428571428571,0.6428571428571429,0.6428571428571429,0.5714285714285714,1.6428571428571428,3.857142857142857,-1.5
23,1629045,12.309583333333334,0.152,0.1805,1.0,0.225,1.0,2.75,3.75,0.375,0.375,0.625,0.125,0.375,4.875,-2.75
24,1629244,13.65517543859649,0.3363157894736842,0.297578947368421,0.4210526315789473,0.2368421052631578,0.2105263157894736,1.4210526315789471,1.631578947368421,0.6842105263157895,0.2631578947368421,0.3157894736842105,0.1052631578947368,1.368421052631579,5.0,-1.368421052631579
25,1629312,7.956666666666666,0.3332,0.1,0.0,0.0,0.0,1.0,1.0,0.4,0.2,0.2,0.0,0.2,1.8,-4.6
26,1629203,23.852777777777774,0.3285,0.1388333333333333,0.1666666666666666,0.0833333333333333,2.6666666666666665,5.5,8.166666666666666,2.1666666666666665,0.8333333333333334,1.1666666666666667,0.8333333333333334,1.6666666666666667,4.5,4.666666666666667
27,1629234,4.930869565217392,0.2898695652173913,0.0,0.4782608695652174,0.217391304347826,0.2608695652173913,1.2173913043478262,1.4782608695652173,0.3043478260869565,0.3478260869565217,0.0869565217391304,0.217391304347826,0.4782608695652174,1.7826086956521738,-0.9130434782608696
28,202954,9.516898148148147,0.4534722222222222,0.2688611111111111,0.6666666666666666,0.2906666666666667,0.0833333333333333,1.0555555555555556,1.1388888888888888,1.5555555555555556,0.5277777777777778,0.3333333333333333,0.0555555555555555,0.9444444444444444,3.888888888888889,2.0
29,1627395,14.104814814814814,0.2521111111111111,0.1962777777777777,0.1666666666666666,0.0833333333333333,0.4444444444444444,1.8333333333333333,2.2777777777777777,0.7777777777777778,0.3888888888888889,0.7222222222222222,0.1111111111111111,0.8888888888888888,2.2222222222222223,-1.2222222222222223
30,1629353,11.286666666666669,0.3776,0.1666,0.0,0.0,0.8,1.4,2.2,0.0,0.0,0.2,0.0,1.4,3.0,-4.4
31,1626296,4.233333333333333,1.0,1.0,0.0,0.0,0.0,0.0,0.0,0.0,0.0,0.0,0.0,0.0,3.0,-5.0
32,1629541,13.920277777777777,0.2531666666666667,0.274,0.0,0.0,0.1666666666666666,0.5833333333333334,0.75,0.8333333333333334,0.1666666666666666,0.0833333333333333,0.0,0.5833333333333334,2.833333333333333,-4.166666666666667
33,1629140,15.487638888888888,0.4502916666666667,0.0,1.125,0.3020833333333333,2.0,2.125,4.125,0.5416666666666666,0.6666666666666666,0.3333333333333333,0.2916666666666667,2.583333333333333,6.541666666666667,2.2916666666666665
34,1629147,7.75,0.333,0.0,0.0,0.0,0.0,0.0,0.0,1.0,0.0,0.0,0.0,1.0,2.0,-3.0
35,1629150,7.577222222222223,0.5,0.0,0.6666666666666666,0.3333333333333333,1.0,1.3333333333333333,2.333333333333333,0.6666666666666666,0.6666666666666666,1.0,0.0,1.3333333333333333,3.333333333333333,1.3333333333333333
36,1629151,10.79968253968254,0.3135238095238095,0.2718095238095238,0.3571428571428571,0.1785714285714285,0.1904761904761904,1.3095238095238095,1.5,0.5238095238095238,0.3809523809523809,0.1428571428571428,0.0952380952380952,0.8333333333333334,3.976190476190476,1.6666666666666667
37,1629130,10.729111111111113,0.3425333333333333,0.1672666666666666,0.2666666666666666,0.1444666666666666,0.1333333333333333,1.1333333333333333,1.2666666666666666,0.3333333333333333,0.2666666666666666,0.3333333333333333,0.0,0.7333333333333333,3.333333333333333,-2.2
38,1629133,11.230833333333331,0.37475,0.125,0.5,0.071375,0.25,1.25,1.5,0.875,0.75,0.125,0.0,1.0,3.625,-0.75
39,1629139,11.623333333333331,0.2783333333333333,0.0666666666666666,0.4666666666666667,0.15,0.2666666666666666,1.8,2.066666666666667,0.5333333333333333,0.4,0.2666666666666666,0.0666666666666666,0.7333333333333333,2.6,1.3333333333333333
40,1629164,3.5658333333333334,0.2020625,0.125,0.5625,0.265625,0.0625,0.125,0.1875,0.875,0.1875,0.0,0.0,0.4375,1.4375,0.75
41,1629168,7.049999999999999,0.4184285714285715,0.1428571428571428,0.2857142857142857,0.1428571428571428,0.2857142857142857,0.8571428571428571,1.1428571428571428,0.0,0.2857142857142857,0.2857142857142857,0.0,0.5714285714285714,3.2857142857142856,-2.2857142857142856
42,1629185,4.647619047619047,0.1785714285714285,0.1904285714285714,0.0,0.0,0.1428571428571428,0.4285714285714285,0.5714285714285714,0.5714285714285714,0.1428571428571428,0.1428571428571428,0.1428571428571428,0.2857142857142857,0.8571428571428571,-1.7142857142857142
43,1629155,3.75,0.0,0.0,0.0,0.0,0.0,0.0,0.0,0.0,1.0,1.0,0.0,0.0,0.0,0.0
44,1629152,3.0923809523809527,0.2618571428571428,0.0,0.1428571428571428,0.0714285714285714,0.1428571428571428,0.4285714285714285,0.5714285714285714,0.8571428571428571,0.2857142857142857,0.2857142857142857,0.0,0.5714285714285714,1.0,0.1428571428571428
45,1628656,15.858333333333333,0.4015,0.0,1.0,0.5,0.0,0.75,0.75,1.75,0.5,0.25,0.25,0.75,6.5,-4.0
46,1628972,14.033397435897436,0.3744038461538462,0.1675576923076923,0.6153846153846154,0.2961538461538461,0.6730769230769231,2.1153846153846154,2.7884615384615383,1.5384615384615383,0.5769230769230769,0.4038461538461538,0.0961538461538461,1.0769230769230769,4.769230769230769,-0.0192307692307692
47,1629010,9.712727272727273,0.3993636363636363,0.2273030303030303,0.1818181818181818,0.106060606060606,0.0909090909090909,1.1515151515151516,1.2424242424242424,0.5757575757575758,0.3939393939393939,0.3333333333333333,0.0909090909090909,1.393939393939394,3.393939393939394,-0.696969696969697
48,1629006,23.74554054054054,0.3619189189189189,0.2293648648648648,1.5945945945945943,0.4603513513513514,0.5540540540540541,2.391891891891892,2.945945945945946,1.2297297297297298,0.8513513513513513,1.1891891891891893,0.4459459459459459,2.2432432432432434,7.702702702702703,-0.6891891891891891
49,1628973,21.79805936073059,0.4427123287671232,0.2565616438356164,1.1917808219178083,0.3956712328767123,0.3424657534246575,1.9726027397260275,2.315068493150685,3.150684931506849,1.2054794520547945,0.5068493150684932,0.0547945205479452,1.7397260273972603,9.287671232876711,-1.1369863013698631
50,1629003,13.41125,0.32635,0.25495,0.25,0.15,0.45,1.3,1.75,0.9,0.3,0.4,0.4,1.45,4.35,-0.05
51,1628975,14.782094017094018,0.2185384615384615,0.1733846153846154,0.6666666666666666,0.2948717948717949,0.358974358974359,1.3333333333333333,1.6923076923076923,1.7692307692307692,0.8461538461538461,0.6666666666666666,0.282051282051282,1.4102564102564104,4.410256410256411,-2.282051282051282
52,1628402,19.16169398907104,0.3971147540983606,0.2831311475409836,0.8852459016393442,0.234983606557377,0.4098360655737705,1.786885245901639,2.19672131147541,1.1311475409836065,0.7868852459016393,0.4098360655737705,0.0327868852459016,1.5081967213114753,8.114754098360656,-2.2131147540983607
53,1629004,10.479285714285714,0.2947619047619048,0.2371428571428571,0.2857142857142857,0.1488095238095238,0.2142857142857142,0.6428571428571429,0.8571428571428571,0.8809523809523809,0.5,0.3333333333333333,0.0238095238095238,0.5952380952380952,3.1666666666666665,-0.1666666666666666
54,1629011,20.598611111111108,0.6474090909090909,0.0,1.2272727272727273,0.3999848484848485,2.6818181818181817,3.727272727272727,6.409090909090909,0.5606060606060606,0.5303030303030303,0.7878787878787878,2.4393939393939394,3.287878787878788,7.348484848484849,-3.060606060606061
55,1628970,21.204166666666666,0.4432125,0.2726875,0.725,0.3245875,0.8375,3.2,4.0375,1.1875,0.625,0.6875,0.6125,1.3875,7.4625,-1.5875
56,1629015,18.43611111111111,0.4008333333333334,0.4054999999999999,1.0,0.375,0.5,1.6666666666666667,2.1666666666666665,1.6666666666666667,1.0,0.3333333333333333,0.3333333333333333,1.3333333333333333,6.666666666666667,2.333333333333333
57,1629014,7.025416666666667,0.2249,0.1151,0.45,0.13335,0.15,0.5,0.65,0.65,0.55,0.05,0.0,0.45,3.75,-2.6
58,1628392,7.902142857142857,0.3303571428571428,0.0714285714285714,0.3928571428571428,0.1964285714285714,0.75,0.9285714285714286,1.6785714285714286,0.5357142857142857,0.4642857142857143,0.25,0.4285714285714285,2.0,1.8928571428571428,1.3928571428571428
59,1629012,31.768577235772355,0.421780487804878,0.3615609756097561,2.609756097560976,0.665109756097561,0.6951219512195121,2.182926829268293,2.8780487804878048,2.963414634146341,2.256097560975609,0.5365853658536586,0.073170731707317,2.268292682926829,16.71951219512195,-8.195121951219512
60,1629013,22.808776371308017,0.4322405063291139,0.4118101265822785,0.9493670886075948,0.4373417721518987,0.2658227848101265,1.4303797468354431,1.6962025316455696,1.481012658227848,0.569620253164557,0.4683544303797468,0.1265822784810126,1.962025316455696,9.139240506329116,0.7848101265822784
61,1628971,19.58536036036036,0.3741891891891892,0.179027027027027,0.6081081081081081,0.2466216216216216,0.6486486486486487,1.8513513513513515,2.5,1.2297297297297298,0.6216216216216216,0.5405405405405406,0.4864864864864865,2.4054054054054053,4.3108108108108105,-0.054054054054054
62,1628988,12.9166,0.39058,0.29682,0.82,0.28034,0.1,1.24,1.34,1.74,0.8,0.42,0.26,1.42,5.88,2.04
63,1628979,1.8677777777777775,0.5,0.3333333333333333,0.0,0.0,0.0,0.3333333333333333,0.3333333333333333,0.6666666666666666,0.0,0.0,0.0,0.0,1.6666666666666667,0.6666666666666666
64,1628417,16.265185185185185,0.3999259259259259,0.1148148148148148,0.3703703703703703,0.1759259259259259,0.9629629629629628,2.6666666666666665,3.6296296296296298,0.4814814814814814,0.4074074074074074,0.2592592592592592,0.2962962962962963,0.7407407407407407,4.222222222222222,-1.5925925925925926
65,1628989,27.31373333333333,0.40884,0.34616,0.5466666666666666,0.2666666666666666,0.8,2.466666666666667,3.2666666666666666,2.853333333333333,1.4533333333333334,0.8666666666666667,0.3333333333333333,2.066666666666667,9.693333333333332,-1.586666666666667
66,1628413,14.51526515151515,0.3919318181818182,0.2510909090909091,0.2954545454545454,0.1136363636363636,1.068181818181818,2.6818181818181817,3.75,0.9090909090909092,0.8181818181818182,0.3863636363636363,0.8863636363636364,2.25,4.704545454545454,-0.6590909090909091
67,1628980,6.786555555555555,0.2254,0.0472333333333333,0.0,0.0,0.2,0.6333333333333333,0.8333333333333334,0.7666666666666667,0.3666666666666666,0.1666666666666666,0.1,0.9333333333333332,1.3333333333333333,-1.1666666666666667
68,1628982,4.443333333333333,0.22,0.0,0.1,0.05,0.3,0.2,0.5,0.1,0.1,0.1,0.0,0.6,1.5,-0.9
69,1628983,26.511056910569103,0.4612560975609756,0.3238170731707317,1.902439024390244,0.5698292682926829,0.6951219512195121,2.1341463414634148,2.8292682926829267,3.292682926829268,1.7195121951219512,1.170731707317073,0.5487804878048781,2.1341463414634148,10.841463414634148,-1.3414634146341464
70,1628984,14.697717391304348,0.3126521739130434,0.2282391304347826,0.7608695652173914,0.3369347826086956,0.217391304347826,1.1521739130434785,1.3695652173913044,2.630434782608696,0.6521739130434783,0.5,0.0434782608695652,1.0434782608695652,4.717391304347826,-2.1739130434782608
71,1628385,14.137758620689656,0.4887586206896551,0.0,1.0,0.305,1.137931034482759,2.689655172413793,3.827586206896552,1.4655172413793105,1.2586206896551724,0.5344827586206896,0.3793103448275862,2.586206896551724,7.0344827586206895,-1.827586206896552
72,1628990,20.33215909090909,0.4482272727272727,0.204,0.5227272727272727,0.2102272727272727,0.7045454545454546,3.5,4.204545454545454,0.7727272727272727,0.5681818181818182,0.5227272727272727,0.1363636363636363,1.3409090909090908,5.204545454545454,-2.613636363636364
73,1628977,10.319215686274507,0.3560196078431372,0.0490196078431372,0.7058823529411765,0.3120980392156863,0.7450980392156863,1.156862745098039,1.9019607843137252,0.3333333333333333,0.4509803921568627,0.4117647058823529,0.196078431372549,1.5098039215686274,3.725490196078432,-1.4901960784313726
74,1628999,6.516666666666667,0.25,0.0,0.0,0.0,0.5,1.0,1.5,0.0,0.0,0.5,0.0,0.0,1.0,2.0
75,1629002,5.015172413793104,0.1597586206896551,0.0,0.4482758620689655,0.1925172413793103,0.3103448275862069,0.9310344827586208,1.2413793103448276,0.4482758620689655,0.5172413793103449,0.2068965517241379,0.0689655172413793,0.4827586206896552,1.7586206896551724,-0.0344827586206896
76,1628976,25.222727272727276,0.4822954545454545,0.0947045454545454,2.022727272727273,0.5883863636363637,1.9772727272727275,5.0,6.977272727272728,1.7727272727272727,1.4772727272727273,0.5909090909090909,1.318181818181818,3.4545454545454546,10.340909090909092,-6.636363636363637
77,1629001,19.6778,0.36302,0.2289,0.42,0.19834,0.5,2.18,2.68,3.18,1.5,1.36,0.46,2.26,5.0,-3.36
78,1628991,26.11531609195402,0.4992931034482759,0.3054482758620689,2.603448275862069,0.6458275862068965,1.2586206896551724,3.431034482758621,4.689655172413793,1.103448275862069,1.6896551724137931,0.896551724137931,1.4137931034482758,3.793103448275862,13.758620689655173,-1.7758620689655171
79,1628993,4.602380952380953,0.0999999999999999,0.0714285714285714,0.2857142857142857,0.0892857142857142,0.2857142857142857,1.0714285714285714,1.3571428571428572,0.0714285714285714,0.0,0.0714285714285714,0.2142857142857142,0.5,0.9285714285714286,0.0714285714285714
80,1628994,5.9,0.0,0.0,0.0,0.0,0.0,1.0,1.0,0.0,0.0,0.0,0.0,0.0,0.0,-9.0
81,1628995,28.771911111111116,0.35296,0.3208933333333333,2.16,0.6125866666666667,0.8133333333333334,3.653333333333333,4.466666666666667,1.0933333333333333,1.52,0.5733333333333334,0.32,2.333333333333333,12.84,-8.506666666666666
82,1628978,15.23283950617284,0.3625925925925926,0.2499629629629629,0.3333333333333333,0.1574074074074074,0.5925925925925926,1.8148148148148149,2.4074074074074074,1.148148148148148,0.7037037037037037,0.4814814814814814,0.2222222222222222,1.4074074074074074,4.851851851851852,3.962962962962963
83,1628515,14.33923076923077,0.3398205128205128,0.1709230769230769,0.3846153846153846,0.141025641025641,0.1282051282051282,1.7692307692307692,1.8974358974358971,2.230769230769231,0.7948717948717948,0.282051282051282,0.0512820512820512,1.6923076923076923,3.4871794871794872,0.5128205128205128
84,1628960,10.955087719298248,0.2925526315789474,0.2667631578947368,1.1842105263157894,0.3687368421052632,0.0789473684210526,0.5263157894736842,0.6052631578947368,0.6578947368421053,0.868421052631579,0.1578947368421052,0.1578947368421052,1.236842105263158,5.552631578947368,-3.0526315789473686
85,1629021,10.376279069767442,0.3181627906976744,0.2542558139534883,1.0,0.3565813953488372,0.3953488372093023,1.5813953488372092,1.976744186046512,0.5581395348837209,0.9069767441860463,0.2558139534883721,0.3023255813953488,1.3255813953488371,4.813953488372093,-2.255813953488372
86,1628961,5.283333333333333,0.0,0.0,1.0,0.5,0.0,0.5,0.5,0.0,0.5,1.0,0.0,0.0,1.0,1.5
87,1628518,5.6875,0.4930833333333333,0.0,0.5833333333333334,0.2291666666666666,0.5,1.25,1.75,0.25,0.0833333333333333,0.25,0.25,0.6666666666666666,2.25,1.0833333333333333
88,1628505,3.908333333333333,0.41675,0.5,0.0,0.0,0.25,0.5,0.75,1.0,0.0,0.25,0.0,0.0,2.5,2.0
89,1629020,4.069803921568628,0.2451176470588235,0.0,0.3529411764705882,0.1862941176470588,0.4117647058823529,0.9411764705882352,1.3529411764705883,0.1764705882352941,0.4705882352941176,0.3529411764705882,0.0588235294117647,0.4705882352941176,1.411764705882353,0.5882352941176471
90,1629019,22.79005208333333,0.447375,0.3489375,2.796875,0.608484375,0.484375,2.59375,3.078125,1.859375,1.8125,0.4375,0.21875,1.828125,10.859375,-3.203125
91,1628963,25.28217741935484,0.5151612903225806,0.2419354838709677,2.919354838709677,0.6229354838709678,2.6129032258064515,4.983870967741935,7.596774193548387,1.0,1.5806451612903225,0.532258064516129,0.9516129032258064,1.935483870967742,14.887096774193548,-1.6612903225806452
92,1629022,6.929313725490196,0.2575294117647059,0.1235294117647058,0.4705882352941176,0.1764705882352941,0.0,1.0,1.0,0.5294117647058824,0.2352941176470588,0.4117647058823529,0.1764705882352941,0.4117647058823529,2.647058823529412,-3.235294117647059
93,1628605,12.958333333333334,0.243,0.0,1.0,0.5,0.0,0.5,0.5,2.5,0.5,0.5,0.0,0.5,4.0,-5.0
94,1629026,23.461304347826086,0.3502826086956521,0.2539565217391304,0.2826086956521739,0.1195652173913043,1.1956521739130437,3.565217391304348,4.760869565217392,1.8043478260869563,0.782608695652174,0.9782608695652174,0.4130434782608695,2.065217391304348,6.065217391304348,-1.891304347826087
95,1628769,7.966666666666667,0.667,0.0,0.0,0.0,0.0,1.0,1.0,0.0,0.0,0.0,0.0,2.0,4.0,15.0
96,1628070,4.569444444444444,0.35,0.25,0.75,0.3889166666666666,0.0833333333333333,0.6666666666666666,0.75,0.5,0.1666666666666666,0.0,0.0,0.4166666666666667,2.4166666666666665,-1.6666666666666667
97,1628249,9.43,0.3,0.0,1.0,0.4333999999999999,1.2,1.2,2.4,1.2,0.2,0.4,0.0,0.6,4.2,1.4
98,1628959,12.035333333333332,0.2229,0.175,0.8,0.3833,1.1,1.5,2.6,1.3,0.8,0.1,0.0,0.7,3.7,-1.3
99,1629016,17.49003623188406,0.3535217391304348,0.3019130434782608,0.6956521739130435,0.2826086956521739,1.565217391304348,2.652173913043478,4.217391304347826,1.0217391304347827,0.6739130434782609,0.5652173913043478,0.5434782608695652,1.4565217391304348,5.913043478260869,-4.391304347826087
100,1628966,16.779222222222224,0.3586,0.1594333333333333,0.6,0.2638999999999999,0.5333333333333333,2.2333333333333334,2.7666666666666666,0.5666666666666667,0.4666666666666667,0.6,0.4666666666666667,0.9666666666666668,5.033333333333333,-1.7666666666666666
101,1629017,7.518012820512821,0.2499615384615384,0.1762692307692308,0.2692307692307692,0.0659230769230769,0.1538461538461538,0.6153846153846154,0.7692307692307693,0.3076923076923077,0.1538461538461538,0.2692307692307692,0.1923076923076923,0.8461538461538461,2.3461538461538463,-1.3076923076923077
102,1628964,16.301985815602837,0.4661914893617022,0.2304893617021276,0.7872340425531915,0.3308510638297872,1.3617021276595744,3.595744680851064,4.957446808510638,0.8297872340425532,0.9148936170212766,0.2765957446808511,1.3617021276595744,2.1702127659574466,6.212765957446808,-5.1063829787234045
103,1629018,7.37,0.1680666666666666,0.1244,0.2,0.0778,0.0666666666666666,0.6666666666666666,0.7333333333333333,0.3333333333333333,0.2666666666666666,0.0666666666666666,0.1333333333333333,0.2666666666666666,2.6666666666666665,-0.5333333333333333
104,1628969,29.477012195121947,0.4425609756097561,0.3061951219512195,1.1585365853658536,0.4061951219512195,0.6829268292682927,2.5365853658536586,3.2195121951219514,2.109756097560976,0.8536585365853658,1.5731707317073171,0.4634146341463415,2.451219512195122,8.341463414634147,-4.7317073170731705
