,PLAYER_ID,MIN,FG_PCT,FG3_PCT,FTM,FT_PCT,OREB,DREB,REB,AST,TOV,STL,BLK,PF,PTS,PLUS_MINUS
0,1630535,13.32972222222222,0.3969375,0.153875,0.9166666666666666,0.3142291666666666,0.7916666666666666,2.020833333333333,2.8125,0.7291666666666666,0.75,0.5416666666666666,0.5,1.875,4.6875,-5.020833333333333
1,1630538,18.983454106280192,0.3767101449275362,0.3170579710144927,1.5507246376811594,0.4907681159420289,0.2028985507246377,2.5217391304347827,2.7246376811594204,2.7681159420289854,1.2463768115942029,0.5942028985507246,0.2898550724637681,2.217391304347826,10.115942028985508,0.6086956521739131
2,1630539,2.985,0.3571428571428571,0.0476190476190476,0.1428571428571428,0.0476190476190476,0.1428571428571428,0.3809523809523809,0.5238095238095238,0.1904761904761904,0.2857142857142857,0.0476190476190476,0.0952380952380952,0.3809523809523809,1.0476190476190477,-0.6666666666666666
3,1630536,2.968205128205128,0.1923076923076923,0.0769230769230769,0.0,0.0,0.0,0.3846153846153846,0.3846153846153846,0.3846153846153846,0.3846153846153846,0.0,0.0,0.0769230769230769,0.5384615384615384,-2.6923076923076925
4,1630285,43.520833333333336,0.35425,0.08325,1.25,0.5,0.5,4.75,5.25,7.5,2.5,1.25,1.0,3.75,11.0,-23.75
5,1630537,28.0150303030303,0.4338181818181818,0.3788363636363637,1.6363636363636365,0.4897090909090909,0.7454545454545455,3.363636363636364,4.109090909090909,2.0727272727272728,1.6363636363636365,1.018181818181818,0.1818181818181818,1.7272727272727273,13.090909090909092,-0.9636363636363636
6,1630278,1.4666666666666666,0.0,0.0,0.0,0.0,0.0,0.0,0.0,0.0,0.0,0.0,0.0,0.0,0.0,-1.0
7,1630543,15.029027777777776,0.4854444444444444,0.1203611111111111,1.6666666666666667,0.3914444444444445,1.6666666666666667,2.4722222222222223,4.138888888888889,0.2777777777777778,1.1111111111111112,0.6944444444444444,1.4444444444444444,2.555555555555556,8.25,-1.0833333333333333
8,1629958,0.8433333333333334,1.0,0.0,0.0,0.0,0.0,0.0,0.0,0.0,0.0,0.0,0.0,0.0,2.0,2.0
9,1629875,13.736833333333331,0.3403,0.2583,0.3,0.1167,0.2,1.2,1.4,2.4,0.6,0.7,0.3,0.9,5.8,0.2
10,1630544,22.782083333333333,0.3911833333333333,0.3571666666666667,1.0833333333333333,0.3465333333333333,0.4166666666666667,2.433333333333333,2.85,1.5166666666666666,1.1833333333333331,0.7833333333333333,0.2,1.7,10.416666666666666,-4.633333333333334
11,1627760,4.283333333333333,0.0,0.0,0.0,0.0,0.3333333333333333,0.6666666666666666,1.0,1.0,0.3333333333333333,0.0,0.0,0.3333333333333333,0.0,3.6666666666666665
12,1630227,10.892916666666666,0.3199166666666667,0.1180416666666666,0.6666666666666666,0.3159583333333333,0.2916666666666667,1.0833333333333333,1.375,1.6666666666666667,1.0833333333333333,0.625,0.0,0.875,3.208333333333333,-1.9166666666666667
13,1630541,11.675384615384615,0.3643269230769231,0.2864423076923076,0.5384615384615384,0.1669807692307692,0.3269230769230769,1.2115384615384617,1.5384615384615383,0.4423076923076923,0.25,0.1346153846153846,0.1923076923076923,0.8269230769230769,4.384615384615385,-0.8076923076923077
14,1629873,6.616666666666666,0.0,0.0,0.0,0.0,0.0,1.0,1.0,1.0,1.0,0.0,0.0,2.0,0.0,-10.0
15,1629656,17.091884057971015,0.3229347826086957,0.2996086956521739,0.2826086956521739,0.108695652173913,0.5217391304347826,1.5217391304347827,2.0434782608695654,0.9565217391304348,0.6086956521739131,0.6739130434782609,0.2391304347826087,1.565217391304348,5.978260869565218,-1.173913043478261
16,1630228,16.925,0.4463,0.2161857142857143,1.8571428571428568,0.4667142857142857,0.7714285714285715,2.571428571428572,3.342857142857143,0.9142857142857144,1.0571428571428572,0.4428571428571428,0.3142857142857143,2.085714285714286,9.314285714285717,0.5
17,1629788,1.933333333333333,0.0,0.0,0.0,0.0,0.0,0.0,0.0,0.0,0.0,0.0,0.0,0.0,0.0,-5.0
18,1629783,4.908333333333333,0.1665,0.0,0.0,0.0,0.5,0.5,1.0,1.0,1.0,0.5,0.0,0.5,1.0,-1.0
19,1630540,9.305291666666664,0.222575,0.16625,0.2,0.0875,0.1,0.95,1.05,1.025,0.125,0.35,0.025,1.125,2.225,2.525
20,1629755,21.386875,0.525,0.447875,0.375,0.1875,0.125,2.5,2.625,2.5,1.125,0.625,0.125,1.625,6.25,-0.25
21,1629600,4.105555555555555,0.3333333333333333,0.0,0.0,0.0,0.3333333333333333,0.6666666666666666,1.0,0.3333333333333333,0.0,0.0,0.0,0.6666666666666666,0.6666666666666666,3.0
22,1629602,2.8,0.0,0.0,0.0,0.0,0.0,1.0,1.0,0.0,0.0,1.0,0.0,1.0,0.0,4.0
23,1630288,12.00185185185185,0.2352222222222222,0.0555555555555555,0.2222222222222222,0.1111111111111111,0.8888888888888888,1.1111111111111112,2.0,1.1111111111111112,0.5555555555555556,0.5555555555555556,0.1111111111111111,0.5555555555555556,2.111111111111111,-2.888888888888889
24,1630525,0.9925,0.0,0.0,0.0,0.0,0.0,0.0,0.0,0.0,0.0,0.0,0.0,0.0,0.0,-1.0
25,1630296,17.922727272727272,0.472,0.3363636363636363,0.6363636363636364,0.2818181818181818,1.181818181818182,3.363636363636364,4.545454545454546,1.0,1.0,0.9090909090909092,1.0,2.363636363636364,7.181818181818182,2.4545454545454546
26,1630245,27.39794372294372,0.5038571428571428,0.3220909090909091,0.6883116883116883,0.2939090909090909,0.3506493506493506,2.4285714285714284,2.779220779220779,3.324675324675325,1.4025974025974026,0.7792207792207793,0.3766233766233766,2.363636363636364,8.818181818181818,-2.5844155844155843
27,1630527,14.906764705882352,0.3325294117647058,0.1966274509803921,1.156862745098039,0.4290980392156863,0.3333333333333333,1.843137254901961,2.176470588235294,1.0,0.6078431372549019,0.5098039215686274,0.2549019607843137,0.8431372549019608,6.725490196078432,-0.7254901960784313
28,1629309,16.773333333333333,0.0,0.0,0.0,0.0,0.0,2.0,2.0,0.0,1.0,0.0,0.0,2.0,0.0,-12.0
29,1630526,22.185884353741496,0.3809183673469387,0.2914285714285714,0.8163265306122449,0.3214285714285714,1.530612244897959,4.061224489795919,5.591836734693878,1.0,0.7959183673469388,0.5918367346938775,0.3061224489795918,1.530612244897959,7.469387755102041,-4.857142857142857
30,1630243,7.443833333333333,0.4295,0.2733,0.4,0.3,0.7,0.9,1.6,0.4,0.7,0.5,0.1,0.6,4.3,0.8
31,1630306,5.425000000000001,0.1665,0.1665,0.0,0.0,0.0,1.5,1.5,0.0,0.5,0.0,0.0,0.0,1.5,-7.0
32,1630314,26.654375,0.3703333333333333,0.260875,2.833333333333333,0.6097083333333334,0.7916666666666666,2.2916666666666665,3.083333333333333,3.9166666666666665,2.4166666666666665,1.0,0.4166666666666667,2.1666666666666665,12.875,-11.333333333333334
33,1630322,18.61,0.36984,0.33552,0.16,0.1,0.24,2.68,2.92,0.96,0.44,0.76,0.32,1.24,7.96,-1.56
34,1626208,17.700104166666666,0.30590625,0.19665625,0.46875,0.1979375,0.25,1.15625,1.40625,1.9375,1.03125,0.375,0.125,1.59375,5.625,-2.15625
35,1630346,5.25,0.2,0.2,0.0,0.0,0.0,0.0,0.0,0.0,0.0,1.0,0.0,0.0,3.0,3.0
36,1629623,10.480438596491227,0.302157894736842,0.1929473684210526,1.0,0.2466842105263157,0.1578947368421052,1.1578947368421053,1.3157894736842106,1.2105263157894737,0.631578947368421,0.2631578947368421,0.0526315789473684,0.8947368421052632,4.2105263157894735,-2.473684210526316
37,1630249,22.996666666666663,0.3436333333333333,0.2589333333333333,0.6333333333333333,0.2666666666666666,0.6,2.7666666666666666,3.3666666666666667,1.9,0.9666666666666668,0.6333333333333333,0.2666666666666666,2.1666666666666665,6.233333333333333,-5.966666666666667
38,1629619,4.733333333333333,0.1704545454545454,0.0909090909090909,0.1818181818181818,0.0909090909090909,0.0909090909090909,0.4545454545454545,0.5454545454545454,0.2727272727272727,0.2727272727272727,0.0909090909090909,0.0,0.7272727272727273,1.181818181818182,-1.6363636363636365
39,1630250,3.909444444444445,0.1222222222222222,0.0555555555555555,0.8888888888888888,0.4258888888888889,0.5555555555555556,0.5555555555555556,1.1111111111111112,0.0,0.2222222222222222,0.1111111111111111,0.1111111111111111,0.6666666666666666,1.8888888888888888,0.3333333333333333
40,1630533,21.71720430107527,0.4298709677419355,0.2917741935483871,0.6935483870967742,0.2983870967741935,0.4193548387096774,1.6612903225806452,2.0806451612903225,1.0483870967741935,0.6612903225806451,0.5645161290322581,0.1935483870967742,1.8225806451612905,8.080645161290322,1.967741935483871
41,1630257,2.580555555555556,0.0,0.0,0.0,0.0,0.0,0.6666666666666666,0.6666666666666666,0.3333333333333333,0.0,0.3333333333333333,0.0,0.3333333333333333,0.0,-1.0
42,1629111,10.902438271604938,0.4537222222222222,0.2796296296296296,0.6296296296296297,0.2484629629629629,1.1666666666666667,1.3888888888888888,2.555555555555556,0.8333333333333334,0.5740740740740741,0.1851851851851851,0.2592592592592592,0.9814814814814816,4.907407407407407,-0.3148148148148148
43,1630532,30.747426160337557,0.4603924050632911,0.3457468354430379,2.392405063291139,0.6410379746835443,1.0632911392405062,3.4430379746835444,4.506329113924051,2.9240506329113924,1.5063291139240509,0.8607594936708861,0.430379746835443,2.075949367088608,15.151898734177216,-3.088607594936709
44,1629083,2.65,0.0,0.0,0.0,0.0,0.0,0.0,0.0,0.0,0.0,0.0,0.0,0.5,0.0,-6.0
45,1629646,7.298260869565217,0.4846521739130435,0.0,0.391304347826087,0.2029130434782608,0.9565217391304348,1.7391304347826086,2.6956521739130435,0.3043478260869565,0.3478260869565217,0.217391304347826,0.7391304347826086,1.391304347826087,3.0,-1.4782608695652173
46,1629674,7.973333333333333,0.2999333333333333,0.0,0.7333333333333333,0.1777999999999999,0.9333333333333332,1.1333333333333333,2.066666666666667,0.4,0.4,0.0666666666666666,0.5333333333333333,1.2,3.0,-0.4666666666666667
47,1630529,29.938247863247863,0.472974358974359,0.2475641025641025,1.7564102564102564,0.5727692307692308,1.2564102564102564,2.5384615384615383,3.7948717948717943,2.141025641025641,1.2820512820512822,1.6666666666666667,0.7692307692307693,3.051282051282051,9.512820512820513,0.8717948717948718
48,1630286,5.683333333333333,0.25,0.0,0.0,0.0,0.5,0.5,1.0,0.0,0.0,0.5,0.5,1.0,3.0,2.0
49,1630528,18.023536036036035,0.3999324324324324,0.2161756756756756,1.1216216216216215,0.3133648648648648,0.7027027027027027,1.8108108108108107,2.5135135135135136,2.027027027027027,1.5405405405405406,0.8783783783783784,0.1756756756756756,1.3108108108108107,7.932432432432432,-3.675675675675676
50,1630531,2.816666666666667,0.5,0.0,0.0,0.0,0.5,0.5,1.0,0.0,0.5,0.0,1.0,0.0,1.0,-4.0
51,1630530,13.928951612903226,0.3608225806451612,0.3339032258064516,0.7258064516129032,0.2951612903225806,0.7580645161290323,1.6129032258064515,2.370967741935484,0.6129032258064516,0.2580645161290322,0.3709677419354839,0.1129032258064516,0.967741935483871,5.387096774193548,-0.0161290322580645
52,1630570,18.11138888888889,0.5503958333333333,0.0920208333333333,1.4791666666666667,0.492,1.1875,2.958333333333333,4.145833333333333,1.6875,0.9166666666666666,0.5208333333333334,0.5833333333333334,2.4166666666666665,7.583333333333333,-7.291666666666667
53,1630568,12.15515625,0.4543125,0.24540625,1.1875,0.4185625,1.8125,1.3125,3.125,0.625,0.5625,0.28125,0.1875,1.71875,5.8125,-1.96875
54,1630637,4.651666666666666,0.2,0.0,0.4,0.2,0.2,0.4,0.6,1.0,0.6,0.2,0.0,0.0,0.8,-4.0
55,1630631,15.442746913580246,0.3712037037037037,0.1897962962962963,0.6666666666666666,0.233037037037037,0.4629629629629629,1.3888888888888888,1.851851851851852,2.814814814814815,0.7407407407407407,1.3148148148148149,0.1296296296296296,1.351851851851852,6.111111111111111,2.6481481481481484
56,1630270,4.301851851851852,0.1481111111111111,0.1111111111111111,0.0,0.0,0.2222222222222222,0.4444444444444444,0.6666666666666666,0.1111111111111111,0.0,0.0,0.0,0.2222222222222222,0.5555555555555556,-0.6666666666666666
57,1630575,3.2750000000000004,0.0,0.0,0.5,0.25,0.0,0.0,0.0,0.5,0.0,0.5,0.0,0.0,0.5,-2.0
58,1630613,20.16645833333333,0.3644791666666667,0.3313333333333333,0.9583333333333334,0.3781874999999999,0.0833333333333333,1.6458333333333333,1.7291666666666667,1.7708333333333333,1.1875,0.5416666666666666,0.0625,1.375,9.854166666666666,-2.6041666666666665
59,1630573,6.061730769230769,0.3615384615384615,0.3563846153846154,0.0,0.0,0.1923076923076923,0.9230769230769232,1.1153846153846154,0.3846153846153846,0.0769230769230769,0.0384615384615384,0.0769230769230769,0.2692307692307692,2.5,0.0384615384615384
60,1630215,8.566031746031745,0.3355238095238095,0.2367380952380952,0.2619047619047619,0.0992142857142857,0.119047619047619,0.9523809523809524,1.0714285714285714,1.5,0.7857142857142857,0.4047619047619047,0.1904761904761904,1.119047619047619,3.8333333333333335,-0.2619047619047619
61,1630624,4.183333333333334,0.0,0.0,0.0,0.0,0.5,0.0,0.5,0.5,0.5,0.5,0.0,0.5,0.0,-0.5
62,1630625,10.870104166666666,0.327421875,0.1046875,0.40625,0.173171875,0.59375,1.34375,1.9375,1.546875,0.828125,0.4375,0.15625,1.0625,3.203125,0.53125
63,1630572,9.926869918699188,0.3832195121951219,0.2380487804878048,0.4390243902439024,0.1422682926829268,0.8536585365853658,1.146341463414634,2.0,0.5365853658536586,0.3658536585365853,0.2195121951219512,0.2195121951219512,0.6829268292682927,3.7560975609756095,-3.5365853658536586
64,1630567,35.36876126126126,0.4917972972972973,0.2195945945945946,2.135135135135135,0.5402567567567568,2.635135135135135,4.891891891891892,7.527027027027027,3.45945945945946,1.837837837837838,1.0810810810810811,0.7432432432432432,2.5945945945945947,15.324324324324325,0.8918918918918919
65,1630678,21.630151515151518,0.5653939393939394,0.2045454545454545,1.0909090909090908,0.4121515151515151,2.878787878787879,2.333333333333333,5.212121212121212,1.2424242424242424,0.696969696969697,0.4242424242424242,0.2424242424242424,1.8484848484848484,9.636363636363637,-3.4545454545454546
66,1630686,16.421410256410255,0.3409230769230769,0.2363076923076923,1.0769230769230769,0.3249999999999999,0.4615384615384615,1.1538461538461535,1.6153846153846154,0.9230769230769232,1.5384615384615383,0.8461538461538461,0.1538461538461538,1.4615384615384617,6.615384615384615,-10.307692307692308
67,1630561,15.503333333333332,0.2747272727272727,0.1666818181818181,0.7727272727272727,0.3030454545454545,1.3636363636363635,1.681818181818182,3.0454545454545454,0.7727272727272727,0.4090909090909091,0.6363636363636364,0.3181818181818182,1.6363636363636365,4.727272727272728,-0.4545454545454545
68,1630560,17.553134328358208,0.3597761194029851,0.1727014925373134,1.2985074626865671,0.4022388059701492,0.2388059701492537,2.164179104477612,2.4029850746268657,1.164179104477612,0.8208955223880597,0.4925373134328358,0.1194029850746268,0.9850746268656716,8.507462686567164,-2.074626865671642
69,1630688,7.971777777777778,0.2197777777777778,0.1579555555555555,0.1555555555555555,0.0888888888888888,0.6,0.6,1.2,0.3333333333333333,0.2888888888888888,0.4444444444444444,0.1333333333333333,1.0888888888888888,2.4,0.8666666666666667
70,1630691,13.574487179487177,0.3315384615384615,0.2878461538461538,0.0769230769230769,0.0384615384615384,0.4615384615384615,2.0,2.4615384615384617,0.5384615384615384,0.3846153846153846,0.0,0.5384615384615384,0.9230769230769232,3.8461538461538463,0.0
71,1630648,7.566666666666666,0.0625,0.08325,0.5,0.25,0.5,1.5,2.0,0.0,0.25,0.25,0.0,0.0,1.25,0.5
72,1630563,19.3008,0.37178,0.26594,0.88,0.30266,0.64,1.62,2.26,1.62,1.14,0.4,0.46,1.58,5.76,-1.62
73,1630640,4.196666666666666,0.0,0.0,0.0,0.0,0.0,0.5,0.5,0.5,0.0,1.0,0.0,0.5,0.0,-1.5
74,1630643,5.0625,0.0,0.0,0.0,0.0,0.25,0.75,1.0,0.25,0.25,0.25,0.25,0.25,0.0,3.75
75,1630565,2.830555555555556,0.0833333333333333,0.0,0.0,0.0,0.0,0.1666666666666666,0.1666666666666666,0.0,0.3333333333333333,0.0,0.3333333333333333,0.3333333333333333,0.3333333333333333,-3.333333333333333
76,1630644,12.191666666666665,0.7,0.1665,0.5,0.5,0.0,1.5,1.5,0.5,1.5,0.5,0.5,2.5,4.0,3.5
77,1630647,4.454166666666667,0.125,0.125,0.5,0.25,0.5,1.25,1.75,0.5,0.0,0.0,0.0,0.5,1.75,0.75
78,1627822,2.920384615384616,0.1795384615384615,0.0769230769230769,0.2307692307692307,0.1153846153846153,0.5384615384615384,0.5384615384615384,1.0769230769230769,0.2307692307692307,0.3076923076923077,0.0769230769230769,0.0769230769230769,0.5384615384615384,1.0769230769230769,0.6153846153846154
79,1630589,3.683333333333333,0.08325,0.0,0.75,0.5,0.25,0.5,0.75,0.5,0.0,0.0,0.25,0.0,1.25,-1.75
80,1630582,5.914583333333333,0.2321666666666666,0.1110833333333333,0.0,0.0,0.4166666666666667,0.5833333333333334,1.0,0.0833333333333333,0.0833333333333333,0.0833333333333333,0.3333333333333333,0.5,1.0833333333333333,-2.5
81,1628238,3.6916666666666655,0.25,0.0,1.0,0.5,1.0,1.0,2.0,0.0,1.0,0.5,0.0,1.0,3.0,1.0
82,1628221,10.6525,0.2,0.125,1.5,0.5835,0.0,1.0,1.0,2.0,0.5,1.0,0.5,2.0,4.0,-2.0
83,1630593,3.773333333333333,0.3,0.2,0.0,0.0,0.0,0.0,0.0,0.6,0.2,0.0,0.0,0.2,1.0,-1.4
84,1630595,32.625859375,0.408828125,0.277296875,2.21875,0.57865625,0.90625,4.625,5.53125,5.5625,3.65625,1.21875,0.671875,3.125,17.40625,-4.296875
85,1630591,27.221944444444443,0.3517916666666666,0.2025833333333333,2.625,0.5515,0.5416666666666666,3.020833333333333,3.5625,4.354166666666667,2.9791666666666665,1.2291666666666667,0.3958333333333333,2.958333333333333,11.75,-4.291666666666667
86,1630583,11.242760416666666,0.36628125,0.06978125,0.625,0.2323125,1.03125,1.6875,2.71875,0.65625,0.5,0.1875,0.3125,1.125,4.125,0.5
87,1630586,9.965,0.3201666666666666,0.1666666666666666,0.2083333333333333,0.0902916666666666,0.875,2.583333333333333,3.458333333333333,0.7083333333333334,0.25,0.4166666666666667,0.4583333333333333,1.1666666666666667,2.0,1.375
88,1630587,20.17140350877193,0.3973157894736842,0.348,0.631578947368421,0.2851052631578947,0.7894736842105263,2.210526315789474,3.0,1.105263157894737,0.7894736842105263,0.6842105263157895,0.3684210526315789,1.947368421052632,6.368421052631579,-0.5263157894736842
89,1630585,10.685694444444444,0.15075,0.0833333333333333,0.1666666666666666,0.125,0.75,1.1666666666666667,1.9166666666666667,0.5833333333333334,0.1666666666666666,0.4166666666666667,0.25,1.3333333333333333,1.0833333333333333,1.4166666666666667
90,1630581,31.48799382716049,0.4103703703703704,0.2466111111111111,1.037037037037037,0.3413703703703704,1.8148148148148149,5.981481481481482,7.796296296296297,6.388888888888889,3.1666666666666665,0.9444444444444444,0.3703703703703703,1.6296296296296295,12.48148148148148,-5.537037037037037
91,1630602,20.731666666666666,0.412,0.2,1.0,0.35,0.2,3.0,3.2,0.8,0.2,0.4,0.0,1.4,6.2,-4.0
92,1630606,11.75627450980392,0.2029411764705882,0.1764705882352941,0.2941176470588235,0.1029411764705882,0.2941176470588235,1.1176470588235294,1.411764705882353,0.9411764705882352,0.6470588235294118,0.3529411764705882,0.1764705882352941,0.7058823529411765,3.0,-2.4705882352941178
93,1630610,0.8616666666666667,0.0,0.0,0.0,0.0,0.0,0.0,0.0,0.0,0.0,0.0,0.0,0.0,0.0,2.0
94,1630612,4.48095238095238,0.2107142857142857,0.0,0.2142857142857142,0.1071428571428571,0.2142857142857142,0.2857142857142857,0.5,0.8571428571428571,0.2142857142857142,0.0714285714285714,0.0,0.1428571428571428,1.0714285714285714,-0.5
95,1630578,20.68462962962963,0.4700277777777777,0.2097083333333333,2.2916666666666665,0.6040416666666667,1.9166666666666667,3.5416666666666665,5.458333333333333,2.5694444444444446,2.013888888888889,0.8194444444444444,0.9444444444444444,2.9722222222222223,9.61111111111111,-4.291666666666667
96,1630605,2.725,0.0,0.0,0.0,0.0,0.0,0.0,0.0,0.5,0.0,0.0,0.0,0.25,0.0,-2.25
97,1630195,6.884142857142857,0.2031428571428571,0.1047714285714285,0.3142857142857143,0.1714285714285714,0.4571428571428571,0.7714285714285715,1.2285714285714286,0.6,0.3714285714285714,0.1714285714285714,0.0,0.7428571428571429,1.4285714285714286,0.0857142857142857
98,1630580,7.073850574712643,0.2188620689655172,0.1821724137931034,0.2413793103448276,0.1149310344827586,0.1379310344827586,0.3448275862068966,0.4827586206896552,0.3103448275862069,0.0689655172413793,0.1379310344827586,0.1034482758620689,0.4827586206896552,2.103448275862069,0.0
99,1630596,33.783140096618354,0.5089710144927536,0.152159420289855,2.420289855072464,0.6093188405797101,2.072463768115942,6.188405797101449,8.26086956521739,2.5217391304347827,1.9275362318840576,0.8115942028985508,1.6666666666666667,2.130434782608696,14.985507246376812,1.3768115942028984
100,1630598,24.175,0.43016,0.27982,1.24,0.42352,1.02,2.54,3.56,1.36,1.08,0.6,0.2,1.86,8.32,-4.7
101,1630209,12.610684523809525,0.475875,0.0178571428571428,0.6785714285714286,0.2729285714285714,1.5178571428571428,3.732142857142857,5.25,0.875,0.7321428571428571,0.3035714285714285,0.3571428571428571,1.5,5.339285714285714,1.125
102,1630579,13.537642276422764,0.4024634146341463,0.0,0.2926829268292683,0.0995853658536585,1.4878048780487805,2.6341463414634148,4.121951219512195,0.5121951219512195,0.4878048780487805,0.2682926829268293,0.5365853658536586,1.6097560975609757,2.1951219512195124,1.853658536585366
103,1630692,2.966666666666667,0.0,0.0,0.0,0.0,0.0,0.5,0.5,0.0,0.0,0.0,0.0,0.5,0.0,-4.0
104,1630846,19.130454545454544,0.4884090909090908,0.2689090909090909,1.0909090909090908,0.4129090909090909,1.5454545454545454,2.6818181818181817,4.227272727272728,0.8636363636363636,1.0,0.2727272727272727,0.6818181818181818,2.363636363636364,6.954545454545454,-1.2727272727272727
105,1630994,11.05,0.1395,0.225,0.0,0.0,0.5,1.25,1.75,2.75,0.75,0.75,0.0,1.75,3.25,4.75
106,1630553,18.81747747747748,0.3193513513513514,0.1951081081081081,1.108108108108108,0.3896486486486486,0.6486486486486487,1.5405405405405406,2.189189189189189,2.054054054054054,1.2432432432432432,0.7567567567567568,0.3243243243243243,1.864864864864865,7.216216216216216,-7.756756756756757
107,1630787,15.322222222222225,0.3443333333333333,0.2776666666666667,0.6666666666666666,0.3333333333333333,2.0,3.0,5.0,1.0,0.0,0.0,0.3333333333333333,2.333333333333333,4.666666666666667,2.6666666666666665
108,1630792,11.16263157894737,0.2977894736842105,0.2175263157894736,0.5789473684210527,0.2017894736842105,0.5789473684210527,1.263157894736842,1.8421052631578947,0.4210526315789473,0.1578947368421052,0.3684210526315789,0.1578947368421052,1.263157894736842,3.789473684210526,-1.631578947368421
109,1630556,20.5665625,0.3414583333333333,0.3135416666666666,0.3333333333333333,0.1875,0.9166666666666666,2.6666666666666665,3.583333333333333,0.6458333333333334,0.875,0.6041666666666666,0.5,1.7708333333333333,5.916666666666667,-1.25
110,1630555,2.888095238095238,0.0285714285714285,0.0,0.0,0.0,0.1428571428571428,0.2857142857142857,0.4285714285714285,0.5714285714285714,0.0,0.0,0.0,0.0,0.2857142857142857,0.4285714285714285
111,1630224,31.9063184079602,0.4180895522388059,0.306955223880597,2.8059701492537314,0.5782835820895522,0.4925373134328358,2.880597014925373,3.373134328358209,2.626865671641791,2.014925373134328,0.6567164179104478,0.2686567164179104,1.537313432835821,17.26865671641791,-7.746268656716418
112,1630549,12.2084375,0.5906875,0.046875,0.75,0.30990625,2.53125,2.46875,5.0,0.53125,0.9375,0.3125,0.46875,1.875,6.1875,1.78125
113,1630225,6.179027777777777,0.2360833333333333,0.1666666666666666,0.1666666666666666,0.0833333333333333,0.25,0.75,1.0,0.3333333333333333,0.3333333333333333,0.3333333333333333,0.1666666666666666,0.3333333333333333,1.6666666666666667,-2.0
114,1630547,9.821827956989248,0.2226451612903225,0.1445806451612903,0.8709677419354839,0.2532258064516129,0.7096774193548387,0.967741935483871,1.6774193548387095,0.8387096774193549,0.4838709677419355,0.2258064516129032,0.032258064516129,0.935483870967742,4.580645161290323,-1.6129032258064515
115,1630758,14.706,0.2332,0.08,0.0,0.0,0.4,2.6,3.0,0.4,0.8,0.2,0.0,1.4,2.8,-7.0
116,1630550,7.935858585858585,0.2848484848484848,0.0959393939393939,0.3636363636363636,0.1818181818181818,0.3333333333333333,0.9696969696969696,1.303030303030303,0.5757575757575758,0.303030303030303,0.2424242424242424,0.3333333333333333,0.7878787878787878,2.0303030303030303,-0.2121212121212121
117,1630552,5.472272727272728,0.3093636363636363,0.0757727272727272,0.2272727272727272,0.1136363636363636,0.0909090909090909,1.0909090909090908,1.181818181818182,0.1363636363636363,0.4090909090909091,0.1363636363636363,0.0909090909090909,0.4090909090909091,2.363636363636364,-0.8636363636363636
118,1630551,7.800879629629629,0.3076111111111111,0.1194444444444444,0.25,0.1388888888888889,1.0277777777777777,0.9722222222222222,2.0,0.3055555555555556,0.2222222222222222,0.2222222222222222,0.1111111111111111,0.8888888888888888,2.25,1.4444444444444444
119,1630695,10.310555555555556,0.3,0.0,0.6666666666666666,0.3333333333333333,1.3333333333333333,1.6666666666666667,3.0,0.0,0.3333333333333333,0.3333333333333333,0.3333333333333333,1.3333333333333333,4.0,-13.333333333333334
120,1630698,6.917222222222222,0.1972916666666666,0.1249583333333333,0.125,0.0625,0.0833333333333333,0.375,0.4583333333333333,1.25,0.2916666666666667,0.125,0.0,0.4583333333333333,1.625,-1.4583333333333333
121,1630693,3.066666666666667,0.0,0.0,0.0,0.0,0.0,0.0,0.0,0.0,0.0,0.0,0.0,0.0,0.0,-1.0
122,1630557,23.390367965367965,0.4263636363636363,0.2877272727272727,0.7012987012987013,0.3246753246753247,0.6883116883116883,2.0259740259740258,2.7142857142857144,1.103896103896104,0.6493506493506493,0.4545454545454545,0.2857142857142857,1.207792207792208,8.233766233766234,0.4935064935064935
123,1628591,6.327777777777777,0.25,0.0,0.0,0.0,0.0,0.0,0.0,0.3333333333333333,0.3333333333333333,1.3333333333333333,0.0,2.333333333333333,2.0,0.3333333333333333
124,1630558,27.677666666666664,0.4032266666666667,0.3024533333333333,0.7466666666666667,0.2533333333333333,0.44,1.7733333333333334,2.2133333333333334,4.173333333333333,1.52,0.7333333333333333,0.32,1.88,11.48,-3.6666666666666665
125,1630559,23.240683060109287,0.4145081967213114,0.2681311475409836,1.6229508196721312,0.4699508196721311,0.7377049180327869,2.4262295081967213,3.1639344262295084,1.8032786885245904,0.6557377049180327,0.4754098360655737,0.3278688524590163,1.4262295081967211,7.278688524590164,0.8852459016393442
