,PLAYER_ID,MIN,FG_PCT,FG3_PCT,FTM,FT_PCT,OREB,DREB,REB,AST,TOV,STL,BLK,PF,PTS,PLUS_MINUS
0,1631133,11.056488095238096,0.3625178571428571,0.13125,0.6071428571428571,0.2547678571428571,0.8571428571428571,1.4821428571428572,2.3392857142857144,0.6071428571428571,0.5178571428571429,0.1785714285714285,0.2321428571428571,1.2321428571428572,3.857142857142857,-2.0535714285714284
1,1631121,17.108623188405797,0.343195652173913,0.208695652173913,1.3043478260869563,0.3848043478260869,0.4347826086956521,1.5869565217391304,2.0217391304347827,1.173913043478261,0.9347826086956522,0.3260869565217391,0.1304347826086956,1.0434782608695652,5.3478260869565215,-3.260869565217391
2,1631108,12.498170731707315,0.3142195121951219,0.2560975609756097,0.3414634146341463,0.1463414634146341,0.1707317073170731,1.6585365853658536,1.829268292682927,0.5121951219512195,0.3170731707317073,0.2195121951219512,0.1707317073170731,0.8048780487804879,3.1219512195121952,-1.8780487804878048
3,1631157,5.1725,0.28475,0.15275,0.5,0.25,0.25,0.75,1.0,0.5,1.3333333333333333,0.0833333333333333,0.0833333333333333,0.8333333333333334,1.9166666666666667,-3.9166666666666665
4,1631098,15.091964285714283,0.3159642857142857,0.1279642857142857,0.5,0.1999999999999999,0.3571428571428571,1.9642857142857144,2.321428571428572,1.0,0.6071428571428571,0.3571428571428571,0.2857142857142857,1.7142857142857142,5.821428571428571,-1.9285714285714288
5,1631099,29.770916666666665,0.4271625,0.399075,0.775,0.31375,1.1125,3.525,4.6375,1.225,0.75,0.7625,0.525,2.025,12.2,1.2375
6,1631197,14.133571428571427,0.3335,0.125,0.4285714285714285,0.2142857142857142,0.7857142857142857,1.8571428571428568,2.642857142857143,0.2857142857142857,0.2142857142857142,0.2857142857142857,0.0714285714285714,1.6428571428571428,3.2142857142857144,1.5
7,1631309,5.666666666666667,0.225,0.2286,0.6,0.2,0.0,0.0,0.0,0.6,0.2,0.0,0.0,0.2,1.8,0.6
8,1631207,5.630131578947368,0.310078947368421,0.1118421052631579,0.3684210526315789,0.1447368421052631,0.3157894736842105,0.6578947368421053,0.9736842105263158,0.5789473684210527,0.2105263157894736,0.2894736842105263,0.131578947368421,0.631578947368421,2.236842105263158,0.3157894736842105
9,1631205,9.014333333333331,0.1762,0.0809,0.2,0.1,0.2,0.4,0.6,0.4,0.0,0.2,0.0,0.6,1.6,0.3
10,1631303,22.2125,0.25,0.18325,0.0,0.0,0.75,3.0,3.75,1.0,1.0,0.5,1.25,2.25,4.25,-5.0
11,1631306,5.876904761904762,0.1904285714285714,0.1999999999999999,0.0,0.0,0.1428571428571428,0.8571428571428571,1.0,0.5714285714285714,0.0,0.0,0.0,0.4285714285714285,1.2857142857142858,0.4285714285714285
12,1631199,5.277777777777778,0.3148888888888889,0.1481111111111111,0.1111111111111111,0.1111111111111111,0.3333333333333333,0.4444444444444444,0.7777777777777778,0.4444444444444444,0.0,0.0,0.1111111111111111,0.3333333333333333,2.2222222222222223,2.111111111111111
13,1631132,13.824022988505746,0.4520172413793103,0.0172413793103448,0.6379310344827587,0.2471206896551724,1.4482758620689655,1.5,2.9482758620689653,0.5344827586206896,0.3448275862068966,0.3620689655172414,0.9827586206896552,2.206896551724138,3.1379310344827585,2.689655172413793
14,1631109,19.255232558139536,0.6166511627906976,0.0,1.558139534883721,0.5189302325581395,2.1627906976744184,4.906976744186046,7.069767441860465,0.4186046511627907,0.9302325581395348,0.6511627906976745,1.0465116279069768,2.186046511627907,9.0,-1.837209302325581
15,1631311,4.529166666666667,0.25,0.25,1.0,0.3125,0.25,0.5,0.75,0.5,1.25,0.25,0.0,0.0,2.5,1.5
16,1631172,14.582307692307694,0.3272051282051282,0.2025641025641025,0.3846153846153846,0.1679487179487179,0.4871794871794871,2.2051282051282053,2.6923076923076925,1.1794871794871795,0.6666666666666666,0.358974358974359,0.1794871794871795,1.0769230769230769,4.948717948717949,1.0
17,1631320,3.965833333333333,0.5,0.0,0.0,0.0,1.0,0.0,1.0,0.5,1.0,0.0,0.0,1.0,1.0,-4.5
18,1631466,25.313333333333333,0.6032,0.5,0.4,0.2,2.0,1.0,3.0,2.0,0.8,0.6,0.4,2.6,10.6,-7.6
19,1631495,2.125,0.25,0.0,0.0,0.0,0.0,1.0,1.0,0.0,0.0,0.0,0.0,0.0,2.0,3.0
20,1641645,12.578333333333331,0.4455,0.0,0.4,0.1333,1.6,2.2,3.8,0.6,0.8,0.6,0.4,1.3,3.8,1.9
21,1631160,9.184444444444445,0.218,0.2036666666666666,0.7777777777777778,0.2036666666666666,0.3333333333333333,1.0,1.3333333333333333,1.2222222222222223,0.7777777777777778,0.1111111111111111,0.0,0.6666666666666666,3.111111111111111,-2.6666666666666665
22,1631165,4.428958333333333,0.19375,0.1979375,0.25,0.1041875,0.25,0.25,0.5,0.375,0.0625,0.3125,0.0625,0.625,1.5,-1.3125
23,1631105,24.92753731343284,0.631313432835821,0.0,1.4328358208955223,0.43,3.417910447761194,5.462686567164179,8.880597014925373,1.1194029850746268,1.373134328358209,0.6567164179104478,0.8805970149253731,2.716417910447761,9.134328358208956,-4.164179104477612
24,1630534,20.49502824858757,0.3786610169491525,0.2887627118644068,0.9491525423728814,0.2949152542372881,0.7288135593220338,1.3220338983050848,2.0508474576271185,1.1355932203389831,0.6949152542372882,0.2711864406779661,0.2542372881355932,1.6779661016949152,7.915254237288136,-0.3220338983050847
25,1631104,18.082567567567565,0.3115405405405406,0.3171351351351351,0.7027027027027027,0.2842432432432432,0.3243243243243243,1.891891891891892,2.216216216216216,2.6486486486486487,1.7567567567567568,0.6756756756756757,0.1351351351351351,1.8108108108108107,4.972972972972973,-5.351351351351352
26,1631103,23.47873737373737,0.4252272727272727,0.2980757575757576,0.8787878787878788,0.303,0.4242424242424242,2.3181818181818183,2.742424242424242,1.9242424242424243,1.1515151515151516,0.5,0.106060606060606,1.7424242424242424,10.196969696969695,-5.515151515151516
27,1630548,12.90277777777778,0.3634444444444444,0.2157222222222222,0.1111111111111111,0.0555555555555555,0.4444444444444444,1.7222222222222223,2.1666666666666665,0.4444444444444444,0.1666666666666666,0.2222222222222222,0.1666666666666666,0.7222222222222222,4.833333333333333,-4.833333333333333
28,1630284,13.442598039215683,0.3433529411764706,0.1981764705882353,0.9117647058823528,0.3124117647058823,0.8235294117647058,1.2352941176470589,2.0588235294117645,0.4705882352941176,0.6176470588235294,0.5,0.1470588235294117,1.5588235294117647,4.147058823529412,0.0
29,1631100,19.464375,0.4582083333333333,0.3865416666666667,0.5833333333333334,0.2870416666666667,0.5138888888888888,1.6111111111111112,2.125,1.0138888888888888,0.5833333333333334,0.5833333333333334,0.1666666666666666,1.2083333333333333,8.875,0.875
30,1631101,22.232541666666663,0.4610875,0.322075,0.9375,0.3492375,0.7875,2.1625,2.95,1.175,1.0375,0.475,0.3,1.7,9.8625,-3.7125
31,1630590,5.252777777777777,0.2833333333333333,0.0833333333333333,0.8333333333333334,0.4166666666666667,0.3333333333333333,0.3333333333333333,0.6666666666666666,0.3333333333333333,0.3333333333333333,0.3333333333333333,0.1666666666666666,0.5,2.333333333333333,-0.1666666666666666
32,1631107,13.630333333333336,0.3611333333333333,0.2166,1.2,0.3266666666666667,0.6,1.4666666666666666,2.066666666666667,0.6666666666666666,0.6666666666666666,0.4666666666666667,0.1333333333333333,1.2666666666666666,5.466666666666667,-1.0666666666666669
33,1631323,14.727147435897434,0.3001730769230769,0.2771153846153846,0.6730769230769231,0.1903846153846154,0.5961538461538461,1.0576923076923077,1.6538461538461535,0.8076923076923077,0.75,0.2884615384615384,0.1538461538461538,1.1923076923076923,6.307692307692308,-3.942307692307693
34,1631106,21.551463414634146,0.448390243902439,0.3085243902439024,1.329268292682927,0.440390243902439,2.3780487804878048,3.670731707317073,6.048780487804878,1.0731707317073171,1.2317073170731707,1.170731707317073,0.573170731707317,2.304878048780488,9.268292682926829,-1.9146341463414636
35,1631367,40.78333333333333,0.333,0.333,0.0,0.0,0.0,4.0,4.0,7.0,2.0,3.0,0.0,3.0,3.0,-13.0
36,1631169,6.414888888888888,0.3825333333333333,0.1333333333333333,0.5333333333333333,0.2666666666666666,0.3333333333333333,1.3333333333333333,1.6666666666666667,0.3333333333333333,0.2,0.2666666666666666,0.4,0.6666666666666666,3.066666666666667,1.6
37,1630696,10.561777777777776,0.2714,0.1888666666666666,0.2,0.1333333333333333,0.1333333333333333,1.4666666666666666,1.6,1.4666666666666666,0.2,0.6666666666666666,0.2666666666666666,1.5333333333333334,2.933333333333333,-1.8666666666666667
38,1631102,13.958494623655913,0.2974838709677419,0.1474516129032258,0.3225806451612903,0.1398064516129032,0.064516129032258,1.3870967741935485,1.4516129032258065,1.5161290322580645,0.4516129032258064,0.4838709677419355,0.064516129032258,0.935483870967742,4.67741935483871,-1.5161290322580645
39,1631128,15.541315789473682,0.4062763157894736,0.2254342105263157,0.5263157894736842,0.2364078947368421,0.631578947368421,1.75,2.381578947368421,0.7763157894736842,0.4605263157894737,0.5394736842105263,0.2236842105263158,1.3289473684210529,4.7368421052631575,-1.5
40,1631245,14.953703703703704,0.4487777777777777,0.1111111111111111,1.8888888888888888,0.4555555555555555,0.2222222222222222,0.6666666666666666,0.8888888888888888,1.6666666666666667,0.4444444444444444,0.4444444444444444,0.1111111111111111,1.1111111111111112,6.222222222222222,-1.8888888888888888
41,1630554,8.840595238095238,0.3769285714285714,0.1928571428571428,0.0,0.0,0.1428571428571428,1.4285714285714286,1.5714285714285714,1.9285714285714288,0.7142857142857143,0.1428571428571428,0.0,0.5,2.9285714285714284,-0.7857142857142857
42,1631246,6.972666666666667,0.3079333333333333,0.1713999999999999,0.1333333333333333,0.0666666666666666,0.2666666666666666,0.7333333333333333,1.0,0.2666666666666666,0.3333333333333333,0.4,0.1333333333333333,0.8,2.0,-2.2666666666666666
43,1630702,14.758125,0.4111875,0.2987083333333333,1.3541666666666667,0.3850833333333334,0.2291666666666666,1.625,1.8541666666666667,1.3541666666666667,0.9583333333333334,0.3541666666666667,0.1458333333333333,1.3333333333333333,8.75,-0.6666666666666666
44,1630701,1.0333333333333334,0.0,0.0,0.0,0.0,0.0,0.0,0.0,0.0,0.0,0.0,0.0,0.0,0.0,-2.0
45,1631217,8.886212121212122,0.416,0.0227272727272727,0.4545454545454545,0.2007727272727272,1.4090909090909092,0.8636363636363636,2.272727272727273,0.1818181818181818,0.4090909090909091,0.3181818181818182,0.3636363636363636,0.6818181818181818,2.6818181818181817,-1.0
46,1631117,23.01630630630631,0.6941351351351351,0.0135135135135135,1.108108108108108,0.3517432432432432,3.121621621621621,5.256756756756757,8.378378378378379,0.9324324324324323,0.7837837837837838,0.3513513513513513,2.3378378378378377,2.283783783783784,9.175675675675675,0.972972972972973
47,1630564,35.083333333333336,0.5,0.4,2.0,1.0,3.0,6.0,9.0,7.0,4.0,0.0,1.0,5.0,16.0,-14.0
48,1631222,11.836761904761904,0.2610571428571429,0.1995142857142857,0.2,0.1142857142857142,0.5428571428571428,1.2571428571428571,1.8,0.6,0.5142857142857142,0.3428571428571428,0.1142857142857142,1.4,3.0,-2.2285714285714286
49,1631220,2.32,0.2666,0.0,0.0,0.0,0.2,0.0,0.2,0.0,0.0,0.0,0.0,0.2,0.8,2.0
50,1631219,11.636929824561404,0.1539473684210526,0.1026842105263158,0.1578947368421052,0.1052631578947368,0.1578947368421052,0.7368421052631579,0.8947368421052632,0.5789473684210527,0.0526315789473684,0.3684210526315789,0.4736842105263157,1.1578947368421053,2.3684210526315788,-3.684210526315789
51,1631223,17.978595238095238,0.4042571428571428,0.2736285714285714,0.5857142857142857,0.2512,0.7142857142857143,2.0428571428571427,2.757142857142857,0.8428571428571429,0.8142857142857143,0.4142857142857143,0.2714285714285714,1.5285714285714285,6.6571428571428575,-0.8714285714285714
52,1631123,14.107666666666669,0.2666,0.1,0.2,0.1,0.2,1.0,1.2,0.8,0.8,0.8,0.4,1.2,3.0,-3.4
53,1631230,14.555892857142856,0.5171785714285714,0.0,0.6428571428571429,0.2338214285714285,1.6428571428571428,2.0,3.642857142857143,0.8571428571428571,0.5357142857142857,0.3571428571428571,0.6785714285714286,2.0,3.928571428571429,-3.857142857142857
54,1630639,7.217888888888889,0.3777999999999999,0.2999333333333334,0.1333333333333333,0.08,0.4,1.0,1.4,0.1333333333333333,0.2,0.1333333333333333,0.0,0.7333333333333333,3.733333333333333,-3.066666666666667
55,1631119,18.6562925170068,0.4128775510204082,0.3479795918367347,0.7755102040816326,0.3054489795918367,0.8979591836734694,4.020408163265306,4.918367346938775,1.5510204081632653,0.7551020408163265,0.5714285714285714,0.2448979591836734,2.26530612244898,5.877551020408164,-1.836734693877551
56,1631120,5.475555555555555,0.2221666666666666,0.1110833333333333,0.0833333333333333,0.0416666666666666,0.1666666666666666,0.5833333333333334,0.75,0.9166666666666666,0.3333333333333333,0.1666666666666666,0.1666666666666666,0.4166666666666667,1.5833333333333333,-0.5
57,1631097,28.49205128205128,0.4211410256410257,0.2923589743589743,4.82051282051282,0.7333333333333334,1.1153846153846154,2.9615384615384617,4.076923076923077,1.4871794871794872,1.948717948717949,0.6153846153846154,0.1666666666666666,2.076923076923077,16.692307692307693,-2.2948717948717947
58,1630620,6.245833333333334,0.48825,0.2085,0.5,0.25,0.25,1.25,1.5,0.25,0.0,0.0,0.25,0.5,3.75,0.25
59,1631213,4.09625,0.3735,0.0625,0.125,0.0625,0.3125,0.4375,0.75,0.125,0.125,0.0625,0.0,0.125,1.3125,0.0625
60,1631112,6.715833333333333,0.3888333333333333,0.0,0.1666666666666666,0.0833333333333333,0.3333333333333333,0.6666666666666666,1.0,0.5,0.3333333333333333,0.6666666666666666,0.0,1.5,1.5,0.6666666666666666
61,1631212,8.091811594202898,0.4045652173913043,0.1666521739130435,0.4782608695652174,0.0993478260869565,0.3478260869565217,1.2608695652173914,1.608695652173913,0.4782608695652174,0.3478260869565217,0.0869565217391304,0.4782608695652174,0.6086956521739131,3.260869565217391,-2.0434782608695654
62,1631211,2.68,0.1666666666666666,0.1666666666666666,0.0,0.0,0.0,0.6666666666666666,0.6666666666666666,0.0,0.0,0.0,0.0,0.0,1.0,-6.0
63,1631111,5.264080459770115,0.2902413793103448,0.0229655172413793,0.1379310344827586,0.0689655172413793,0.1379310344827586,0.4827586206896552,0.6206896551724138,0.6206896551724138,0.2758620689655172,0.2758620689655172,0.1724137931034483,0.4482758620689655,1.4482758620689655,-1.827586206896552
64,1630600,7.02,0.2985833333333333,0.1389166666666666,0.3333333333333333,0.1666666666666666,0.3333333333333333,1.3333333333333333,1.6666666666666667,0.25,0.0833333333333333,0.3333333333333333,0.25,0.6666666666666666,2.583333333333333,2.583333333333333
65,1631288,13.335925925925926,0.5370555555555555,0.1527777777777778,0.9444444444444444,0.3148333333333333,0.8333333333333334,2.055555555555556,2.888888888888889,0.6666666666666666,0.3333333333333333,0.6111111111111112,0.0555555555555555,1.1666666666666667,5.444444444444445,1.2222222222222223
66,1630649,2.1166666666666667,0.0,0.0,2.0,1.0,0.0,0.0,0.0,0.0,0.0,1.0,1.0,0.0,2.0,3.0
67,1631298,3.884313725490196,0.2058823529411764,0.1176470588235294,0.1176470588235294,0.088235294117647,0.3529411764705882,0.6470588235294118,1.0,0.2352941176470588,0.1176470588235294,0.1764705882352941,0.1176470588235294,0.5294117647058824,1.2352941176470589,-1.0
68,1631110,26.030357142857145,0.4508571428571429,0.2059821428571428,1.4464285714285714,0.4724464285714286,1.6964285714285714,3.571428571428572,5.267857142857143,2.5357142857142856,1.7321428571428572,0.7678571428571429,0.4107142857142857,2.4642857142857144,10.964285714285714,-4.196428571428571
69,1631095,31.01957805907173,0.4094556962025316,0.2810126582278481,2.050632911392405,0.585632911392405,1.5443037974683544,5.658227848101266,7.2025316455696204,1.2784810126582278,1.3164556962025316,0.5443037974683544,0.9367088607594936,2.873417721518988,12.78481012658228,-7.025316455696203
70,1631260,9.855714285714283,0.2605428571428571,0.2495428571428571,0.1142857142857142,0.0857142857142857,0.1714285714285714,1.1142857142857143,1.2857142857142858,0.6285714285714286,0.2571428571428571,0.1714285714285714,0.0,0.8857142857142857,4.4,-0.7428571428571429
71,1631094,33.74615740740741,0.4230138888888889,0.2651388888888888,5.472222222222222,0.7258888888888889,1.1666666666666667,5.736111111111111,6.902777777777778,3.736111111111111,2.7777777777777777,0.8333333333333334,0.5416666666666666,2.2222222222222223,19.95833333333333,-2.986111111111111
72,1631116,7.285322580645161,0.2374838709677419,0.2309032258064516,0.1290322580645161,0.064516129032258,0.032258064516129,1.2580645161290325,1.2903225806451613,0.3548387096774194,0.3548387096774194,0.1935483870967742,0.1290322580645161,0.4516129032258064,3.935483870967742,-1.6451612903225807
73,1631115,13.714516129032257,0.4229354838709677,0.0,0.7096774193548387,0.2741935483870967,1.5483870967741935,2.5161290322580645,4.064516129032258,0.8064516129032258,0.5161290322580645,0.3870967741935484,0.3870967741935484,1.7096774193548387,3.741935483870968,0.8709677419354839
74,1631254,7.331597222222222,0.4049583333333333,0.1875,0.6666666666666666,0.1944583333333333,0.7916666666666666,1.3333333333333333,2.125,0.8333333333333334,0.5,0.2083333333333333,0.0833333333333333,1.1666666666666667,5.0,-2.0
75,1630700,17.66313559322034,0.3366101694915254,0.239271186440678,0.4406779661016949,0.2090508474576271,0.6101694915254238,2.5762711864406778,3.1864406779661016,2.2711864406779663,0.9661016949152542,0.7288135593220338,0.1864406779661017,1.6779661016949152,3.847457627118644,-0.1186440677966101
76,1631214,5.266666666666667,0.0,0.0,0.0,0.0,0.0,1.0,1.0,0.0,2.0,0.0,0.0,1.0,0.0,-5.0
77,1630699,13.488108974358974,0.3429615384615384,0.2608076923076923,0.5192307692307693,0.1701923076923077,0.7307692307692307,1.4807692307692308,2.2115384615384617,0.6730769230769231,0.8653846153846154,0.4038461538461538,0.1346153846153846,1.3461538461538465,5.115384615384615,-1.9038461538461535
78,1631114,30.34122222222222,0.5112666666666666,0.3304266666666666,2.066666666666667,0.6092266666666667,1.12,3.373333333333333,4.493333333333333,3.306666666666666,1.64,1.3733333333333333,0.4666666666666667,2.546666666666667,14.08,-0.7066666666666667
79,1631113,7.819675925925925,0.2911388888888889,0.0161944444444444,0.1666666666666666,0.0694444444444444,0.25,0.8055555555555556,1.0555555555555556,1.6111111111111112,0.5,0.3333333333333333,0.1388888888888889,0.4166666666666667,2.1666666666666665,-1.1388888888888888
80,1631093,31.13941441441441,0.4162567567567568,0.3507837837837838,3.5945945945945947,0.6970540540540541,0.9864864864864864,2.9054054054054053,3.891891891891892,5.22972972972973,3.202702702702702,0.8243243243243243,0.2297297297297297,3.27027027027027,16.27027027027027,-8.675675675675675
81,1630577,18.83147058823529,0.4082941176470588,0.3265882352941177,0.8235294117647058,0.2529411764705882,0.5882352941176471,2.9411764705882355,3.5294117647058822,0.5882352941176471,0.6470588235294118,0.3529411764705882,0.2941176470588235,1.5294117647058822,9.705882352941176,-4.352941176470588
82,1631216,15.925294117647056,0.3360392156862745,0.2997058823529411,0.2941176470588235,0.1137254901960784,0.6666666666666666,1.2745098039215683,1.9411764705882355,0.5882352941176471,0.3529411764705882,0.2352941176470588,0.1372549019607843,1.2352941176470589,3.784313725490196,-1.6470588235294117
83,1628435,20.78333333333333,0.6,0.0,1.0,0.25,2.0,1.0,3.0,0.0,0.0,0.0,1.0,0.0,7.0,-29.0
84,1629614,27.64708888888889,0.4441733333333333,0.3398533333333333,0.6533333333333333,0.3073333333333333,0.4666666666666667,2.1866666666666665,2.6533333333333333,4.546666666666667,1.68,0.9333333333333332,0.1733333333333333,2.3866666666666667,9.453333333333331,-3.506666666666667
