,PLAYER_ID,MIN,FG_PCT,FG3_PCT,FTM,FT_PCT,OREB,DREB,REB,AST,TOV,STL,BLK,PF,PTS,PLUS_MINUS
0,1641998,22.9594,0.4686,0.0,0.84,0.44,2.56,2.8,5.36,1.08,1.36,0.48,1.12,2.76,6.84,-4.4
1,1631096,29.424349593495933,0.5257439024390244,0.3510975609756097,2.658536585365854,0.6555731707317073,1.5731707317073171,6.329268292682927,7.902439024390244,2.4390243902439024,1.5975609756097562,0.6463414634146342,2.317073170731707,2.402439024390244,16.548780487804876,5.158536585365853
2,1630604,2.885416666666667,0.041625,0.0,0.25,0.125,0.0,0.625,0.625,0.125,0.25,0.25,0.25,0.25,0.5,-0.5
3,1630592,15.454341085271317,0.472046511627907,0.248860465116279,0.8837209302325582,0.3023255813953488,1.0930232558139534,1.9534883720930232,3.046511627906977,1.0465116279069768,0.4418604651162791,0.2558139534883721,0.0930232558139534,1.1162790697674418,4.976744186046512,-0.0930232558139534
4,1629618,4.510679012345679,0.3333333333333333,0.2284074074074074,0.1111111111111111,0.0555555555555555,0.037037037037037,0.4814814814814814,0.5185185185185185,0.7777777777777778,0.3333333333333333,0.1481481481481481,0.0,0.4814814814814814,1.5555555555555556,-0.037037037037037
5,1630658,3.6925,0.3645625,0.0,0.375,0.1875,0.375,0.375,0.75,0.1875,0.1875,0.125,0.0,0.6875,1.5,-2.75
6,1630641,10.264469696969696,0.3363636363636363,0.0,0.2727272727272727,0.1363636363636363,0.9090909090909092,1.4090909090909092,2.3181818181818183,0.5909090909090909,0.6818181818181818,0.1363636363636363,0.9090909090909092,2.090909090909091,1.5454545454545454,-4.090909090909091
7,1630929,7.479166666666666,0.23225,0.125,0.25,0.125,0.25,0.75,1.0,1.0,0.5,0.5,0.25,1.5,2.75,1.5
8,1630608,2.583333333333333,0.0,0.0,0.0,0.0,0.0,0.0,0.0,0.0,0.0,0.0,0.0,0.0,0.0,5.0
9,1630611,8.351739130434783,0.4445652173913043,0.2695652173913043,0.6956521739130435,0.3260869565217391,0.7391304347826086,1.391304347826087,2.130434782608696,0.6086956521739131,0.3043478260869565,0.1739130434782608,0.0869565217391304,1.0,3.565217391304348,0.6956521739130435
10,1630703,28.47408602150537,0.3903709677419354,0.3120967741935484,2.693548387096774,0.7091129032258066,0.8548387096774194,2.274193548387097,3.129032258064516,5.419354838709677,3.419354838709677,0.7741935483870968,0.2096774193548387,3.1451612903225805,14.0,-7.983870967741935
11,1630618,8.883333333333333,0.45825,0.125,1.0,0.625,0.5,0.5,1.0,0.75,0.25,0.25,0.0,0.75,2.75,-7.75
12,1630622,2.65,0.0,0.0,0.0,0.0,0.0,0.0,0.0,0.0,0.0,0.0,0.0,0.0,0.0,1.0
13,1641709,25.123888888888885,0.4694761904761905,0.1209365079365079,1.126984126984127,0.3683333333333333,2.0476190476190474,4.333333333333333,6.380952380952381,1.9047619047619049,1.3333333333333333,1.0793650793650793,0.9365079365079364,2.7777777777777777,8.825396825396826,-3.6666666666666665
14,1641710,16.872608695652175,0.3795507246376811,0.2103768115942029,0.7101449275362319,0.2825942028985507,0.4782608695652174,1.536231884057971,2.0144927536231885,1.318840579710145,0.8115942028985508,0.5072463768115942,0.3043478260869565,1.5942028985507246,4.579710144927536,-0.4782608695652174
15,1641711,21.127805555555558,0.3940166666666667,0.30005,0.7333333333333333,0.2827333333333333,0.45,1.75,2.2,1.1333333333333333,0.8333333333333334,0.5666666666666667,0.0333333333333333,1.45,8.5,-6.3
16,1641712,16.236538461538462,0.3010769230769231,0.2239743589743589,0.4871794871794871,0.2564102564102564,0.6153846153846154,1.7435897435897436,2.358974358974359,1.5897435897435896,0.7948717948717948,0.3076923076923077,0.0769230769230769,1.435897435897436,3.9743589743589753,-3.1794871794871797
17,1641713,25.6909375,0.3987708333333333,0.3178958333333333,2.395833333333333,0.5829375,1.1041666666666667,2.9791666666666665,4.083333333333333,1.2291666666666667,1.3541666666666667,0.5833333333333334,0.5,1.3333333333333333,14.5625,-4.041666666666667
18,1641715,18.730496453900702,0.4360212765957446,0.3419574468085106,1.6170212765957446,0.4499999999999999,0.9361702127659576,2.893617021276596,3.8297872340425534,0.7021276595744681,0.9787234042553192,0.6382978723404256,0.3617021276595745,1.3617021276595744,12.319148936170214,-0.5957446808510638
19,1641716,10.315858585858589,0.2724545454545454,0.2204848484848484,0.2424242424242424,0.1136363636363636,0.3636363636363636,1.5454545454545454,1.9090909090909087,1.2121212121212122,0.5151515151515151,0.4545454545454545,0.3333333333333333,0.8787878787878788,3.636363636363636,0.5757575757575758
20,1641717,20.63319105691057,0.4825,0.3986585365853658,0.3536585365853658,0.1829268292682926,0.6341463414634146,1.646341463414634,2.2804878048780486,1.4634146341463414,0.5487804878048781,0.926829268292683,0.4512195121951219,1.5731707317073171,6.841463414634147,1.548780487804878
21,1641718,26.967688888888887,0.37604,0.3143866666666666,2.52,0.60644,0.2,2.6133333333333333,2.813333333333333,4.426666666666667,2.506666666666667,0.48,0.0933333333333333,1.2133333333333334,12.986666666666666,-4.986666666666666
22,1641720,5.18968253968254,0.2039523809523809,0.0476190476190476,0.5714285714285714,0.238095238095238,0.0952380952380952,0.5238095238095238,0.6190476190476191,0.3809523809523809,0.4285714285714285,0.1428571428571428,0.0952380952380952,0.6190476190476191,1.619047619047619,-2.571428571428572
23,1641721,3.024264705882353,0.0735294117647058,0.0147058823529411,0.0588235294117647,0.0196176470588235,0.0588235294117647,0.0588235294117647,0.1176470588235294,0.1764705882352941,0.2941176470588235,0.0588235294117647,0.0294117647058823,0.1470588235294117,0.3235294117647059,-2.147058823529412
24,1641722,17.322089552238804,0.3493283582089552,0.3208358208955224,1.0,0.3111940298507463,0.4328358208955223,1.7761194029850746,2.208955223880597,1.044776119402985,0.5970149253731343,0.2835820895522388,0.1044776119402985,1.0746268656716418,7.82089552238806,0.1791044776119403
25,1641723,11.529607843137256,0.3620588235294117,0.1921176470588235,0.2352941176470588,0.0980588235294117,0.3529411764705882,1.588235294117647,1.9411764705882355,1.588235294117647,0.5882352941176471,0.4117647058823529,0.2941176470588235,1.1764705882352942,4.764705882352941,-2.0588235294117645
26,1641724,3.6953703703703695,0.3287222222222222,0.2916666666666667,0.1111111111111111,0.0555555555555555,0.0555555555555555,0.3333333333333333,0.3888888888888889,0.3333333333333333,0.1666666666666666,0.1111111111111111,0.1111111111111111,0.2222222222222222,1.6111111111111112,0.2222222222222222
27,1641726,23.53239393939394,0.7064727272727273,0.0,0.7454545454545455,0.2567636363636363,2.4545454545454546,4.418181818181818,6.872727272727273,1.0909090909090908,0.9090909090909092,0.6545454545454545,1.4,2.618181818181818,8.781818181818181,2.618181818181818
28,1641708,22.395672043010755,0.5114193548387097,0.0775645161290322,1.7096774193548387,0.4877903225806451,2.3870967741935485,4.209677419354839,6.596774193548387,2.629032258064516,1.4516129032258065,1.2580645161290325,0.6129032258064516,2.274193548387097,9.548387096774194,0.7258064516129032
29,1641707,21.410791666666665,0.430825,0.376725,0.575,0.242925,1.15,3.475,4.625,0.8,0.675,0.7,0.75,1.925,7.3,-3.75
30,1641706,32.2022072072072,0.4403648648648649,0.3604054054054054,1.9324324324324325,0.6092432432432433,0.8108108108108109,3.445945945945946,4.256756756756757,2.364864864864865,1.7837837837837838,0.8918918918918919,0.5675675675675675,2.4864864864864864,17.283783783783782,-6.891891891891892
31,1641705,29.665281690140848,0.4638591549295774,0.3124929577464789,4.112676056338028,0.7370563380281691,2.267605633802817,8.366197183098592,10.633802816901408,3.859154929577465,3.661971830985916,1.2394366197183098,3.5774647887323945,2.1549295774647885,21.43661971830986,-2.014084507042253
32,1631321,11.743194444444445,0.2844166666666667,0.02775,1.0,0.3511666666666667,0.6666666666666666,1.1666666666666667,1.8333333333333333,0.8333333333333334,0.25,0.5833333333333334,0.25,1.5,3.75,2.083333333333333
33,1641727,11.991666666666664,0.1,0.0,0.5,0.25,0.0,2.0,2.0,1.5,0.0,0.0,0.5,0.0,1.5,-11.0
34,1631338,10.90378787878788,0.3095454545454545,0.0,0.3636363636363636,0.2045454545454545,1.0909090909090908,1.0,2.090909090909091,0.4545454545454545,1.0909090909090908,0.2727272727272727,1.6363636363636365,1.3636363636363635,2.363636363636364,-7.272727272727272
35,1631376,1.0666666666666669,0.0,0.0,0.0,0.0,0.0,0.0,0.0,0.0,0.0,0.0,0.0,0.0,0.0,0.0
36,1631386,10.083333333333332,0.58925,0.05,0.25,0.125,1.0,1.0,2.0,1.25,0.75,0.5,0.0,1.0,4.5,-5.5
37,1641729,18.261354166666667,0.33353125,0.2540625,1.15625,0.36875,0.5,2.6875,3.1875,1.71875,1.46875,0.40625,0.1875,1.34375,7.53125,-5.40625
38,1641730,16.080797101449274,0.3928260869565217,0.1847826086956521,0.9130434782608696,0.2940869565217391,1.1304347826086956,2.391304347826087,3.5217391304347827,0.782608695652174,0.6521739130434783,0.3478260869565217,0.6956521739130435,1.0869565217391304,5.782608695652174,-2.347826086956522
39,1641731,27.226190476190474,0.4478253968253968,0.3231111111111111,1.4603174603174602,0.4814285714285714,0.8888888888888888,3.1746031746031744,4.063492063492063,1.746031746031746,1.380952380952381,0.9047619047619048,0.7619047619047619,2.1746031746031744,8.444444444444445,-6.650793650793651
40,1641775,9.274814814814814,0.3611111111111111,0.0741111111111111,0.1111111111111111,0.0555555555555555,0.5555555555555556,1.6666666666666667,2.2222222222222223,0.5555555555555556,0.3333333333333333,0.5555555555555556,0.1111111111111111,1.2222222222222223,1.6666666666666667,5.222222222222222
41,1641778,10.926217948717948,0.3777307692307692,0.2115384615384615,0.3846153846153846,0.1826923076923076,0.3461538461538461,1.5,1.8461538461538465,0.9230769230769232,0.2307692307692307,0.3076923076923077,0.4230769230769231,0.7307692307692307,2.6538461538461537,-1.0384615384615383
42,1641787,21.56343137254902,0.509764705882353,0.337235294117647,1.0,0.2990588235294117,1.0588235294117647,2.4705882352941178,3.5294117647058822,0.9411764705882352,0.5294117647058824,0.3529411764705882,0.2941176470588235,1.3529411764705883,5.941176470588236,-7.529411764705882
43,1641788,6.702777777777778,0.2593333333333333,0.0555,0.3333333333333333,0.1666666666666666,0.6666666666666666,0.1666666666666666,0.8333333333333334,0.0,0.3333333333333333,0.5,0.0,0.3333333333333333,2.5,-6.5
44,1641793,5.891904761904762,0.238,0.1904285714285714,0.1428571428571428,0.0714285714285714,0.0,0.0,0.0,0.7142857142857143,0.1428571428571428,0.1428571428571428,0.1428571428571428,0.5714285714285714,2.0,-5.0
45,1641806,3.5166666666666666,0.0,0.0,2.0,1.0,2.0,0.0,2.0,2.0,0.0,1.0,0.0,0.0,2.0,4.0
46,1641809,7.561111111111111,0.5833333333333334,0.5556666666666666,0.0,0.0,0.0,0.3333333333333333,0.3333333333333333,0.3333333333333333,0.3333333333333333,0.6666666666666666,0.0,0.3333333333333333,3.6666666666666665,2.6666666666666665
47,1641774,15.341166666666666,0.3036999999999999,0.2153,1.7,0.4278,0.6,3.0,3.6,1.3,1.0,0.5,0.7,2.8,8.5,3.2
48,1641816,2.66537037037037,0.2685,0.1666666666666666,0.0,0.0,0.0555555555555555,0.4444444444444444,0.5,0.1111111111111111,0.1111111111111111,0.0555555555555555,0.0,0.5555555555555556,1.1111111111111112,0.4444444444444444
49,1641851,25.09033333333333,0.25,0.0,0.2,0.1,0.8,2.6,3.4,1.0,0.4,0.8,0.0,3.6,2.6,-13.0
50,1641854,12.732450980392157,0.3739607843137255,0.1140392156862745,0.803921568627451,0.3477254901960784,0.4117647058823529,1.7254901960784317,2.1372549019607843,2.313725490196078,0.8823529411764706,0.4117647058823529,0.2941176470588235,0.7843137254901961,5.588235294117647,-0.4901960784313725
51,1641871,17.854632352941177,0.4533823529411765,0.3615147058823529,1.0147058823529411,0.3974117647058823,1.3676470588235294,2.3088235294117645,3.676470588235294,0.9852941176470588,0.7647058823529411,0.4852941176470588,0.5588235294117647,2.367647058823529,9.073529411764708,-2.764705882352941
52,1641877,12.265666666666666,0.3,0.0,0.36,0.18,1.16,1.44,2.6,0.36,0.56,0.24,0.56,2.56,1.32,-5.32
53,1641926,7.466666666666666,0.3067499999999999,0.08325,0.25,0.125,0.25,2.0,2.25,1.0,0.75,0.0,0.25,0.25,5.5,-2.25
54,1641931,11.6518115942029,0.3165217391304348,0.1840869565217391,0.1739130434782608,0.108695652173913,0.2608695652173913,1.1304347826086956,1.391304347826087,0.5652173913043478,0.4347826086956521,0.1304347826086956,0.0869565217391304,1.0434782608695652,3.4782608695652173,-1.9565217391304348
55,1641970,17.376190476190477,0.508,0.2142857142857142,1.0,0.3214285714285714,1.5714285714285714,3.7142857142857135,5.285714285714286,0.2857142857142857,0.7142857142857143,0.8571428571428571,0.5714285714285714,1.4285714285714286,6.857142857142857,1.2857142857142858
56,1641847,2.68,0.0,0.0,0.0,0.0,0.0,0.0,0.0,0.0,0.0,0.2,0.2,0.0,0.0,0.8
57,1641771,3.0812500000000003,0.1805833333333333,0.0,0.0,0.0,0.0833333333333333,0.5,0.5833333333333334,0.1666666666666666,0.1666666666666666,0.0833333333333333,0.0833333333333333,0.6666666666666666,0.6666666666666666,-0.5
58,1641766,7.306851851851852,0.316,0.0,0.8888888888888888,0.1482222222222222,2.111111111111111,1.8888888888888888,4.0,0.0,0.5555555555555556,0.1111111111111111,0.0,0.5555555555555556,4.0,3.7777777777777777
59,1641732,6.391222222222223,0.2728333333333333,0.0139,0.2,0.1,0.5666666666666667,0.7666666666666667,1.3333333333333333,0.6666666666666666,0.3333333333333333,0.2333333333333333,0.1666666666666666,0.9666666666666668,2.1333333333333333,0.3
60,1641733,14.28843137254902,0.4117647058823529,0.3897058823529412,0.2549019607843137,0.0857843137254902,0.3529411764705882,1.0588235294117647,1.411764705882353,1.156862745098039,0.7647058823529411,0.196078431372549,0.1372549019607843,1.0784313725490196,5.921568627450981,-3.803921568627451
61,1641734,8.854333333333333,0.1702666666666666,0.1755333333333333,0.0666666666666666,0.0333333333333333,0.0666666666666666,0.8666666666666667,0.9333333333333332,0.6666666666666666,0.5333333333333333,0.0666666666666666,0.1333333333333333,0.3333333333333333,2.7333333333333334,-5.6
62,1641735,6.463333333333333,0.1899,0.05,0.6,0.25,0.6,0.3,0.9,0.7,0.4,0.3,0.0,0.2,2.3,0.5
63,1641738,8.954507575757576,0.28125,0.1552727272727272,0.0227272727272727,0.0113636363636363,0.4545454545454545,0.9545454545454546,1.4090909090909092,0.5681818181818182,0.2045454545454545,0.2727272727272727,0.1363636363636363,1.1136363636363635,2.022727272727273,-2.090909090909091
64,1641739,24.84742857142857,0.4593,0.2935857142857143,1.0714285714285714,0.4026285714285714,1.9857142857142855,2.914285714285714,4.9,1.2428571428571429,1.2,0.9428571428571428,0.4714285714285714,2.4857142857142858,7.528571428571428,-2.7
65,1641741,9.02,0.40396875,0.247375,1.65625,0.41171875,0.4375,1.0,1.4375,0.5,0.15625,0.25,0.03125,0.53125,5.40625,0.375
66,1641767,14.285263157894736,0.3056842105263158,0.2329649122807017,0.4035087719298245,0.2105263157894736,0.2631578947368421,1.2982456140350878,1.5614035087719298,0.9298245614035088,0.2631578947368421,0.5789473684210527,0.0350877192982456,1.543859649122807,4.421052631578948,1.2105263157894737
67,1641745,7.008333333333334,0.125,0.1665,0.0,0.0,0.0,0.0,0.0,2.0,0.0,0.0,0.0,0.0,1.5,0.0
68,1641749,7.355555555555556,0.1741111111111111,0.1111111111111111,0.0,0.0,0.4444444444444444,0.6666666666666666,1.1111111111111112,0.4444444444444444,0.4444444444444444,0.1111111111111111,0.0,0.5555555555555556,1.2222222222222223,-0.7777777777777778
69,1641753,4.311111111111111,0.2809523809523809,0.0476190476190476,0.1428571428571428,0.0714285714285714,0.1428571428571428,0.8571428571428571,1.0,0.238095238095238,0.238095238095238,0.0952380952380952,0.0,0.7142857142857143,1.238095238095238,-1.2857142857142858
70,1641754,5.775925925925926,0.238111111111111,0.1296666666666666,0.3333333333333333,0.1666666666666666,0.1111111111111111,0.6666666666666666,0.7777777777777778,0.0,0.1111111111111111,0.0,0.0,0.6666666666666666,1.5555555555555556,-1.4444444444444444
71,1641757,3.5239583333333333,0.416625,0.125,0.25,0.125,0.375,0.25,0.625,0.0,0.125,0.0,0.0,0.25,1.625,-1.625
72,1641763,8.06375,0.243325,0.125,0.325,0.141675,0.3,0.6,0.9,0.325,0.25,0.175,0.175,1.0,2.225,-0.1
73,1641764,26.598018018018017,0.4364594594594594,0.3457837837837837,0.6756756756756757,0.3042702702702702,1.5945945945945943,4.175675675675675,5.77027027027027,3.689189189189189,1.1891891891891893,0.8243243243243243,0.1891891891891892,1.648648648648649,9.216216216216216,3.5675675675675675
74,1641765,8.405291666666667,0.2463,0.10625,0.7,0.204975,0.625,1.35,1.975,0.55,0.2,0.175,0.1,0.5,3.025,-2.15
75,1641748,10.040847953216376,0.306298245614035,0.1532105263157895,0.1403508771929824,0.0789473684210526,0.7543859649122807,1.2280701754385963,1.9824561403508767,0.8771929824561403,0.4912280701754385,0.2807017543859649,0.1052631578947368,1.6140350877192982,2.192982456140351,-1.5614035087719298
76,1631159,3.0823529411764703,0.4019411764705882,0.1176470588235294,0.0588235294117647,0.0294117647058823,0.2941176470588235,0.8823529411764706,1.1764705882352942,0.4705882352941176,0.0588235294117647,0.1176470588235294,0.0588235294117647,0.2941176470588235,1.7058823529411764,0.4705882352941176
77,1631167,3.3833333333333333,0.4,0.0,0.0,0.0,1.0,1.0,2.0,0.0,0.0,0.0,0.0,0.0,4.0,3.0
78,1631170,28.175933333333337,0.48492,0.30468,1.893333333333333,0.5687866666666667,1.0933333333333333,2.7066666666666666,3.8,2.6,1.4666666666666666,1.0266666666666666,0.2666666666666666,2.2266666666666666,11.853333333333332,1.44
79,1631173,5.281041666666667,0.254875,0.229125,0.1875,0.09375,0.0,0.25,0.25,0.75,0.4375,0.5,0.0,0.5,3.25,-0.4375
80,1631131,5.239583333333333,0.6291249999999999,0.0,0.75,0.375,1.0,1.0,2.0,0.25,0.0,0.25,0.125,0.375,3.25,1.75
81,1631200,21.74631720430107,0.3357419354838709,0.2299032258064516,0.5967741935483871,0.2325322580645161,1.3709677419354838,2.2419354838709675,3.612903225806452,1.2903225806451613,0.8870967741935484,0.8548387096774194,0.3387096774193548,1.4838709677419355,6.064516129032258,-2.6451612903225805
82,1631124,10.9083,0.25226,0.1539,0.44,0.16,0.1,1.12,1.22,0.94,0.46,0.34,0.14,1.08,4.54,-2.06
83,1631204,19.029718309859152,0.4009295774647887,0.351056338028169,0.8169014084507042,0.2873239436619718,0.1549295774647887,1.6056338028169015,1.7605633802816902,3.323943661971831,1.267605633802817,0.6197183098591549,0.1690140845070422,1.4507042253521127,8.253521126760564,-3.5211267605633805
84,1631241,18.31992424242424,0.3442727272727273,0.1401363636363636,1.5,0.6272727272727273,0.7272727272727273,2.4545454545454546,3.1818181818181817,1.818181818181818,1.1363636363636365,0.4545454545454545,0.1818181818181818,1.2727272727272727,6.954545454545454,-7.227272727272727
85,1631243,12.133333333333333,0.1796666666666666,0.2778333333333333,0.8333333333333334,0.1388333333333333,1.6666666666666667,2.0,3.6666666666666665,0.6666666666666666,0.1666666666666666,0.8333333333333334,0.6666666666666666,2.1666666666666665,4.0,-6.833333333333333
86,1631257,4.295119047619047,0.3214285714285714,0.0,0.1428571428571428,0.0714285714285714,0.2142857142857142,0.7142857142857143,0.9285714285714286,0.2142857142857142,0.0,0.0714285714285714,0.1428571428571428,0.3571428571428571,1.4285714285714286,-0.9285714285714286
87,1631262,7.856578947368422,0.3769473684210526,0.281578947368421,0.2631578947368421,0.1842105263157894,0.5263157894736842,0.8421052631578947,1.368421052631579,0.8421052631578947,0.4210526315789473,0.1578947368421052,0.0526315789473684,0.7368421052631579,3.8947368421052633,1.368421052631579
88,1631250,3.41875,0.041625,0.125,0.0,0.0,0.0,0.375,0.375,0.0,0.125,0.125,0.0,0.25,0.375,-2.875
89,1631221,9.390208333333334,0.3608333333333333,0.2082916666666666,0.3333333333333333,0.15625,0.0416666666666666,0.8333333333333334,0.875,1.125,0.5833333333333334,0.5416666666666666,0.0,1.0,3.625,0.625
90,1631209,4.283333333333333,0.333,0.0,0.0,0.0,0.0,0.0,0.0,0.0,0.0,0.0,0.0,0.0,2.0,-5.0
91,1631210,4.2390740740740736,0.119,0.037,0.2222222222222222,0.1111111111111111,0.3333333333333333,0.4444444444444444,0.7777777777777778,0.3333333333333333,0.1111111111111111,0.0,0.1111111111111111,0.3333333333333333,1.4444444444444444,-1.7777777777777777
92,1631218,16.624289215686275,0.6241176470588234,0.0,1.088235294117647,0.3899117647058823,1.9852941176470589,3.0294117647058822,5.014705882352941,1.2058823529411764,0.7205882352941176,0.4264705882352941,1.1176470588235294,1.588235294117647,7.9411764705882355,0.4705882352941176
93,1628426,12.168412698412698,0.3855952380952381,0.3368095238095238,0.2857142857142857,0.1388809523809523,0.7142857142857143,1.5714285714285714,2.2857142857142856,0.4523809523809524,0.2857142857142857,0.4761904761904761,0.1666666666666666,1.0,5.357142857142857,0.0476190476190476
94,1630196,3.103333333333333,0.1666666666666666,0.0,0.3333333333333333,0.1666666666666666,0.0,0.3333333333333333,0.3333333333333333,0.0,0.0,0.0,0.0,0.3333333333333333,1.0,2.0
95,1630562,14.154791666666666,0.269875,0.29175,0.375,0.25,1.125,0.875,2.0,0.5,0.25,0.375,0.375,1.0,4.0,-1.5
96,1629232,7.433333333333334,0.0,0.0,0.0,0.0,0.0,1.0,1.0,0.0,0.0,0.0,0.0,0.0,0.0,-2.0
97,203995,19.5955,0.4120666666666667,0.2107,1.0166666666666666,0.36325,0.2333333333333333,1.2333333333333334,1.4666666666666666,4.366666666666666,1.65,0.5166666666666667,0.1166666666666666,1.1333333333333333,7.033333333333333,-1.2333333333333334
98,1630311,4.275,0.2221666666666666,0.0,0.0,0.0,0.3333333333333333,0.3333333333333333,0.6666666666666666,0.8333333333333334,0.1666666666666666,0.0,0.0,0.1666666666666666,0.6666666666666666,-1.0
99,1630259,3.636111111111111,0.2778333333333333,0.3333333333333333,0.3333333333333333,0.1666666666666666,0.0,0.3333333333333333,0.3333333333333333,0.3333333333333333,0.1666666666666666,0.0,0.0,0.0,2.0,2.333333333333333
100,1642013,15.215476190476192,0.1577142857142857,0.1428571428571428,0.0,0.0,2.142857142857143,3.2857142857142856,5.428571428571429,0.2857142857142857,0.4285714285714285,0.4285714285714285,0.5714285714285714,2.142857142857143,2.7142857142857144,-8.0
